0.035 0.859 0.390
0.524 0.385 0.677
0.480 0.918 0.768
0.264 0.960 0.967
0.315 0.707 0.833
0.972 0.079 0.609
0.919 0.307 0.512
0.441 0.059 0.404
0.304 0.714 0.575
0.703 0.368 0.994
0.374 0.018 0.224
0.900 0.186 0.667
0.687 0.805 0.050
0.376 0.470 0.998
0.642 0.244 0.303
0.283 0.740 0.163
0.652 0.707 0.835
0.780 0.713 0.454
0.649 0.990 0.871
0.830 0.083 0.290
0.236 0.635 0.819
0.809 0.413 0.950
0.862 0.095 0.295
0.552 0.279 0.864
0.624 0.328 0.070
0.984 0.570 0.735
0.302 0.601 0.548
0.593 0.702 0.056
0.801 0.377 0.810
0.321 0.221 0.009
0.595 0.820 0.952
0.456 0.855 0.361
0.397 0.311 0.260
0.794 0.347 0.695
0.491 0.906 0.687
0.381 0.868 0.612
0.450 0.053 0.836
0.801 0.300 0.190
0.113 0.148 0.495
0.265 0.822 0.118
0.504 0.168 0.023
0.175 0.559 0.191
0.490 0.207 0.676
0.483 0.667 0.842
0.086 0.967 0.212
0.648 0.025 0.078
0.217 0.521 0.655
0.527 0.835 0.414
0.245 0.062 0.985
0.177 0.365 0.838
