515.728 0.000 348.317 0.000 699.667 0.000 567.398 0.000
0.000 0.000 853.962 727.548 0.000 0.000 0.000 644.889
335.795 435.116 0.000 0.000 309.792 0.000 0.000 0.000
328.529 406.597 0.000 786.023 0.000 905.268 537.936 0.000
0.000 0.000 0.000 0.000 332.043 856.560 0.000 0.000
602.675 909.190 0.000 0.000 0.000 0.000 472.808 346.987
504.954 619.535 0.000 355.194 0.000 0.000 553.253 0.000
354.260 751.229 0.000 657.695 0.000 0.000 0.000 332.293
600.910 605.395 637.467 0.000 699.805 0.000 0.000 897.296
0.000 0.000 0.000 0.000 991.726 0.000 0.000 865.369
897.166 0.000 0.000 0.000 0.000 0.000 658.436 896.971
987.952 390.114 479.610 343.651 0.000 686.783 0.000 730.143
454.609 0.000 912.100 569.418 822.580 0.000 0.000 418.521
891.400 0.000 527.651 0.000 0.000 0.000 379.065 0.000
0.000 0.000 462.966 585.717 465.194 814.338 326.044 0.000
0.000 0.000 0.000 0.000 824.424 558.571 781.271 506.994
0.000 0.000 725.810 926.137 0.000 386.003 0.000 0.000
0.000 0.000 0.000 710.166 993.360 928.274 0.000 0.000
620.005 0.000 0.000 0.000 0.000 596.545 0.000 0.000
461.063 624.005 0.000 916.801 736.872 409.115 0.000 830.551
585.607 320.609 597.098 0.000 817.908 548.614 0.000 0.000
540.620 0.000 0.000 0.000 340.016 0.000 901.799 608.768
0.000 0.000 570.596 0.000 0.000 607.072 0.000 0.000
0.000 0.000 657.414 665.907 0.000 0.000 0.000 644.438
0.000 0.000 303.311 742.378 976.807 0.000 0.000 0.000
0.000 0.000 0.000 617.319 794.401 0.000 0.000 970.676
374.983 627.991 0.000 0.000 0.000 0.000 0.000 839.658
0.000 450.150 451.468 788.086 925.255 388.136 748.030 0.000
616.218 0.000 986.626 0.000 0.000 0.000 509.205 958.083
707.954 0.000 0.000 0.000 751.405 348.651 0.000 0.000
0.000 0.000 0.000 0.000 935.884 0.000 837.621 0.000
786.380 0.000 0.000 415.702 0.000 0.000 0.000 960.050
996.125 0.000 0.000 854.710 563.772 775.698 412.694 954.027
356.323 396.494 0.000 731.031 0.000 534.344 987.696 814.947
805.547 0.000 784.938 431.145 496.635 581.089 656.826 584.551
624.919 0.000 0.000 452.896 621.466 401.773 904.342 980.741
0.000 0.000 805.553 804.175 0.000 707.011 511.617 929.863
0.000 0.000 0.000 488.818 665.522 462.671 0.000 990.363
0.000 0.000 0.000 0.000 811.317 0.000 0.000 0.000
0.000 0.000 0.000 872.810 927.689 994.247 472.362 0.000
398.296 671.150 692.970 0.000 695.575 0.000 796.893 0.000
832.547 0.000 0.000 0.000 391.044 707.840 0.000 0.000
369.062 501.049 771.914 686.317 0.000 878.610 437.712 0.000
908.278 0.000 0.000 0.000 975.162 557.672 0.000 944.942
977.396 0.000 0.000 482.435 814.921 921.723 0.000 956.232
0.000 0.000 0.000 0.000 985.918 0.000 977.941 0.000
0.000 0.000 827.513 878.298 0.000 0.000 386.413 0.000
0.000 0.000 0.000 409.799 395.241 848.272 476.458 0.000
440.464 0.000 0.000 978.643 0.000 665.336 605.229 0.000
455.272 907.030 950.984 416.213 708.241 0.000 755.893 0.000
726.780 483.406 440.560 0.000 0.000 0.000 693.324 559.340
509.493 0.000 0.000 0.000 0.000 0.000 0.000 437.568
594.508 882.171 0.000 488.500 953.094 0.000 904.008 456.986
0.000 0.000 788.039 729.245 902.313 322.860 0.000 730.919
0.000 645.425 687.025 0.000 0.000 772.638 432.447 0.000
362.011 0.000 800.699 0.000 0.000 974.398 0.000 658.077
565.907 0.000 0.000 0.000 352.093 811.809 0.000 0.000
450.021 0.000 0.000 0.000 510.107 0.000 456.922 0.000
774.454 826.492 591.433 0.000 515.854 476.647 325.055 584.668
0.000 0.000 374.332 0.000 0.000 0.000 0.000 478.895
315.765 448.807 872.973 0.000 0.000 0.000 0.000 0.000
828.572 991.575 0.000 0.000 423.017 859.970 0.000 0.000
0.000 0.000 647.897 0.000 316.915 0.000 0.000 0.000
862.682 0.000 0.000 339.354 907.080 0.000 850.305 550.699
947.339 980.457 439.408 0.000 924.663 0.000 0.000 0.000
583.589 0.000 421.234 0.000 0.000 577.090 590.887 0.000
819.620 0.000 588.977 391.808 0.000 0.000 586.485 369.631
897.800 0.000 0.000 940.777 0.000 817.946 0.000 0.000
832.342 790.769 614.805 0.000 0.000 0.000 798.574 0.000
310.670 0.000 842.116 0.000 321.355 603.093 0.000 673.752
0.000 726.983 489.075 740.722 792.661 856.893 0.000 882.370
0.000 378.036 855.424 690.246 495.091 0.000 0.000 856.365
720.247 0.000 0.000 0.000 722.879 645.766 302.060 304.346
608.863 0.000 0.000 328.114 798.785 457.703 702.217 0.000
0.000 0.000 720.810 0.000 0.000 0.000 834.707 607.858
842.832 324.074 338.519 0.000 330.668 420.449 0.000 0.000
885.920 0.000 0.000 462.477 405.121 361.473 982.206 0.000
588.971 0.000 0.000 757.859 801.318 0.000 986.127 0.000
355.974 372.144 378.944 0.000 342.206 836.112 645.743 650.281
686.057 0.000 0.000 682.791 730.794 893.142 0.000 865.904
987.337 0.000 0.000 391.989 597.551 0.000 479.794 0.000
931.889 882.415 664.739 0.000 0.000 0.000 428.946 479.723
989.886 0.000 853.235 737.896 564.237 0.000 653.698 827.426
869.895 374.153 0.000 0.000 316.608 572.445 373.623 501.261
339.732 977.333 569.609 314.897 548.191 0.000 0.000 341.639
0.000 0.000 0.000 890.424 311.436 796.131 0.000 651.201
0.000 992.096 489.468 939.210 785.165 0.000 713.447 0.000
0.000 0.000 0.000 379.573 0.000 0.000 0.000 0.000
418.481 574.605 0.000 929.654 687.661 711.958 0.000 0.000
0.000 0.000 516.774 488.059 350.797 483.384 0.000 579.203
932.068 0.000 0.000 0.000 990.479 0.000 611.717 777.676
0.000 780.839 493.910 862.066 0.000 793.029 355.554 342.829
494.511 0.000 0.000 0.000 569.224 0.000 320.303 869.877
0.000 0.000 499.964 960.807 891.192 768.695 754.027 0.000
852.058 492.339 874.390 0.000 752.043 0.000 0.000 420.525
0.000 0.000 0.000 767.743 732.880 803.386 668.026 0.000
392.920 459.264 0.000 609.859 317.157 0.000 745.107 0.000
648.615 892.791 0.000 875.931 0.000 598.631 509.486 0.000
0.000 0.000 617.723 0.000 480.715 746.651 685.119 0.000
748.837 0.000 0.000 799.843 535.592 0.000 0.000 0.000
0.000 0.000 877.962 437.215 853.827 504.654 0.000 599.411
0.000 0.000 660.830 766.912 783.194 0.000 302.118 0.000
947.528 697.161 0.000 0.000 0.000 979.449 648.719 0.000
0.000 0.000 655.492 0.000 0.000 0.000 0.000 0.000
0.000 673.308 0.000 0.000 524.652 872.738 924.380 0.000
0.000 0.000 844.834 539.995 0.000 0.000 540.047 0.000
765.895 869.544 0.000 0.000 832.812 772.944 365.179 334.212
970.692 0.000 965.551 0.000 488.356 615.460 738.907 619.626
989.855 0.000 0.000 0.000 0.000 533.996 0.000 0.000
0.000 814.713 985.785 0.000 0.000 0.000 952.130 0.000
0.000 0.000 698.369 683.113 840.222 659.526 0.000 0.000
666.885 707.710 406.685 0.000 713.299 0.000 0.000 0.000
329.521 802.125 0.000 976.067 0.000 396.280 764.746 943.124
926.349 0.000 335.627 0.000 0.000 710.853 0.000 0.000
987.529 932.809 348.584 0.000 0.000 0.000 0.000 383.333
389.586 864.050 0.000 0.000 528.216 0.000 0.000 683.663
351.049 355.404 0.000 0.000 0.000 0.000 859.059 569.338
571.080 0.000 516.294 0.000 0.000 0.000 0.000 0.000
0.000 0.000 950.192 760.944 0.000 776.167 0.000 607.837
0.000 0.000 388.298 0.000 0.000 0.000 927.596 0.000
0.000 0.000 628.563 0.000 0.000 0.000 0.000 559.209
310.596 911.982 328.300 470.405 0.000 370.526 0.000 0.000
639.315 0.000 386.228 0.000 0.000 781.647 504.746 508.297
0.000 809.106 511.829 904.715 0.000 0.000 555.564 918.867
520.028 336.961 0.000 0.000 811.694 0.000 0.000 0.000
0.000 690.816 495.487 0.000 0.000 987.674 0.000 639.710
820.893 917.400 0.000 745.545 0.000 0.000 0.000 527.661
454.614 0.000 0.000 327.177 0.000 417.695 390.427 0.000
0.000 757.748 0.000 907.419 363.660 416.233 0.000 0.000
0.000 0.000 0.000 694.375 0.000 0.000 897.676 507.394
0.000 0.000 541.958 0.000 345.018 0.000 0.000 0.000
0.000 838.489 0.000 0.000 0.000 802.995 505.828 683.374
944.965 842.886 747.589 828.841 636.309 467.591 0.000 0.000
436.692 364.062 0.000 0.000 0.000 0.000 909.680 523.738
0.000 692.353 0.000 997.398 0.000 341.611 0.000 569.044
527.516 327.142 0.000 978.313 983.524 0.000 600.561 704.911
804.899 326.361 765.903 954.686 950.729 0.000 0.000 0.000
0.000 653.638 310.800 0.000 910.703 592.773 682.001 0.000
658.133 609.801 0.000 993.542 800.694 0.000 736.136 0.000
538.985 0.000 0.000 0.000 328.809 623.665 864.861 0.000
326.069 819.609 0.000 0.000 0.000 0.000 394.065 0.000
0.000 0.000 473.186 0.000 611.165 0.000 361.829 390.872
0.000 977.483 0.000 0.000 704.988 915.106 753.600 719.756
741.431 0.000 603.531 0.000 0.000 0.000 0.000 318.869
0.000 394.359 562.472 0.000 0.000 0.000 570.604 0.000
398.675 0.000 0.000 647.690 373.563 555.208 768.853 0.000
0.000 0.000 505.931 994.355 437.976 696.534 651.247 799.565
0.000 0.000 630.783 0.000 947.813 426.843 890.580 0.000
0.000 442.333 757.292 510.307 0.000 0.000 0.000 0.000
0.000 463.927 0.000 0.000 336.936 0.000 396.441 317.668
0.000 0.000 644.582 471.432 986.073 350.416 0.000 624.313
496.923 0.000 607.588 0.000 0.000 0.000 875.015 0.000
0.000 0.000 0.000 575.332 0.000 504.287 0.000 0.000
0.000 0.000 637.960 648.075 0.000 760.222 0.000 636.124
836.438 783.778 0.000 0.000 950.420 859.607 0.000 0.000
617.903 829.059 0.000 0.000 914.617 0.000 312.292 0.000
872.166 0.000 0.000 0.000 941.528 0.000 552.756 0.000
0.000 0.000 0.000 0.000 0.000 723.188 0.000 353.312
0.000 376.977 0.000 0.000 0.000 0.000 308.954 934.579
0.000 0.000 564.539 0.000 345.417 392.865 0.000 887.578
0.000 763.638 642.213 0.000 485.434 0.000 388.997 678.308
0.000 795.062 0.000 310.595 547.928 764.421 985.043 0.000
0.000 0.000 708.298 744.517 0.000 0.000 0.000 0.000
616.790 0.000 818.025 826.300 0.000 852.082 331.363 0.000
979.677 0.000 0.000 0.000 0.000 771.038 0.000 0.000
793.295 0.000 0.000 0.000 919.302 473.740 0.000 0.000
0.000 0.000 303.390 0.000 674.184 965.369 631.210 882.670
0.000 953.956 463.169 998.884 0.000 638.053 0.000 0.000
908.177 757.951 0.000 0.000 786.459 0.000 841.845 619.611
0.000 439.489 0.000 662.010 0.000 803.454 530.710 0.000
585.352 0.000 903.140 887.948 406.969 0.000 608.509 303.545
544.726 0.000 0.000 361.846 0.000 543.978 869.753 959.492
392.200 898.553 0.000 0.000 0.000 0.000 427.230 0.000
725.465 727.590 0.000 826.307 534.087 850.981 0.000 312.755
0.000 884.739 682.932 909.815 327.775 0.000 748.659 696.301
716.842 0.000 820.993 923.925 361.349 707.892 869.387 0.000
889.124 0.000 0.000 665.145 842.062 897.484 0.000 350.540
503.347 378.780 0.000 0.000 0.000 598.838 0.000 0.000
0.000 799.116 0.000 976.007 0.000 735.966 812.489 0.000
0.000 803.803 0.000 0.000 0.000 553.331 332.388 0.000
737.025 0.000 515.450 472.037 0.000 884.212 432.412 0.000
0.000 486.871 572.787 477.457 993.145 0.000 471.513 0.000
0.000 0.000 0.000 0.000 0.000 0.000 838.366 0.000
378.037 758.242 498.059 695.208 926.393 0.000 0.000 975.964
794.016 0.000 786.789 904.078 0.000 826.595 0.000 0.000
0.000 0.000 0.000 764.828 0.000 319.994 796.195 0.000
349.055 0.000 392.437 347.229 534.647 0.000 958.948 0.000
579.220 461.385 0.000 0.000 0.000 604.172 0.000 510.665
0.000 0.000 0.000 751.438 755.147 927.677 992.334 0.000
568.652 808.041 0.000 460.789 0.000 674.009 0.000 0.000
0.000 0.000 625.617 0.000 397.462 0.000 806.521 925.153
968.117 0.000 0.000 353.194 0.000 0.000 746.459 0.000
0.000 0.000 740.013 0.000 906.215 0.000 0.000 502.015
592.064 0.000 999.376 570.511 836.644 486.907 0.000 0.000
708.402 0.000 995.911 859.215 0.000 468.983 0.000 728.308
0.000 0.000 749.481 462.422 0.000 0.000 0.000 453.782
635.670 0.000 528.313 702.867 710.580 0.000 601.494 963.290
726.132 600.237 0.000 465.965 774.094 791.801 699.792 0.000
0.000 778.457 594.685 0.000 0.000 772.679 0.000 526.917
924.647 605.268 445.870 798.308 0.000 953.273 430.841 372.137
0.000 315.674 0.000 0.000 0.000 0.000 0.000 761.070
554.083 0.000 0.000 0.000 0.000 0.000 652.507 675.794
0.000 0.000 0.000 0.000 626.405 0.000 0.000 520.162
579.733 804.937 0.000 439.699 0.000 0.000 0.000 426.834
0.000 0.000 0.000 465.329 401.175 0.000 469.858 491.459
0.000 516.603 0.000 0.000 452.819 0.000 0.000 0.000
962.414 0.000 425.352 731.300 620.908 474.479 508.237 900.284
989.750 555.159 0.000 0.000 898.888 0.000 863.869 309.692
0.000 677.618 0.000 487.732 0.000 997.055 993.447 848.764
0.000 815.001 0.000 0.000 405.066 0.000 526.081 0.000
476.655 0.000 306.000 0.000 538.389 0.000 0.000 0.000
0.000 0.000 538.226 0.000 647.816 772.048 902.903 318.623
0.000 732.413 473.166 379.901 523.228 394.888 699.968 0.000
0.000 909.748 0.000 583.762 0.000 0.000 685.038 368.848
654.515 0.000 944.700 542.576 0.000 383.865 832.214 799.724
861.343 0.000 0.000 0.000 0.000 572.441 0.000 420.388
0.000 0.000 900.027 365.539 0.000 768.137 788.498 0.000
0.000 448.998 503.630 0.000 0.000 967.980 0.000 961.619
436.126 0.000 0.000 728.592 0.000 484.734 743.824 736.973
0.000 433.639 905.405 384.749 985.547 0.000 0.000 659.181
438.011 0.000 0.000 315.733 0.000 0.000 389.344 0.000
980.104 629.843 511.871 0.000 321.548 539.616 410.041 0.000
634.811 0.000 0.000 0.000 830.387 0.000 857.702 811.417
0.000 576.492 0.000 722.581 0.000 0.000 890.564 0.000
852.716 526.248 0.000 0.000 977.398 663.309 943.522 761.922
678.871 453.647 960.541 0.000 599.938 0.000 0.000 0.000
532.505 580.312 866.405 848.625 0.000 383.712 698.944 0.000
0.000 368.239 612.994 0.000 410.121 691.533 546.918 0.000
696.349 973.609 304.797 0.000 0.000 0.000 0.000 303.221
720.677 0.000 0.000 0.000 0.000 520.421 870.848 0.000
0.000 477.677 0.000 920.290 540.056 0.000 0.000 789.748
0.000 733.436 0.000 0.000 0.000 527.912 0.000 599.715
363.980 579.134 745.926 0.000 0.000 0.000 0.000 813.444
0.000 920.614 509.472 710.976 519.337 546.545 885.156 0.000
518.932 0.000 687.019 0.000 833.317 692.360 938.939 0.000
0.000 506.028 0.000 0.000 359.226 0.000 446.996 0.000
997.790 489.181 652.506 824.397 904.260 0.000 647.077 0.000
0.000 0.000 916.539 0.000 0.000 465.974 794.640 0.000
0.000 522.682 0.000 488.237 961.084 0.000 0.000 0.000
0.000 706.567 861.316 547.717 0.000 326.969 824.062 0.000
0.000 641.792 0.000 774.600 0.000 374.133 0.000 500.005
0.000 0.000 0.000 948.264 0.000 0.000 0.000 968.092
995.267 937.184 0.000 863.072 0.000 556.345 514.082 0.000
0.000 643.624 331.418 803.453 0.000 0.000 645.421 0.000
819.804 458.729 0.000 776.282 0.000 637.486 322.269 0.000
680.551 667.678 674.459 632.643 310.602 916.352 0.000 0.000
709.805 307.577 0.000 0.000 0.000 0.000 443.165 0.000
0.000 0.000 0.000 896.632 720.729 0.000 0.000 961.291
0.000 479.955 0.000 0.000 0.000 0.000 0.000 986.736
368.156 0.000 884.035 846.162 0.000 718.890 511.981 0.000
0.000 0.000 0.000 493.261 0.000 801.107 883.495 505.438
413.403 0.000 681.934 445.178 0.000 519.263 704.321 0.000
0.000 0.000 0.000 0.000 655.637 0.000 0.000 685.921
0.000 0.000 655.813 821.700 0.000 0.000 864.094 0.000
910.917 0.000 716.315 0.000 910.670 0.000 0.000 419.796
537.551 513.849 420.254 0.000 526.445 638.933 0.000 818.872
0.000 462.023 686.022 0.000 0.000 0.000 0.000 0.000
853.748 0.000 626.650 0.000 483.901 718.693 0.000 948.068
0.000 860.765 323.103 869.851 0.000 0.000 0.000 792.690
0.000 0.000 0.000 803.042 0.000 0.000 0.000 613.466
397.244 0.000 767.067 0.000 559.165 0.000 0.000 792.024
0.000 373.225 0.000 527.030 0.000 0.000 0.000 0.000
673.314 0.000 847.053 0.000 993.688 0.000 450.554 515.812
702.819 0.000 0.000 0.000 0.000 334.801 381.387 0.000
473.042 353.961 734.745 0.000 0.000 0.000 0.000 758.684
0.000 325.775 0.000 0.000 0.000 0.000 399.925 0.000
799.570 0.000 525.517 429.518 748.897 522.419 0.000 328.399
356.950 0.000 637.301 768.334 0.000 504.664 764.172 661.973
0.000 0.000 0.000 928.059 0.000 0.000 709.664 325.474
0.000 731.306 863.684 628.044 635.318 0.000 586.568 0.000
528.171 758.536 313.856 339.087 458.552 0.000 0.000 784.699
865.664 458.904 444.738 747.478 586.580 644.713 510.370 896.335
0.000 0.000 0.000 0.000 0.000 491.491 0.000 0.000
0.000 990.661 512.569 0.000 897.961 0.000 323.486 0.000
0.000 697.920 521.846 362.047 0.000 0.000 374.841 864.665
910.064 0.000 608.711 0.000 0.000 0.000 852.034 332.401
0.000 0.000 0.000 0.000 602.886 436.962 0.000 536.972
0.000 0.000 0.000 863.686 715.480 0.000 0.000 0.000
0.000 378.940 0.000 0.000 552.799 601.006 532.991 0.000
997.607 959.712 982.210 772.980 830.880 641.872 0.000 962.118
615.839 0.000 0.000 704.164 0.000 0.000 0.000 444.846
0.000 0.000 0.000 644.671 0.000 461.447 611.177 649.440
0.000 0.000 712.852 857.354 982.763 0.000 740.395 0.000
751.758 0.000 794.630 0.000 862.651 818.246 0.000 0.000
498.007 0.000 0.000 742.970 0.000 883.416 941.200 0.000
0.000 0.000 466.945 340.110 371.043 0.000 734.788 637.130
0.000 0.000 0.000 518.991 0.000 0.000 353.344 0.000
0.000 0.000 650.966 770.282 0.000 905.804 0.000 0.000
494.123 0.000 667.456 712.055 685.681 531.656 429.974 0.000
0.000 0.000 0.000 0.000 0.000 721.157 526.975 991.931
0.000 658.606 0.000 0.000 984.682 0.000 566.438 0.000
871.924 0.000 0.000 513.543 881.328 690.238 0.000 575.620
720.280 0.000 943.473 905.693 769.044 0.000 0.000 0.000
539.821 517.267 0.000 327.065 828.164 581.956 675.863 0.000
520.769 873.214 681.991 461.583 337.856 0.000 0.000 0.000
0.000 0.000 0.000 742.579 759.540 419.473 0.000 0.000
0.000 888.718 0.000 0.000 618.372 0.000 771.072 783.615
0.000 918.985 0.000 0.000 0.000 770.157 974.017 0.000
878.450 707.467 478.068 0.000 0.000 0.000 0.000 0.000
0.000 0.000 625.655 787.224 774.653 0.000 509.594 852.892
0.000 0.000 446.908 708.211 0.000 477.699 536.207 804.646
991.930 463.420 0.000 0.000 847.943 467.078 0.000 0.000
919.956 0.000 0.000 655.926 0.000 754.774 653.812 809.259
885.286 741.092 0.000 899.279 0.000 876.059 0.000 0.000
0.000 0.000 0.000 0.000 929.815 0.000 0.000 0.000
0.000 0.000 711.523 0.000 0.000 322.786 0.000 0.000
995.241 0.000 0.000 873.048 438.293 0.000 729.112 0.000
0.000 0.000 501.714 469.237 0.000 652.053 786.169 0.000
0.000 0.000 0.000 0.000 0.000 463.477 0.000 844.795
320.241 0.000 0.000 0.000 406.118 0.000 0.000 0.000
919.051 0.000 0.000 0.000 0.000 0.000 0.000 0.000
621.823 429.482 0.000 332.836 0.000 810.589 0.000 436.920
754.765 378.101 964.034 0.000 306.171 0.000 396.775 570.398
0.000 842.297 0.000 0.000 884.560 0.000 944.445 662.301
0.000 963.324 742.795 0.000 465.553 947.921 593.758 483.394
0.000 0.000 964.044 824.430 0.000 0.000 0.000 984.250
516.165 0.000 0.000 393.336 695.238 0.000 0.000 0.000
745.297 0.000 0.000 0.000 447.463 820.976 0.000 737.644
0.000 0.000 718.240 0.000 747.177 952.607 775.502 697.206
0.000 620.518 0.000 0.000 986.439 0.000 323.067 0.000
0.000 353.126 759.073 888.328 460.166 0.000 0.000 536.673
0.000 0.000 839.818 0.000 617.157 0.000 768.133 0.000
0.000 0.000 971.161 0.000 0.000 0.000 468.551 0.000
320.579 0.000 0.000 544.255 546.056 319.177 800.391 437.727
851.962 0.000 585.221 638.645 0.000 0.000 0.000 360.192
0.000 0.000 0.000 971.949 630.501 922.918 527.568 0.000
0.000 321.644 465.138 783.773 0.000 0.000 635.774 0.000
0.000 510.752 0.000 741.149 0.000 0.000 0.000 0.000
0.000 0.000 850.917 0.000 0.000 0.000 0.000 0.000
974.982 656.561 0.000 0.000 0.000 300.178 593.011 722.159
0.000 672.360 0.000 803.295 0.000 0.000 0.000 0.000
892.483 526.722 0.000 475.235 914.493 755.022 0.000 954.947
704.061 0.000 0.000 360.180 0.000 523.001 0.000 382.127
0.000 508.978 0.000 702.168 0.000 0.000 0.000 558.866
800.972 610.295 0.000 445.766 660.678 0.000 635.127 0.000
633.456 0.000 354.036 455.300 483.781 0.000 361.320 506.918
576.261 0.000 0.000 997.988 0.000 776.551 0.000 995.567
0.000 729.072 0.000 0.000 0.000 855.262 0.000 662.929
962.242 0.000 689.523 476.843 636.805 0.000 434.780 0.000
834.164 341.546 629.887 0.000 0.000 860.910 0.000 0.000
949.390 0.000 448.766 0.000 0.000 602.444 0.000 0.000
0.000 499.739 0.000 0.000 850.717 0.000 932.034 0.000
0.000 0.000 0.000 0.000 670.884 845.662 522.496 781.223
406.053 645.363 0.000 361.492 0.000 0.000 0.000 819.906
0.000 0.000 0.000 0.000 0.000 726.303 0.000 0.000
595.576 455.633 0.000 873.811 0.000 0.000 0.000 510.516
898.225 0.000 0.000 0.000 0.000 498.230 0.000 952.983
931.479 753.800 915.133 0.000 543.081 0.000 991.588 0.000
0.000 0.000 0.000 0.000 0.000 433.966 0.000 661.071
0.000 938.363 417.374 322.827 735.396 473.614 463.073 0.000
447.726 326.919 0.000 0.000 0.000 0.000 0.000 603.732
0.000 662.273 0.000 0.000 961.932 0.000 0.000 604.251
0.000 940.481 808.649 980.736 0.000 803.514 0.000 0.000
604.309 0.000 637.857 694.132 0.000 512.062 436.214 0.000
625.145 743.552 0.000 0.000 791.717 624.662 0.000 600.235
0.000 810.844 0.000 0.000 0.000 373.672 0.000 843.960
0.000 0.000 778.601 527.799 360.632 0.000 643.605 354.951
771.328 0.000 444.509 0.000 0.000 0.000 507.610 393.424
0.000 0.000 0.000 925.534 369.061 0.000 0.000 833.647
394.177 526.346 727.097 999.293 972.535 0.000 499.783 0.000
512.740 0.000 0.000 0.000 875.494 0.000 595.152 0.000
0.000 462.521 603.319 0.000 0.000 0.000 506.485 0.000
795.053 0.000 809.923 0.000 0.000 0.000 551.391 0.000
0.000 326.906 798.290 605.417 967.782 0.000 0.000 370.596
0.000 0.000 0.000 0.000 840.125 756.859 0.000 0.000
0.000 0.000 700.970 492.489 0.000 489.293 0.000 0.000
824.161 438.254 0.000 0.000 0.000 678.085 0.000 0.000
958.870 0.000 419.397 0.000 0.000 906.762 602.440 0.000
597.495 0.000 0.000 675.074 539.201 304.401 682.836 944.184
922.511 0.000 0.000 657.184 675.331 670.853 0.000 733.829
682.272 818.927 0.000 0.000 837.706 513.092 647.055 732.676
786.803 341.876 0.000 643.382 486.416 0.000 836.665 0.000
493.147 376.595 0.000 776.387 514.299 926.475 799.501 0.000
0.000 0.000 0.000 343.570 0.000 956.852 0.000 893.556
0.000 517.253 0.000 0.000 0.000 485.669 991.867 0.000
0.000 0.000 0.000 478.702 0.000 793.956 0.000 0.000
414.247 0.000 415.985 0.000 0.000 404.271 670.529 0.000
315.940 0.000 0.000 510.475 803.603 0.000 0.000 860.649
0.000 0.000 0.000 963.892 541.497 0.000 897.493 798.423
0.000 0.000 0.000 879.920 421.548 425.772 905.270 674.809
0.000 478.669 610.186 422.826 707.635 738.715 0.000 0.000
0.000 889.542 0.000 0.000 893.990 0.000 0.000 360.344
645.100 0.000 0.000 0.000 0.000 300.730 463.130 806.877
0.000 0.000 0.000 0.000 0.000 698.441 0.000 344.515
539.790 401.318 0.000 475.720 840.646 0.000 665.538 554.461
0.000 981.334 653.083 795.892 0.000 0.000 0.000 933.878
0.000 0.000 730.516 0.000 0.000 642.891 524.362 0.000
0.000 931.951 0.000 0.000 0.000 534.983 0.000 0.000
0.000 0.000 835.055 670.445 309.183 581.552 508.193 863.138
0.000 0.000 0.000 696.883 0.000 922.336 498.878 0.000
777.833 0.000 0.000 0.000 0.000 0.000 852.150 501.349
0.000 584.441 974.092 0.000 369.400 560.968 0.000 500.789
0.000 302.693 374.957 381.107 0.000 0.000 0.000 0.000
359.104 440.498 930.682 382.060 0.000 0.000 801.259 0.000
0.000 787.091 329.315 493.861 0.000 0.000 576.001 0.000
850.950 687.515 657.249 465.658 0.000 916.347 0.000 0.000
540.024 0.000 391.003 0.000 459.261 0.000 369.487 965.342
0.000 0.000 0.000 817.538 0.000 0.000 905.181 0.000
907.931 0.000 924.709 472.851 676.729 763.556 0.000 581.133
0.000 0.000 0.000 0.000 0.000 0.000 616.888 673.900
930.577 0.000 571.598 0.000 0.000 0.000 445.095 0.000
0.000 0.000 0.000 311.218 0.000 910.393 0.000 449.425
568.233 0.000 573.434 559.306 922.856 578.313 0.000 661.890
949.148 343.466 402.267 0.000 687.475 0.000 303.289 0.000
809.484 0.000 869.456 476.003 0.000 0.000 0.000 0.000
0.000 0.000 858.916 615.207 431.681 573.043 0.000 425.931
0.000 704.156 0.000 0.000 455.054 715.939 453.699 947.450
0.000 389.929 459.320 813.420 917.775 0.000 0.000 370.302
0.000 653.924 0.000 974.255 384.327 951.633 0.000 592.046
903.072 0.000 943.586 660.498 0.000 777.230 0.000 848.158
0.000 0.000 882.400 864.987 0.000 595.536 0.000 0.000
0.000 810.719 316.197 0.000 590.332 0.000 509.811 736.178
547.791 439.490 649.782 0.000 858.151 866.739 593.851 0.000
0.000 313.469 0.000 304.653 687.498 812.912 552.966 0.000
720.532 509.009 0.000 920.207 414.034 427.581 765.024 0.000
548.607 0.000 494.639 400.106 0.000 0.000 0.000 531.711
0.000 0.000 0.000 988.369 0.000 333.167 0.000 0.000
392.814 532.769 682.205 0.000 679.427 343.095 436.895 527.929
0.000 0.000 0.000 533.276 0.000 467.786 979.925 0.000
321.967 858.579 625.513 765.151 0.000 517.806 0.000 452.469
926.897 572.245 694.774 411.505 719.827 0.000 0.000 417.629
0.000 0.000 761.028 0.000 357.062 649.530 748.563 0.000
774.087 0.000 0.000 854.493 0.000 0.000 990.070 716.921
368.665 901.270 0.000 0.000 843.073 448.784 881.876 946.369
401.427 324.150 784.341 0.000 439.529 0.000 581.511 0.000
0.000 368.551 0.000 884.270 589.448 0.000 707.746 541.386
677.458 0.000 0.000 0.000 0.000 0.000 312.027 0.000
895.375 801.759 0.000 300.717 0.000 0.000 0.000 688.736
352.961 598.853 874.531 565.221 0.000 615.126 477.222 558.158
0.000 0.000 756.178 0.000 445.896 421.061 479.920 0.000
380.416 511.927 0.000 0.000 637.105 0.000 0.000 0.000
0.000 0.000 822.267 0.000 418.287 0.000 0.000 0.000
0.000 890.695 301.600 0.000 376.942 768.303 0.000 751.005
0.000 0.000 0.000 0.000 927.475 0.000 817.384 0.000
956.276 307.929 321.526 0.000 784.552 0.000 0.000 725.930
0.000 0.000 511.407 959.673 558.226 0.000 674.483 889.876
0.000 448.395 0.000 513.527 799.485 0.000 0.000 0.000
0.000 0.000 0.000 916.066 715.510 0.000 0.000 435.175
0.000 617.101 0.000 0.000 0.000 471.477 0.000 653.376
0.000 570.122 412.503 0.000 678.990 551.838 0.000 0.000
0.000 439.424 706.601 361.859 752.103 0.000 0.000 0.000
591.624 0.000 570.928 541.333 0.000 331.401 969.136 703.366
0.000 0.000 956.995 0.000 0.000 641.924 0.000 0.000
998.788 0.000 0.000 0.000 856.405 0.000 0.000 0.000
0.000 419.029 0.000 0.000 929.664 0.000 0.000 609.736
509.242 374.213 906.705 0.000 0.000 0.000 776.159 628.645
684.476 961.614 0.000 0.000 558.552 583.063 965.192 917.400
462.041 0.000 836.763 341.825 0.000 0.000 416.468 0.000
0.000 0.000 0.000 0.000 650.649 446.703 644.899 0.000
940.645 767.387 819.857 0.000 770.674 0.000 0.000 0.000
0.000 673.406 0.000 0.000 0.000 0.000 517.617 0.000
0.000 0.000 828.135 0.000 0.000 358.109 0.000 609.959
0.000 0.000 0.000 0.000 347.521 898.855 904.995 644.906
0.000 0.000 0.000 357.514 834.096 0.000 0.000 803.620
0.000 0.000 721.779 0.000 302.041 0.000 0.000 533.573
487.820 320.002 0.000 0.000 430.794 0.000 695.813 0.000
405.309 708.401 0.000 0.000 348.769 415.891 0.000 0.000
0.000 0.000 606.844 705.810 993.926 0.000 417.195 0.000
0.000 0.000 944.785 638.843 336.151 814.581 396.073 892.732
604.390 0.000 955.131 0.000 524.000 996.656 923.688 565.278
0.000 0.000 0.000 881.163 0.000 430.442 417.804 665.127
457.109 973.100 761.804 0.000 317.436 726.278 432.705 404.163
0.000 459.810 888.688 328.556 0.000 0.000 714.985 0.000
542.174 793.183 535.512 396.545 0.000 0.000 0.000 0.000
0.000 559.056 392.645 0.000 0.000 442.781 520.494 360.649
0.000 534.794 499.785 0.000 719.777 695.798 0.000 848.270
500.893 793.900 0.000 0.000 755.624 406.876 0.000 699.388
0.000 0.000 0.000 0.000 889.245 0.000 654.981 0.000
726.814 742.359 575.007 458.324 0.000 0.000 477.933 0.000
946.173 0.000 317.161 0.000 0.000 0.000 0.000 474.227
811.287 0.000 0.000 930.530 594.591 0.000 0.000 390.989
589.711 0.000 0.000 616.325 0.000 726.892 921.888 0.000
0.000 803.968 0.000 0.000 0.000 796.109 547.548 0.000
495.826 815.291 0.000 0.000 0.000 609.958 0.000 0.000
0.000 0.000 693.675 369.524 723.162 734.427 0.000 561.865
494.911 0.000 0.000 581.386 641.718 0.000 450.615 0.000
0.000 0.000 0.000 692.656 630.105 0.000 822.384 0.000
0.000 929.990 591.523 563.610 497.948 880.022 716.779 0.000
0.000 0.000 827.181 755.393 0.000 984.613 0.000 938.103
576.386 774.161 0.000 0.000 0.000 0.000 0.000 0.000
0.000 0.000 816.158 363.567 0.000 446.449 0.000 802.080
395.299 342.277 0.000 821.618 0.000 843.707 0.000 361.316
569.389 546.649 0.000 817.536 0.000 0.000 583.197 0.000
0.000 0.000 985.380 776.450 0.000 440.046 0.000 0.000
0.000 373.992 550.058 0.000 0.000 0.000 535.964 0.000
0.000 935.480 714.238 462.681 894.562 447.915 693.784 334.087
964.014 588.580 859.974 0.000 0.000 390.992 0.000 0.000
0.000 581.625 0.000 696.381 429.272 979.048 0.000 414.492
828.840 0.000 763.344 0.000 483.076 401.378 0.000 378.246
929.138 0.000 0.000 0.000 903.482 0.000 541.212 0.000
0.000 0.000 0.000 0.000 511.152 353.161 0.000 360.282
0.000 683.653 0.000 326.284 900.523 0.000 803.319 0.000
0.000 645.191 0.000 0.000 450.027 0.000 356.234 0.000
395.673 333.420 0.000 822.182 961.716 671.542 876.465 0.000
748.501 830.680 0.000 374.252 0.000 529.372 0.000 664.622
0.000 404.905 890.541 0.000 497.938 0.000 0.000 931.338
381.095 0.000 0.000 0.000 408.277 0.000 361.054 0.000
485.517 0.000 801.676 351.048 810.333 0.000 333.775 702.665
0.000 0.000 0.000 524.687 0.000 417.134 764.750 0.000
603.562 0.000 0.000 494.894 554.770 0.000 721.024 0.000
0.000 861.643 445.393 917.000 0.000 575.045 0.000 0.000
514.176 0.000 861.758 0.000 0.000 0.000 0.000 0.000
0.000 917.191 657.871 468.920 842.594 663.176 0.000 730.104
347.727 0.000 990.446 0.000 0.000 826.023 0.000 675.917
0.000 306.574 0.000 736.441 338.795 0.000 0.000 892.267
829.198 397.404 0.000 0.000 0.000 808.146 338.584 0.000
876.412 599.462 0.000 591.590 806.259 889.629 0.000 0.000
0.000 997.861 0.000 883.543 366.236 0.000 0.000 809.540
586.248 0.000 0.000 0.000 383.861 823.679 0.000 0.000
0.000 517.251 481.516 0.000 0.000 912.813 0.000 0.000
834.787 890.016 0.000 0.000 0.000 796.723 932.089 857.947
438.170 895.217 0.000 930.547 0.000 0.000 0.000 599.510
0.000 0.000 429.835 800.969 0.000 0.000 756.522 0.000
998.529 735.740 0.000 0.000 944.315 563.734 396.428 874.552
0.000 0.000 535.893 0.000 0.000 940.383 897.433 931.829
897.735 0.000 413.583 878.812 0.000 435.987 0.000 0.000
997.354 0.000 652.083 783.726 0.000 834.005 715.617 0.000
582.433 361.837 307.259 0.000 488.425 603.860 441.711 526.203
0.000 397.480 0.000 0.000 0.000 745.141 559.106 0.000
0.000 0.000 808.137 0.000 0.000 400.131 0.000 0.000
980.525 775.245 0.000 448.723 342.465 539.299 868.924 973.710
373.495 0.000 730.537 0.000 321.178 719.541 371.023 655.856
0.000 0.000 482.040 401.364 365.988 677.299 0.000 0.000
470.441 0.000 0.000 0.000 512.074 0.000 570.916 686.399
0.000 822.662 917.221 0.000 0.000 839.435 521.743 585.606
0.000 622.537 630.490 347.549 350.592 0.000 879.277 0.000
779.273 0.000 309.380 681.749 736.443 495.880 0.000 0.000
325.987 851.783 361.489 670.974 881.711 740.907 361.305 0.000
0.000 847.361 0.000 422.982 0.000 0.000 0.000 0.000
927.617 766.113 0.000 763.333 0.000 491.232 743.077 631.270
0.000 0.000 0.000 949.199 0.000 879.110 306.255 507.491
629.685 661.658 0.000 0.000 0.000 300.148 971.052 744.879
0.000 0.000 313.565 787.510 460.775 0.000 644.364 938.682
0.000 578.966 0.000 360.020 943.529 0.000 540.182 0.000
655.129 815.483 807.292 0.000 831.169 753.571 970.684 676.656
0.000 0.000 0.000 359.032 0.000 709.070 0.000 965.461
0.000 524.605 602.495 617.494 604.606 341.787 864.042 807.861
0.000 626.916 727.239 0.000 0.000 326.327 0.000 567.201
851.120 0.000 0.000 582.741 733.460 0.000 0.000 0.000
469.695 0.000 943.449 383.714 470.683 0.000 0.000 310.842
0.000 777.568 954.219 974.608 407.479 0.000 0.000 0.000
0.000 0.000 0.000 968.986 0.000 499.735 685.887 0.000
550.299 0.000 752.281 0.000 457.475 412.632 0.000 442.383
305.573 0.000 0.000 889.973 0.000 0.000 475.439 501.989
0.000 0.000 0.000 0.000 953.063 0.000 655.188 450.119
381.040 922.143 974.636 0.000 0.000 0.000 0.000 528.831
890.011 434.471 0.000 428.481 0.000 354.099 598.123 0.000
932.013 860.622 846.477 0.000 682.996 444.487 565.085 0.000
0.000 745.808 391.665 0.000 855.397 0.000 757.966 566.380
627.414 0.000 872.509 364.512 729.243 332.281 889.757 0.000
0.000 826.864 683.219 0.000 742.240 675.665 0.000 0.000
579.795 969.226 501.426 712.885 0.000 953.836 552.353 890.026
0.000 0.000 0.000 0.000 700.522 329.098 0.000 0.000
0.000 314.799 0.000 0.000 951.011 0.000 603.564 316.253
0.000 0.000 0.000 0.000 806.100 0.000 706.749 398.139
936.873 956.685 954.042 952.985 0.000 310.092 0.000 0.000
936.720 0.000 0.000 0.000 0.000 983.994 563.784 454.977
449.541 398.232 0.000 373.946 0.000 648.317 502.687 0.000
544.078 0.000 0.000 0.000 683.413 0.000 992.789 475.138
0.000 728.507 0.000 0.000 0.000 920.967 540.751 419.456
0.000 0.000 503.577 334.082 331.348 0.000 421.131 0.000
345.966 456.677 0.000 0.000 674.321 828.733 639.190 0.000
0.000 0.000 951.142 962.378 769.900 513.300 0.000 0.000
0.000 631.402 888.778 614.104 447.321 376.274 0.000 448.496
0.000 941.284 0.000 0.000 0.000 851.075 854.045 847.905
370.366 0.000 360.997 0.000 0.000 0.000 0.000 734.483
0.000 373.658 645.996 0.000 0.000 0.000 0.000 0.000
0.000 0.000 327.382 601.276 900.540 0.000 896.836 866.961
569.561 0.000 641.145 0.000 906.423 890.119 0.000 0.000
0.000 763.679 0.000 0.000 545.136 357.810 0.000 0.000
859.710 895.141 0.000 0.000 0.000 0.000 0.000 0.000
585.976 0.000 456.536 0.000 400.880 0.000 911.512 0.000
328.825 491.010 922.474 0.000 673.554 887.040 486.393 379.407
898.111 0.000 336.445 950.122 0.000 622.851 995.949 0.000
0.000 409.718 894.861 665.653 486.958 645.185 0.000 0.000
337.017 0.000 0.000 0.000 0.000 0.000 692.325 0.000
0.000 0.000 0.000 0.000 0.000 506.498 0.000 997.432
376.340 383.871 517.309 660.233 965.586 480.416 0.000 305.118
0.000 321.982 407.423 0.000 646.604 686.509 0.000 792.450
977.465 0.000 653.685 587.750 0.000 0.000 0.000 699.210
0.000 0.000 0.000 0.000 0.000 489.872 530.307 480.703
935.482 0.000 0.000 420.596 533.199 0.000 0.000 0.000
353.943 322.073 0.000 0.000 0.000 531.735 867.292 0.000
0.000 0.000 934.366 556.273 565.181 759.118 0.000 0.000
495.600 858.042 968.863 0.000 852.342 0.000 0.000 0.000
441.886 719.686 0.000 0.000 977.099 434.628 557.611 975.367
0.000 557.384 0.000 0.000 0.000 0.000 0.000 0.000
0.000 423.275 740.320 932.242 0.000 0.000 548.637 486.418
0.000 0.000 324.481 0.000 0.000 510.294 634.162 0.000
553.558 624.682 0.000 0.000 757.032 0.000 0.000 0.000
586.334 0.000 660.321 775.736 0.000 0.000 0.000 740.497
0.000 435.977 652.165 0.000 0.000 587.977 706.361 622.049
0.000 0.000 0.000 832.617 415.076 599.666 465.107 747.656
0.000 0.000 0.000 0.000 693.231 0.000 764.260 0.000
823.137 472.674 0.000 617.604 318.138 0.000 665.971 804.507
378.034 0.000 0.000 885.900 824.866 0.000 0.000 450.201
678.879 0.000 0.000 0.000 0.000 0.000 0.000 0.000
739.355 0.000 0.000 0.000 0.000 436.219 516.915 0.000
435.318 434.885 0.000 0.000 0.000 0.000 305.641 0.000
895.207 0.000 593.652 0.000 0.000 0.000 0.000 944.828
0.000 323.928 0.000 472.958 0.000 425.226 625.120 930.558
0.000 460.742 488.613 707.929 737.993 633.371 768.292 314.452
678.356 0.000 0.000 942.591 0.000 379.064 0.000 0.000
553.077 893.785 962.656 0.000 655.433 0.000 0.000 942.260
0.000 0.000 0.000 0.000 700.625 700.192 836.602 618.050
0.000 386.983 894.505 431.516 0.000 0.000 0.000 0.000
875.483 0.000 0.000 409.690 0.000 0.000 859.530 0.000
0.000 0.000 0.000 0.000 533.750 0.000 854.477 492.496
909.799 408.740 0.000 720.940 0.000 0.000 0.000 0.000
0.000 496.739 0.000 986.255 0.000 523.586 597.066 630.859
857.781 482.236 754.450 0.000 771.437 0.000 352.774 0.000
838.765 0.000 706.058 0.000 359.400 0.000 383.606 716.376
807.699 545.193 0.000 527.398 0.000 0.000 0.000 0.000
653.667 755.241 0.000 0.000 390.296 799.534 0.000 0.000
0.000 445.127 0.000 917.696 939.564 498.393 0.000 864.675
0.000 648.043 571.926 747.435 760.048 0.000 0.000 437.719
882.523 359.749 0.000 0.000 776.917 0.000 0.000 320.192
0.000 491.038 578.420 964.652 0.000 744.316 808.946 427.187
652.502 653.257 0.000 0.000 375.819 0.000 906.826 683.139
491.388 503.496 0.000 774.523 547.947 0.000 343.893 387.832
422.022 0.000 827.601 982.257 994.134 957.709 0.000 0.000
0.000 0.000 0.000 0.000 310.839 987.855 0.000 733.791
0.000 0.000 0.000 0.000 0.000 925.657 0.000 0.000
333.709 0.000 976.118 0.000 0.000 780.727 0.000 357.081
0.000 748.334 0.000 706.501 0.000 0.000 0.000 802.323
470.684 961.641 519.386 671.337 0.000 446.740 343.746 860.761
628.460 0.000 409.449 0.000 316.310 886.854 490.013 762.424
0.000 0.000 0.000 0.000 314.460 0.000 0.000 0.000
0.000 719.195 763.141 627.185 0.000 542.473 986.474 0.000
897.077 857.732 871.698 0.000 559.729 0.000 0.000 0.000
0.000 0.000 587.557 847.446 0.000 0.000 359.841 789.065
989.170 657.631 0.000 855.261 0.000 937.642 0.000 0.000
684.371 387.519 982.654 725.550 0.000 0.000 550.458 327.743
345.905 758.120 0.000 0.000 0.000 0.000 918.943 0.000
0.000 0.000 597.868 0.000 0.000 0.000 0.000 895.996
0.000 0.000 0.000 0.000 0.000 0.000 385.390 0.000
458.688 0.000 888.456 0.000 423.179 0.000 904.524 601.806
821.341 357.613 0.000 0.000 827.499 459.369 308.120 0.000
788.909 349.154 0.000 844.517 915.485 0.000 0.000 671.765
0.000 996.502 0.000 0.000 0.000 408.575 0.000 0.000
0.000 0.000 492.897 0.000 0.000 894.049 0.000 0.000
759.514 0.000 0.000 840.097 0.000 766.306 0.000 474.026
942.255 0.000 948.648 861.110 464.914 0.000 0.000 643.661
678.402 0.000 951.457 776.514 926.021 0.000 331.691 404.603
900.653 0.000 0.000 0.000 0.000 836.107 871.316 0.000
581.281 934.033 829.991 407.266 709.921 0.000 0.000 520.124
607.284 597.298 449.637 594.945 0.000 581.644 0.000 909.078
484.587 0.000 0.000 704.866 0.000 566.522 626.991 640.543
0.000 752.672 0.000 0.000 0.000 395.934 0.000 0.000
0.000 504.006 338.244 923.135 0.000 0.000 491.067 0.000
0.000 347.551 822.939 0.000 0.000 444.847 0.000 0.000
0.000 888.554 0.000 0.000 648.429 0.000 0.000 384.627
597.275 0.000 0.000 354.219 909.606 807.924 0.000 380.543
0.000 0.000 0.000 360.895 0.000 0.000 808.887 872.083
0.000 542.404 622.343 558.746 471.370 0.000 0.000 367.781
847.234 754.421 519.507 0.000 0.000 517.883 968.806 842.972
541.341 343.938 418.866 818.635 0.000 833.022 0.000 0.000
734.060 621.461 0.000 464.310 0.000 605.189 0.000 350.200
424.771 0.000 733.710 919.816 812.458 929.894 932.050 560.277
0.000 0.000 470.080 0.000 841.838 0.000 830.045 605.388
0.000 0.000 0.000 0.000 786.821 941.259 0.000 0.000
0.000 0.000 0.000 0.000 845.706 738.825 744.776 329.135
322.679 520.934 406.172 0.000 949.338 926.745 402.670 588.843
0.000 831.673 0.000 0.000 385.664 0.000 0.000 478.574
867.720 0.000 0.000 0.000 562.228 346.916 0.000 519.508
0.000 0.000 0.000 971.203 0.000 0.000 829.057 940.008
433.262 0.000 0.000 0.000 888.837 321.993 878.323 811.818
0.000 0.000 0.000 943.589 804.401 0.000 375.264 844.927
891.899 0.000 565.329 676.387 0.000 0.000 722.593 612.938
751.927 0.000 0.000 927.130 961.854 0.000 0.000 0.000
0.000 0.000 0.000 306.901 580.887 0.000 0.000 948.778
966.999 934.134 0.000 718.406 0.000 462.762 550.203 0.000
985.371 0.000 650.896 937.550 0.000 0.000 331.983 861.917
0.000 0.000 0.000 462.584 343.882 0.000 0.000 0.000
418.853 0.000 544.399 697.575 707.720 0.000 0.000 0.000
959.527 0.000 0.000 0.000 855.176 0.000 482.610 439.264
0.000 962.736 0.000 493.399 473.640 0.000 457.744 0.000
0.000 937.909 0.000 0.000 377.240 0.000 0.000 0.000
884.661 0.000 0.000 589.139 650.326 0.000 567.484 678.577
340.191 0.000 0.000 592.629 0.000 896.340 0.000 0.000
0.000 0.000 0.000 0.000 831.578 815.724 0.000 715.355
0.000 614.169 0.000 0.000 0.000 947.453 0.000 407.549
763.934 724.541 0.000 0.000 0.000 344.553 0.000 0.000
0.000 839.172 891.222 810.358 536.230 306.315 355.588 378.761
0.000 0.000 0.000 471.675 892.788 0.000 754.681 0.000
597.856 0.000 0.000 775.983 0.000 0.000 0.000 0.000
0.000 859.074 0.000 739.326 0.000 686.686 314.300 797.269
0.000 0.000 579.318 746.439 0.000 960.325 303.126 0.000
789.933 831.983 0.000 0.000 657.897 0.000 0.000 695.806
647.520 0.000 323.876 0.000 0.000 533.971 313.530 561.399
535.819 0.000 0.000 375.705 555.499 372.285 0.000 627.506
402.261 337.737 646.496 0.000 0.000 0.000 545.719 0.000
503.079 970.281 0.000 0.000 0.000 0.000 0.000 827.062
0.000 0.000 814.488 0.000 339.807 0.000 0.000 0.000
0.000 0.000 0.000 0.000 422.312 815.009 0.000 329.457
0.000 0.000 946.570 427.151 0.000 0.000 453.106 398.788
0.000 0.000 891.560 0.000 795.685 952.793 0.000 791.657
571.815 0.000 642.745 458.801 0.000 384.031 978.413 0.000
842.459 623.219 0.000 565.048 787.827 0.000 0.000 0.000
850.161 0.000 0.000 784.729 0.000 517.052 0.000 548.642
346.940 365.443 0.000 0.000 680.152 751.386 388.431 0.000
808.786 986.368 0.000 574.408 952.572 857.489 461.887 608.048
0.000 0.000 0.000 481.927 0.000 426.487 0.000 0.000
300.183 0.000 0.000 493.227 345.070 715.020 0.000 501.918
750.028 0.000 0.000 0.000 982.299 661.504 898.050 0.000
887.225 385.700 589.067 0.000 602.428 0.000 452.932 633.088
0.000 0.000 515.920 909.052 351.106 0.000 0.000 628.943
347.360 676.341 0.000 312.122 0.000 304.305 894.671 986.307
712.728 0.000 841.326 0.000 0.000 0.000 0.000 557.415
0.000 427.653 751.865 0.000 895.575 0.000 0.000 906.812
0.000 959.796 0.000 0.000 693.455 0.000 0.000 0.000
0.000 387.462 0.000 0.000 561.836 738.522 0.000 842.879
644.236 808.152 698.441 0.000 713.309 962.311 0.000 963.307
0.000 0.000 0.000 635.175 707.606 461.117 0.000 801.893
500.226 0.000 0.000 745.040 0.000 0.000 339.683 0.000
917.484 0.000 0.000 0.000 340.669 353.428 0.000 0.000
0.000 646.903 640.380 0.000 680.355 935.672 438.392 493.087
461.245 0.000 0.000 0.000 0.000 0.000 0.000 386.664
0.000 755.268 678.455 0.000 0.000 0.000 398.334 600.207
0.000 327.300 0.000 624.355 0.000 0.000 541.806 336.685
0.000 744.531 916.364 463.013 938.249 0.000 0.000 0.000
512.140 707.804 0.000 0.000 920.075 0.000 613.924 885.839
829.142 0.000 706.278 0.000 0.000 0.000 0.000 543.498
726.233 0.000 0.000 0.000 0.000 0.000 370.456 611.506
357.993 0.000 0.000 0.000 385.860 0.000 0.000 0.000
790.403 858.249 0.000 794.391 888.071 0.000 0.000 712.546
0.000 0.000 309.942 360.296 976.239 804.249 623.860 0.000
0.000 374.423 0.000 0.000 898.938 321.187 999.126 0.000
0.000 542.852 0.000 0.000 0.000 545.262 0.000 0.000
970.128 0.000 0.000 688.711 0.000 369.910 411.159 0.000
952.373 0.000 0.000 0.000 0.000 689.643 378.800 420.540
732.260 0.000 0.000 0.000 661.694 832.036 716.929 692.038
0.000 0.000 797.663 487.035 0.000 0.000 407.803 987.855
0.000 936.974 0.000 963.251 420.269 0.000 809.638 823.941
879.562 388.715 0.000 760.920 0.000 0.000 866.478 784.977
869.167 0.000 627.201 775.685 0.000 534.540 739.026 902.370
490.408 999.904 886.853 0.000 0.000 895.294 0.000 727.372
602.945 944.135 459.768 633.812 950.330 0.000 0.000 0.000
981.735 732.072 0.000 602.905 0.000 975.858 925.143 361.129
0.000 998.584 0.000 767.960 799.539 0.000 0.000 354.550
0.000 0.000 0.000 0.000 0.000 485.008 728.128 0.000
0.000 0.000 0.000 586.021 450.077 867.798 0.000 0.000
669.159 0.000 959.356 0.000 463.930 840.364 947.919 0.000
500.694 465.182 374.474 616.437 557.973 0.000 935.371 0.000
346.130 331.165 559.007 408.918 414.729 0.000 0.000 0.000
0.000 0.000 0.000 0.000 901.135 0.000 0.000 430.861
876.789 0.000 0.000 0.000 0.000 812.402 353.323 537.028
863.621 898.940 0.000 0.000 668.549 0.000 318.065 985.129
589.897 0.000 0.000 0.000 732.873 487.940 0.000 0.000
587.743 491.066 513.311 494.508 0.000 0.000 0.000 698.534
0.000 604.175 0.000 0.000 600.855 707.376 0.000 572.879
892.028 470.647 0.000 994.954 0.000 0.000 578.912 708.068
934.489 0.000 449.871 0.000 0.000 965.383 679.197 603.345
0.000 0.000 0.000 0.000 0.000 481.857 564.099 0.000
0.000 0.000 925.019 0.000 877.601 704.610 0.000 0.000
905.152 386.088 532.055 0.000 0.000 0.000 0.000 0.000
832.977 895.771 0.000 540.221 0.000 0.000 451.944 552.295
502.577 0.000 527.048 0.000 749.738 494.141 635.749 0.000
0.000 0.000 0.000 0.000 0.000 0.000 306.545 0.000
312.246 0.000 734.574 332.486 945.725 316.170 429.369 930.465
0.000 798.389 0.000 829.422 798.824 444.767 928.164 941.807
357.507 0.000 0.000 0.000 694.530 733.206 0.000 522.387
520.111 0.000 0.000 556.769 0.000 0.000 788.569 856.206
745.493 788.724 0.000 340.841 472.680 959.471 970.113 0.000
0.000 0.000 0.000 0.000 343.990 0.000 0.000 0.000
0.000 0.000 748.608 332.729 0.000 0.000 465.015 0.000
0.000 869.743 566.605 0.000 406.186 0.000 0.000 794.606
952.199 0.000 966.263 328.613 779.132 910.250 748.671 0.000
0.000 0.000 0.000 628.594 836.712 0.000 670.461 724.439
720.044 826.909 699.180 724.661 0.000 766.684 929.713 0.000
326.941 619.050 0.000 816.770 486.820 0.000 0.000 0.000
510.586 0.000 0.000 0.000 648.172 937.533 876.817 0.000
0.000 0.000 803.899 539.373 0.000 0.000 0.000 0.000
0.000 0.000 0.000 0.000 0.000 974.628 0.000 0.000
628.733 905.050 958.544 0.000 0.000 922.804 745.805 0.000
0.000 973.972 848.248 0.000 808.043 618.129 553.499 666.835
538.999 368.039 475.119 0.000 644.678 634.083 0.000 655.350
695.056 685.014 812.429 499.397 0.000 0.000 385.372 0.000
0.000 0.000 0.000 760.171 574.999 859.232 0.000 0.000
0.000 396.296 0.000 604.771 544.880 0.000 0.000 804.497
0.000 696.077 790.449 0.000 0.000 794.406 851.299 0.000
0.000 393.310 588.026 0.000 0.000 0.000 412.929 0.000
986.743 991.859 710.675 306.386 0.000 692.816 474.889 955.372
0.000 0.000 998.653 0.000 358.848 995.166 0.000 649.753
0.000 318.282 0.000 597.014 579.492 851.584 0.000 433.707
0.000 0.000 0.000 906.431 686.876 0.000 811.869 628.831
912.066 825.190 0.000 979.937 783.530 0.000 596.292 446.883
0.000 982.056 651.779 717.072 0.000 460.409 0.000 0.000
519.334 0.000 0.000 0.000 0.000 981.442 812.567 914.291
0.000 429.962 390.364 426.105 362.066 452.834 637.577 0.000
0.000 0.000 406.693 0.000 0.000 0.000 549.694 717.916
0.000 0.000 303.888 0.000 0.000 0.000 699.968 0.000
0.000 0.000 0.000 335.267 0.000 529.385 482.004 316.403
0.000 0.000 915.917 0.000 610.166 867.475 896.502 751.601
0.000 0.000 0.000 0.000 0.000 744.238 604.845 0.000
0.000 873.958 993.535 0.000 939.972 506.032 0.000 0.000
0.000 0.000 0.000 0.000 995.181 463.325 702.718 984.785
0.000 0.000 527.229 639.772 0.000 899.986 0.000 0.000
0.000 577.374 964.692 0.000 996.264 0.000 0.000 845.419
0.000 436.986 355.103 721.276 958.883 473.229 486.184 525.946
374.676 0.000 0.000 420.775 906.977 763.103 0.000 600.366
414.374 679.807 0.000 0.000 0.000 621.668 0.000 440.810
0.000 0.000 756.117 0.000 0.000 0.000 636.279 0.000
0.000 0.000 0.000 0.000 678.004 0.000 0.000 496.105
584.840 0.000 794.667 486.820 582.152 326.822 0.000 859.017
0.000 0.000 326.833 0.000 0.000 0.000 0.000 0.000
0.000 0.000 801.350 570.310 0.000 530.604 696.079 0.000
0.000 0.000 917.684 0.000 0.000 522.267 0.000 390.587
0.000 0.000 498.922 315.813 791.807 0.000 0.000 0.000
0.000 337.926 919.454 0.000 518.927 766.777 0.000 0.000
0.000 0.000 985.565 723.823 0.000 0.000 881.786 371.860
0.000 581.953 0.000 0.000 0.000 879.854 0.000 0.000
0.000 0.000 0.000 482.571 0.000 659.777 0.000 0.000
0.000 938.301 863.792 830.369 425.485 0.000 860.960 423.287
600.245 679.583 803.858 951.766 0.000 0.000 0.000 306.221
0.000 0.000 540.922 0.000 780.961 788.417 0.000 354.391
493.044 838.802 895.730 984.953 879.260 497.127 0.000 0.000
587.175 517.652 894.068 0.000 694.052 366.173 0.000 0.000
0.000 0.000 0.000 715.634 325.807 779.099 405.446 0.000
329.499 0.000 0.000 482.027 506.233 0.000 711.794 546.763
905.918 0.000 571.787 318.943 905.837 526.444 847.838 0.000
672.567 0.000 614.567 903.403 0.000 325.203 477.241 545.043
858.848 315.701 683.287 0.000 777.554 0.000 308.400 889.849
398.742 0.000 928.868 954.043 0.000 0.000 301.635 811.096
0.000 663.872 0.000 0.000 839.505 0.000 0.000 969.383
0.000 0.000 0.000 0.000 480.397 488.577 360.197 559.456
425.381 0.000 578.772 0.000 917.863 892.880 0.000 884.504
0.000 0.000 0.000 392.783 630.803 717.772 805.026 0.000
875.145 0.000 0.000 0.000 998.674 848.844 0.000 760.362
0.000 503.650 837.840 0.000 0.000 0.000 600.130 0.000
352.642 0.000 0.000 0.000 414.945 0.000 0.000 581.677
300.332 959.618 0.000 0.000 985.719 0.000 0.000 867.607
311.472 0.000 535.035 0.000 736.404 904.567 0.000 691.659
0.000 0.000 0.000 0.000 0.000 444.421 435.654 673.280
314.856 0.000 0.000 0.000 0.000 810.950 0.000 0.000
0.000 834.425 0.000 922.885 0.000 0.000 971.115 477.353
495.863 321.174 0.000 792.203 0.000 0.000 0.000 520.348
0.000 913.286 747.526 971.949 827.085 518.468 949.062 0.000
0.000 957.282 0.000 712.578 511.627 0.000 0.000 0.000
488.784 747.779 0.000 865.277 832.735 0.000 497.544 394.025
0.000 572.737 581.467 967.154 575.024 0.000 0.000 990.160
0.000 990.601 921.039 0.000 618.353 0.000 0.000 668.941
988.803 870.416 593.435 0.000 885.888 0.000 645.664 0.000
742.051 619.697 0.000 0.000 0.000 478.383 0.000 0.000
423.559 367.073 0.000 386.449 696.704 810.548 0.000 699.666
562.369 0.000 323.520 758.819 0.000 0.000 0.000 0.000
0.000 0.000 0.000 0.000 0.000 0.000 0.000 315.051
619.339 923.018 639.346 0.000 833.094 0.000 0.000 799.227
0.000 994.066 0.000 756.001 684.362 0.000 0.000 580.420
624.246 0.000 942.129 0.000 951.974 0.000 899.762 939.036
0.000 748.597 726.500 862.298 737.141 931.333 0.000 952.233
522.918 320.076 959.512 0.000 0.000 0.000 302.441 0.000
0.000 322.118 0.000 0.000 0.000 0.000 322.005 366.471
0.000 370.381 0.000 0.000 0.000 0.000 438.210 817.884
0.000 706.494 629.482 0.000 0.000 0.000 416.427 538.145
588.727 333.209 658.697 0.000 0.000 938.507 758.432 0.000
0.000 0.000 0.000 523.290 0.000 934.441 0.000 400.118
0.000 640.561 0.000 0.000 559.788 0.000 0.000 366.043
0.000 670.208 0.000 900.912 0.000 0.000 468.295 0.000
0.000 0.000 0.000 309.007 795.815 673.688 0.000 690.519
0.000 854.920 0.000 0.000 678.824 424.948 329.980 0.000
808.890 461.572 416.452 0.000 0.000 322.296 0.000 0.000
0.000 727.416 558.926 0.000 438.331 817.728 0.000 0.000
0.000 0.000 0.000 559.616 0.000 0.000 0.000 302.887
0.000 471.858 0.000 0.000 618.025 425.107 442.862 631.974
0.000 0.000 0.000 0.000 576.734 642.388 332.141 873.886
0.000 391.898 0.000 314.452 0.000 303.730 715.236 337.454
828.196 602.443 0.000 0.000 777.580 587.129 487.910 0.000
844.167 819.560 729.828 0.000 940.603 0.000 629.969 0.000
363.309 754.623 0.000 971.986 911.888 0.000 730.703 347.257
838.689 0.000 923.843 0.000 344.321 475.354 932.758 996.774
0.000 458.847 0.000 715.614 744.093 434.363 0.000 0.000
577.941 351.018 431.645 0.000 0.000 0.000 385.946 0.000
449.103 0.000 0.000 0.000 0.000 801.051 0.000 0.000
694.130 798.533 0.000 697.293 877.429 815.487 795.865 0.000
533.742 311.927 0.000 755.000 0.000 0.000 0.000 0.000
0.000 0.000 0.000 0.000 340.922 0.000 534.952 718.877
0.000 0.000 0.000 0.000 0.000 439.963 865.585 710.758
0.000 0.000 936.136 399.481 763.480 701.835 615.620 0.000
0.000 664.611 0.000 0.000 0.000 0.000 616.977 990.454
0.000 880.205 868.845 821.954 302.423 0.000 0.000 0.000
685.728 0.000 0.000 0.000 715.646 0.000 0.000 607.779
589.594 914.403 954.952 0.000 0.000 971.409 0.000 411.111
735.533 630.762 0.000 932.581 605.249 0.000 0.000 546.440
900.411 0.000 354.725 517.834 334.312 0.000 432.284 918.478
0.000 563.080 539.925 529.263 0.000 912.954 0.000 593.871
0.000 408.812 567.958 0.000 0.000 990.425 344.181 0.000
911.373 573.804 735.117 0.000 656.732 418.360 911.348 0.000
796.968 0.000 503.250 0.000 333.302 437.140 0.000 972.306
859.678 399.700 0.000 704.449 0.000 695.794 711.834 344.377
515.016 0.000 812.898 924.683 0.000 0.000 817.645 771.218
0.000 0.000 882.367 397.736 0.000 0.000 916.901 0.000
841.634 0.000 0.000 0.000 0.000 0.000 419.346 0.000
0.000 0.000 0.000 927.017 0.000 0.000 0.000 0.000
745.371 711.770 594.975 0.000 0.000 0.000 0.000 723.740
0.000 779.886 643.631 402.708 956.243 465.332 310.723 546.360
0.000 629.597 0.000 0.000 0.000 0.000 0.000 563.731
0.000 0.000 0.000 0.000 935.864 0.000 305.206 0.000
0.000 790.504 522.607 687.927 0.000 0.000 0.000 538.211
855.965 439.368 982.435 0.000 429.104 933.096 980.988 0.000
668.579 936.109 0.000 650.871 0.000 0.000 0.000 911.899
559.063 568.367 0.000 913.303 304.169 0.000 0.000 0.000
533.360 741.139 0.000 0.000 0.000 856.101 376.578 0.000
330.330 0.000 557.176 0.000 0.000 507.158 474.549 963.095
446.400 337.145 768.308 544.968 844.102 0.000 869.707 765.668
770.953 959.020 0.000 524.983 0.000 0.000 755.083 632.470
412.185 0.000 0.000 0.000 486.588 436.670 0.000 0.000
0.000 303.136 749.395 701.613 0.000 726.216 0.000 0.000
0.000 329.640 0.000 975.616 0.000 825.730 0.000 0.000
761.815 0.000 818.805 0.000 735.983 0.000 734.284 0.000
635.043 0.000 0.000 377.369 342.068 686.910 699.331 0.000
456.403 0.000 923.316 559.789 0.000 0.000 0.000 0.000
561.741 707.110 342.198 629.388 345.214 835.244 0.000 0.000
704.957 0.000 0.000 0.000 972.174 974.512 0.000 453.858
500.136 605.798 606.030 0.000 0.000 814.312 507.042 0.000
627.383 0.000 877.059 390.252 0.000 756.794 0.000 340.824
415.469 871.104 0.000 931.887 984.318 861.936 0.000 480.667
0.000 900.352 0.000 491.695 721.478 860.039 0.000 0.000
0.000 0.000 693.287 0.000 0.000 0.000 807.418 0.000
803.349 352.987 0.000 868.820 0.000 759.820 0.000 0.000
0.000 0.000 0.000 0.000 600.622 0.000 310.566 0.000
915.543 0.000 827.146 899.204 522.087 982.677 927.456 674.441
0.000 831.703 0.000 0.000 377.891 0.000 832.973 641.798
0.000 387.843 751.075 777.504 547.182 0.000 0.000 815.142
504.544 0.000 0.000 738.304 0.000 0.000 420.586 0.000
862.110 563.174 0.000 974.818 0.000 0.000 940.322 0.000
0.000 387.744 0.000 526.817 641.592 0.000 0.000 555.386
0.000 0.000 336.878 0.000 0.000 0.000 871.547 0.000
0.000 0.000 0.000 0.000 0.000 711.388 562.976 386.265
542.267 933.783 0.000 608.978 596.589 884.408 588.264 833.264
311.889 0.000 0.000 0.000 0.000 0.000 0.000 0.000
973.068 0.000 0.000 806.145 0.000 0.000 0.000 0.000
0.000 0.000 875.907 0.000 0.000 895.931 593.232 838.474
0.000 710.745 638.807 343.071 859.967 0.000 0.000 837.982
0.000 0.000 812.665 557.662 314.129 869.098 742.076 391.340
731.537 320.243 0.000 640.220 0.000 0.000 0.000 0.000
742.108 0.000 482.579 513.721 917.643 0.000 995.296 0.000
654.443 0.000 0.000 380.959 0.000 440.977 0.000 438.449
374.138 413.920 970.721 0.000 332.044 0.000 731.420 891.306
0.000 810.409 0.000 929.258 330.288 883.866 0.000 586.545
0.000 504.902 447.417 0.000 0.000 0.000 0.000 0.000
642.593 502.291 511.860 912.799 341.614 0.000 0.000 480.031
902.703 0.000 531.076 0.000 416.565 462.573 896.698 774.971
0.000 0.000 610.586 592.813 0.000 0.000 657.862 0.000
0.000 620.549 811.799 0.000 326.068 901.891 0.000 361.779
0.000 0.000 550.812 465.082 0.000 357.959 837.447 316.688
690.482 386.820 995.309 812.501 0.000 771.693 0.000 868.026
925.278 0.000 0.000 0.000 0.000 576.576 735.062 0.000
0.000 540.047 417.255 999.702 882.154 304.685 0.000 519.613
321.046 678.440 0.000 426.308 532.816 0.000 913.334 310.999
0.000 376.057 0.000 0.000 638.403 599.550 583.180 347.078
0.000 421.284 0.000 0.000 882.366 538.473 737.638 860.674
0.000 0.000 928.195 0.000 0.000 0.000 304.876 0.000
723.757 0.000 0.000 0.000 0.000 468.360 762.607 469.872
578.938 0.000 809.447 0.000 856.968 0.000 926.385 0.000
344.183 0.000 0.000 360.269 565.198 0.000 0.000 899.698
726.186 329.062 0.000 571.407 730.087 0.000 311.173 0.000
588.595 744.078 0.000 0.000 0.000 336.568 928.626 854.498
0.000 668.333 567.230 0.000 0.000 0.000 0.000 950.622
0.000 0.000 0.000 869.925 0.000 351.662 644.995 0.000
0.000 0.000 0.000 0.000 537.682 0.000 920.027 0.000
834.436 0.000 0.000 0.000 0.000 704.839 0.000 388.782
0.000 353.510 0.000 0.000 0.000 0.000 0.000 0.000
0.000 614.803 0.000 0.000 0.000 0.000 0.000 0.000
980.841 0.000 635.209 0.000 582.248 509.862 700.691 901.090
0.000 458.073 0.000 464.522 0.000 0.000 521.617 995.754
0.000 0.000 544.137 419.235 503.694 525.439 0.000 0.000
678.620 0.000 0.000 360.671 0.000 0.000 0.000 978.345
325.052 838.041 806.766 468.631 331.050 0.000 0.000 0.000
869.542 820.311 712.537 688.718 0.000 534.337 0.000 338.194
0.000 395.794 456.100 0.000 600.372 547.543 444.200 630.383
903.303 587.563 0.000 0.000 821.613 0.000 300.533 527.548
0.000 0.000 561.924 755.791 0.000 559.016 815.523 0.000
0.000 489.026 0.000 0.000 0.000 0.000 0.000 514.173
0.000 341.487 724.526 529.386 0.000 0.000 401.666 511.982
391.303 702.552 658.208 662.188 960.160 0.000 0.000 721.527
739.171 519.237 0.000 439.606 490.022 0.000 522.012 0.000
684.719 0.000 0.000 0.000 0.000 965.618 479.347 0.000
0.000 632.973 473.272 0.000 310.084 635.751 888.444 751.095
948.570 755.866 899.842 451.605 420.061 0.000 771.908 337.033
801.914 0.000 461.331 464.041 977.065 503.409 797.799 0.000
0.000 577.956 350.551 343.424 0.000 510.351 0.000 452.693
518.004 849.228 833.678 493.195 0.000 0.000 862.286 0.000
800.956 872.158 0.000 803.400 337.797 882.012 0.000 0.000
457.728 671.125 0.000 507.334 736.816 650.748 0.000 592.654
0.000 0.000 676.595 0.000 0.000 343.618 0.000 0.000
0.000 792.193 0.000 306.783 579.538 0.000 0.000 596.241
0.000 0.000 878.342 0.000 856.755 0.000 0.000 0.000
0.000 803.344 300.421 0.000 0.000 0.000 696.060 374.531
0.000 0.000 0.000 0.000 0.000 0.000 923.540 0.000
479.541 307.394 591.543 0.000 0.000 0.000 0.000 0.000
0.000 0.000 0.000 0.000 390.559 397.721 683.853 0.000
0.000 0.000 0.000 0.000 0.000 893.220 0.000 312.098
0.000 565.058 0.000 642.568 499.235 823.585 0.000 575.021
898.320 0.000 769.761 615.355 0.000 0.000 0.000 0.000
0.000 393.840 0.000 391.979 798.681 0.000 0.000 0.000
0.000 0.000 880.330 0.000 0.000 572.276 834.300 777.223
0.000 0.000 408.257 659.419 0.000 842.762 0.000 0.000
0.000 856.995 0.000 0.000 0.000 0.000 813.862 950.885
0.000 679.833 0.000 0.000 626.158 0.000 544.557 410.816
