1.000 0.500 0.500
1.000 0.560 0.500
1.000 0.620 0.500
1.000 0.680 0.500
1.000 0.740 0.500
1.000 0.800 0.500
1.000 0.860 0.500
1.000 0.920 0.500
1.000 0.980 0.500
0.960 1.000 0.500
0.900 1.000 0.500
0.840 1.000 0.500
0.780 1.000 0.500
0.720 1.000 0.500
0.660 1.000 0.500
0.600 1.000 0.500
0.540 1.000 0.500
0.500 1.000 0.520
0.500 1.000 0.580
0.500 1.000 0.640
0.500 1.000 0.700
0.500 1.000 0.760
0.500 1.000 0.820
0.500 1.000 0.880
0.500 1.000 0.940
0.500 1.000 1.000
0.500 0.940 1.000
0.500 0.880 1.000
0.500 0.820 1.000
0.500 0.760 1.000
0.500 0.700 1.000
0.500 0.640 1.000
0.500 0.580 1.000
0.500 0.520 1.000
0.540 0.500 1.000
0.600 0.500 1.000
0.660 0.500 1.000
0.720 0.500 1.000
0.780 0.500 1.000
0.840 0.500 1.000
0.900 0.500 1.000
0.960 0.500 1.000
1.000 0.500 0.980
1.000 0.500 0.920
1.000 0.500 0.860
1.000 0.500 0.800
1.000 0.500 0.740
1.000 0.500 0.680
1.000 0.500 0.620
1.000 0.500 0.560
