0.000 0.000 0.000 751.235 0.000 0.000 360.602 0.000
0.000 0.000 494.768 627.702 669.399 0.000 0.000 339.026
0.000 0.000 0.000 0.000 313.585 0.000 0.000 442.566
918.822 0.000 571.654 733.048 0.000 941.196 0.000 360.783
308.037 617.409 0.000 0.000 0.000 0.000 851.052 0.000
0.000 933.913 439.865 0.000 0.000 0.000 0.000 0.000
602.504 0.000 897.726 506.636 0.000 0.000 937.780 397.089
0.000 0.000 662.105 0.000 337.973 0.000 435.850 400.136
0.000 444.708 0.000 346.156 0.000 914.575 377.413 0.000
662.375 825.779 0.000 0.000 0.000 929.249 0.000 0.000
692.255 690.829 514.042 751.925 0.000 0.000 0.000 0.000
596.197 716.844 0.000 878.769 716.771 0.000 0.000 747.390
0.000 716.032 351.056 0.000 0.000 623.117 531.884 0.000
0.000 818.591 0.000 0.000 817.887 0.000 612.297 429.337
978.749 742.872 760.096 0.000 0.000 0.000 0.000 0.000
0.000 0.000 603.430 0.000 0.000 465.096 363.286 752.748
570.780 0.000 440.610 344.386 0.000 574.909 0.000 0.000
407.253 0.000 0.000 0.000 489.311 0.000 509.396 0.000
0.000 689.664 649.019 304.731 963.638 0.000 0.000 0.000
0.000 361.297 0.000 0.000 0.000 874.172 654.515 847.666
0.000 391.883 358.086 693.204 951.583 0.000 0.000 650.733
776.819 0.000 0.000 875.614 0.000 993.506 516.208 0.000
548.535 0.000 349.254 677.051 0.000 644.905 0.000 469.007
0.000 450.049 0.000 0.000 492.478 385.372 0.000 0.000
792.209 0.000 404.899 0.000 0.000 0.000 0.000 0.000
0.000 0.000 0.000 0.000 313.202 707.048 0.000 0.000
0.000 0.000 625.645 0.000 639.968 306.599 740.073 744.727
493.858 0.000 828.376 951.427 0.000 631.572 575.355 0.000
0.000 0.000 613.716 788.720 921.323 630.415 0.000 0.000
0.000 313.831 0.000 0.000 960.035 694.034 0.000 877.756
576.864 336.749 975.008 0.000 0.000 459.504 767.971 0.000
0.000 511.520 0.000 0.000 994.056 811.486 0.000 840.092
0.000 948.930 745.273 0.000 924.238 0.000 0.000 0.000
387.359 0.000 964.563 971.441 0.000 0.000 607.297 828.745
0.000 917.344 0.000 0.000 363.092 760.024 0.000 0.000
947.187 0.000 314.847 751.908 331.036 0.000 0.000 0.000
0.000 0.000 505.373 393.204 327.222 0.000 777.019 350.863
429.054 0.000 679.913 675.502 0.000 934.492 922.656 363.392
800.264 466.943 0.000 0.000 0.000 335.910 420.625 514.377
0.000 0.000 700.088 0.000 846.801 618.229 0.000 0.000
0.000 728.800 0.000 0.000 760.687 0.000 770.663 373.911
492.523 583.437 0.000 384.895 0.000 0.000 0.000 529.202
660.061 894.285 473.833 803.328 776.219 0.000 0.000 0.000
0.000 0.000 0.000 555.181 909.088 0.000 707.373 525.599
505.559 986.459 855.070 0.000 651.801 373.349 0.000 614.074
438.989 651.783 882.887 0.000 546.227 822.647 715.036 0.000
0.000 931.844 0.000 0.000 463.194 637.234 590.936 376.192
507.949 871.557 0.000 668.880 612.420 664.752 957.021 0.000
793.549 693.962 314.061 0.000 301.723 637.475 0.000 0.000
0.000 0.000 0.000 0.000 375.768 0.000 0.000 531.172
0.000 717.683 457.458 0.000 0.000 0.000 410.995 420.515
436.892 447.762 0.000 613.895 0.000 948.637 336.720 536.361
886.647 696.999 632.545 347.346 657.059 906.987 0.000 918.644
823.129 711.531 0.000 0.000 873.978 802.880 0.000 538.870
0.000 0.000 428.378 0.000 0.000 882.935 0.000 0.000
833.282 687.607 543.626 0.000 0.000 350.169 371.030 350.275
760.230 0.000 654.908 0.000 923.187 0.000 0.000 0.000
0.000 474.687 956.213 557.253 887.453 0.000 817.011 958.675
736.448 0.000 314.253 0.000 0.000 615.562 416.136 696.728
0.000 0.000 0.000 540.755 695.539 0.000 0.000 670.956
0.000 879.155 949.204 387.037 349.684 842.005 679.697 740.988
0.000 368.633 0.000 862.977 826.566 0.000 994.415 386.767
352.430 0.000 0.000 799.589 823.136 666.195 768.141 0.000
0.000 337.934 656.171 766.518 0.000 807.982 0.000 346.842
0.000 0.000 0.000 0.000 571.808 808.876 464.496 0.000
666.460 790.480 0.000 758.726 0.000 0.000 705.596 610.132
0.000 837.289 802.220 479.338 831.687 0.000 439.911 0.000
434.025 0.000 476.388 961.469 529.746 0.000 0.000 762.770
660.564 0.000 512.456 716.535 0.000 844.676 0.000 0.000
727.684 847.221 0.000 929.729 410.016 800.550 372.403 793.204
574.731 0.000 0.000 0.000 393.624 0.000 0.000 0.000
0.000 317.336 0.000 692.771 0.000 0.000 0.000 666.923
0.000 0.000 465.630 780.198 316.842 0.000 978.936 751.327
641.475 650.014 0.000 0.000 0.000 0.000 0.000 844.251
0.000 0.000 688.233 0.000 0.000 474.236 0.000 0.000
724.524 309.781 644.194 0.000 760.503 451.961 0.000 674.510
0.000 692.563 472.261 545.506 889.297 528.686 0.000 0.000
0.000 0.000 796.561 0.000 0.000 307.982 721.147 0.000
0.000 414.670 0.000 0.000 0.000 0.000 864.174 795.374
0.000 0.000 0.000 919.950 0.000 675.098 0.000 0.000
648.066 0.000 0.000 620.727 478.139 577.290 0.000 0.000
0.000 477.518 0.000 352.629 650.524 0.000 844.690 828.157
507.960 0.000 0.000 0.000 423.961 0.000 0.000 622.074
0.000 397.132 713.895 809.983 687.915 0.000 0.000 0.000
919.337 808.244 522.305 388.744 984.865 395.216 0.000 0.000
0.000 735.544 0.000 0.000 0.000 0.000 514.801 0.000
425.538 0.000 0.000 0.000 0.000 0.000 0.000 712.791
0.000 0.000 0.000 0.000 0.000 915.093 0.000 0.000
404.703 711.119 905.142 0.000 0.000 783.934 404.136 688.052
745.010 414.730 460.963 700.991 540.185 464.799 0.000 978.815
949.484 866.912 0.000 0.000 0.000 876.549 0.000 0.000
0.000 599.123 418.872 0.000 830.582 0.000 0.000 532.796
635.905 611.904 623.227 0.000 632.783 0.000 540.705 0.000
376.639 0.000 0.000 986.003 0.000 678.000 905.772 750.674
907.469 0.000 312.437 0.000 0.000 0.000 0.000 0.000
0.000 0.000 0.000 0.000 661.345 529.388 949.917 756.706
526.470 0.000 705.470 0.000 871.957 684.557 0.000 0.000
0.000 0.000 803.185 631.427 722.133 0.000 0.000 417.104
0.000 436.882 0.000 0.000 359.239 0.000 0.000 680.342
702.614 324.939 991.275 0.000 894.899 676.890 0.000 422.240
404.281 532.079 324.417 425.747 524.599 333.003 0.000 0.000
0.000 838.331 411.002 0.000 990.738 0.000 0.000 995.591
567.704 0.000 428.331 488.007 0.000 0.000 422.922 0.000
0.000 0.000 803.977 729.467 0.000 501.064 0.000 820.958
0.000 389.464 707.388 464.475 624.869 0.000 0.000 0.000
0.000 488.220 0.000 0.000 669.606 476.749 0.000 0.000
0.000 0.000 324.867 622.602 687.884 663.002 572.435 0.000
634.188 0.000 0.000 0.000 480.156 0.000 0.000 0.000
700.513 0.000 0.000 0.000 0.000 0.000 0.000 482.023
0.000 650.750 0.000 0.000 329.548 0.000 0.000 0.000
319.331 835.319 0.000 522.544 871.658 0.000 829.994 731.585
581.310 445.643 0.000 0.000 0.000 693.015 698.137 979.454
0.000 0.000 485.601 511.445 949.424 0.000 376.824 0.000
835.004 0.000 0.000 0.000 0.000 0.000 0.000 0.000
888.081 954.701 573.967 0.000 586.236 0.000 0.000 0.000
0.000 0.000 0.000 0.000 0.000 705.713 919.381 776.296
0.000 456.082 0.000 671.220 0.000 0.000 502.753 0.000
0.000 516.086 758.855 0.000 0.000 387.358 0.000 438.782
0.000 0.000 0.000 0.000 871.462 843.178 0.000 308.531
0.000 955.251 0.000 792.338 0.000 0.000 960.698 0.000
342.792 318.573 0.000 975.332 536.471 662.221 300.813 694.553
961.102 0.000 0.000 740.098 0.000 576.246 0.000 940.308
625.584 0.000 0.000 367.792 0.000 0.000 0.000 0.000
854.992 0.000 0.000 0.000 0.000 797.959 764.226 367.012
417.373 0.000 0.000 760.340 581.314 0.000 0.000 596.296
0.000 332.972 0.000 871.878 0.000 0.000 0.000 653.562
0.000 0.000 0.000 935.504 0.000 0.000 569.993 0.000
825.225 592.751 335.065 710.787 0.000 0.000 760.028 0.000
523.934 753.316 0.000 731.166 0.000 0.000 786.374 417.976
0.000 812.196 0.000 0.000 489.286 0.000 0.000 0.000
0.000 733.170 689.446 0.000 0.000 461.057 920.953 442.195
0.000 0.000 331.503 0.000 987.384 897.131 576.745 324.611
518.074 0.000 0.000 434.263 0.000 0.000 656.415 484.300
0.000 0.000 0.000 0.000 606.493 407.115 0.000 0.000
387.178 595.662 0.000 0.000 360.692 492.603 863.451 0.000
408.630 0.000 910.250 0.000 804.207 0.000 0.000 631.802
0.000 0.000 0.000 0.000 0.000 694.327 0.000 700.653
775.186 924.046 610.573 0.000 851.401 0.000 0.000 0.000
0.000 0.000 0.000 648.992 0.000 0.000 0.000 393.014
534.588 0.000 0.000 821.804 881.189 0.000 0.000 0.000
676.387 0.000 0.000 0.000 706.264 661.586 366.075 582.648
355.505 0.000 0.000 0.000 0.000 0.000 347.662 0.000
405.024 0.000 626.092 675.163 0.000 762.991 0.000 611.227
0.000 626.714 0.000 0.000 502.974 373.929 872.939 738.257
0.000 0.000 0.000 558.645 339.165 912.447 518.236 943.211
0.000 863.327 0.000 0.000 0.000 0.000 417.528 851.661
0.000 463.916 0.000 624.560 0.000 680.665 0.000 0.000
735.992 0.000 0.000 946.743 858.029 702.764 0.000 405.905
0.000 692.167 0.000 0.000 969.223 830.249 643.001 0.000
652.993 833.220 998.480 844.855 774.616 0.000 925.001 325.611
589.466 0.000 0.000 475.995 325.049 0.000 485.659 0.000
961.374 0.000 0.000 0.000 0.000 489.894 902.878 654.219
403.649 0.000 807.340 749.952 328.165 774.106 0.000 0.000
0.000 0.000 829.917 777.336 0.000 0.000 0.000 0.000
0.000 0.000 0.000 0.000 0.000 636.635 553.165 0.000
0.000 794.005 795.339 711.189 0.000 0.000 340.249 983.420
0.000 653.829 0.000 0.000 0.000 0.000 773.948 577.773
801.942 880.481 892.953 572.855 0.000 0.000 0.000 0.000
0.000 417.695 362.487 0.000 870.969 676.052 716.006 603.071
620.156 0.000 510.474 991.851 0.000 466.804 979.711 727.747
959.687 680.678 0.000 999.962 614.827 785.773 511.227 0.000
0.000 0.000 0.000 968.459 623.781 0.000 392.463 0.000
0.000 0.000 0.000 0.000 0.000 0.000 966.779 0.000
0.000 0.000 0.000 497.273 973.281 796.212 0.000 687.112
746.630 0.000 857.084 0.000 697.979 0.000 0.000 0.000
840.932 0.000 484.625 0.000 0.000 317.621 664.078 0.000
0.000 0.000 0.000 0.000 536.150 716.567 0.000 499.083
676.570 0.000 956.248 553.941 0.000 0.000 544.784 0.000
365.045 662.706 0.000 794.834 754.314 936.613 0.000 675.241
310.657 344.239 678.770 0.000 0.000 621.650 0.000 0.000
0.000 306.370 0.000 953.970 731.189 478.446 585.684 488.682
0.000 0.000 614.258 544.490 0.000 0.000 0.000 446.993
0.000 0.000 0.000 524.945 0.000 960.222 463.652 645.485
0.000 654.168 720.107 0.000 629.976 541.987 0.000 0.000
608.100 767.206 0.000 0.000 0.000 0.000 418.237 0.000
0.000 0.000 753.927 0.000 960.151 321.816 802.610 389.878
0.000 610.897 627.831 0.000 0.000 304.274 962.892 612.995
0.000 0.000 0.000 0.000 951.654 0.000 0.000 0.000
0.000 874.146 0.000 385.103 446.724 0.000 0.000 0.000
0.000 680.423 0.000 493.537 0.000 0.000 393.654 0.000
501.502 0.000 0.000 0.000 0.000 0.000 311.853 672.289
0.000 0.000 0.000 947.240 750.119 0.000 449.336 0.000
456.584 0.000 0.000 329.074 0.000 0.000 0.000 949.066
947.328 0.000 0.000 468.865 491.458 0.000 0.000 413.745
0.000 399.955 0.000 0.000 0.000 0.000 0.000 0.000
0.000 541.729 776.921 974.947 850.682 0.000 0.000 0.000
581.083 0.000 0.000 381.589 542.972 0.000 0.000 429.352
0.000 955.148 490.721 0.000 0.000 609.734 800.717 0.000
509.955 0.000 396.574 892.313 0.000 0.000 657.655 949.216
0.000 554.290 656.681 0.000 923.977 0.000 0.000 0.000
0.000 0.000 0.000 0.000 328.408 664.020 908.696 896.684
0.000 0.000 446.044 407.742 0.000 311.030 0.000 0.000
0.000 988.466 614.092 0.000 831.819 0.000 307.382 882.812
715.237 944.936 562.294 426.543 648.073 511.629 430.893 407.423
0.000 939.643 0.000 396.088 0.000 959.986 0.000 0.000
0.000 0.000 0.000 0.000 0.000 0.000 464.558 490.938
0.000 374.664 677.395 569.040 0.000 0.000 0.000 595.196
963.754 674.263 879.933 719.578 0.000 879.416 0.000 692.692
587.071 0.000 0.000 807.636 0.000 0.000 676.741 705.950
0.000 680.193 0.000 416.049 0.000 0.000 803.731 0.000
980.514 449.663 0.000 0.000 0.000 0.000 0.000 532.799
0.000 860.162 693.860 0.000 823.055 532.146 692.109 0.000
0.000 0.000 935.331 516.154 976.288 981.960 0.000 0.000
0.000 0.000 538.827 0.000 0.000 896.710 878.431 809.263
571.353 0.000 0.000 798.339 581.710 0.000 0.000 555.502
752.229 0.000 744.880 505.611 0.000 0.000 693.856 858.773
0.000 0.000 0.000 0.000 393.994 0.000 0.000 0.000
578.934 455.851 0.000 511.287 0.000 418.948 0.000 329.936
0.000 0.000 0.000 0.000 581.781 865.732 598.245 0.000
0.000 0.000 354.879 833.912 511.029 636.690 0.000 584.378
0.000 461.408 0.000 803.158 0.000 0.000 523.795 536.563
966.370 593.014 948.877 0.000 476.993 490.551 0.000 0.000
655.348 0.000 0.000 625.209 626.843 401.880 0.000 0.000
960.797 0.000 396.752 0.000 347.891 0.000 0.000 0.000
0.000 862.656 0.000 0.000 0.000 0.000 720.986 0.000
0.000 0.000 913.407 977.980 0.000 0.000 0.000 0.000
0.000 348.580 0.000 756.616 0.000 0.000 833.733 0.000
0.000 554.423 0.000 0.000 462.584 421.841 0.000 451.008
823.174 846.970 824.571 844.931 0.000 0.000 560.221 356.574
0.000 848.586 0.000 0.000 0.000 0.000 0.000 0.000
0.000 0.000 0.000 352.155 927.614 879.875 540.543 0.000
0.000 0.000 458.212 0.000 0.000 951.498 0.000 0.000
0.000 0.000 770.283 0.000 0.000 0.000 731.368 549.521
890.727 691.114 0.000 629.736 673.243 345.580 889.259 531.779
416.617 0.000 0.000 0.000 633.073 0.000 820.476 0.000
0.000 0.000 0.000 666.241 994.789 0.000 815.548 402.954
315.876 0.000 736.943 0.000 0.000 832.617 0.000 0.000
302.336 0.000 0.000 311.570 0.000 951.030 0.000 607.658
0.000 0.000 0.000 872.517 0.000 0.000 702.317 0.000
734.675 730.289 312.667 388.264 584.182 0.000 307.730 0.000
529.214 0.000 327.775 0.000 0.000 0.000 642.598 0.000
828.030 0.000 0.000 412.837 404.209 686.575 0.000 0.000
0.000 991.755 0.000 316.572 0.000 0.000 0.000 0.000
0.000 817.910 330.310 736.771 0.000 838.954 499.676 378.452
759.770 0.000 517.588 342.758 0.000 595.826 713.444 0.000
0.000 0.000 0.000 0.000 0.000 872.420 0.000 0.000
0.000 0.000 0.000 0.000 869.798 0.000 0.000 0.000
0.000 859.075 0.000 0.000 0.000 554.614 718.203 410.253
0.000 0.000 0.000 389.811 0.000 348.663 447.908 0.000
0.000 0.000 369.798 0.000 0.000 0.000 386.049 0.000
0.000 0.000 829.387 335.737 0.000 0.000 880.867 417.462
0.000 556.919 479.383 617.146 552.424 0.000 0.000 663.592
471.897 722.737 0.000 0.000 336.278 0.000 0.000 0.000
0.000 0.000 0.000 330.934 0.000 0.000 703.946 0.000
0.000 815.297 420.599 496.249 0.000 0.000 0.000 441.554
414.010 0.000 0.000 0.000 450.691 0.000 0.000 431.744
0.000 0.000 402.933 0.000 0.000 0.000 893.685 0.000
362.914 582.983 518.926 459.640 362.935 637.294 421.226 485.775
636.228 0.000 787.838 562.428 872.814 627.926 0.000 386.807
473.958 717.323 0.000 617.585 358.145 0.000 0.000 0.000
0.000 801.606 0.000 300.317 843.080 0.000 0.000 0.000
413.044 0.000 811.916 500.484 0.000 689.863 0.000 0.000
712.874 603.432 573.955 964.845 0.000 0.000 483.509 0.000
0.000 0.000 994.962 360.393 0.000 0.000 944.140 0.000
0.000 0.000 0.000 859.473 0.000 0.000 641.789 906.440
0.000 646.907 621.796 977.550 840.219 304.258 0.000 318.128
0.000 0.000 306.529 422.162 833.730 0.000 0.000 0.000
574.807 0.000 457.072 0.000 671.763 0.000 0.000 985.184
0.000 0.000 0.000 0.000 475.300 0.000 777.526 416.457
0.000 406.699 479.558 871.892 719.279 809.769 0.000 599.309
0.000 615.647 0.000 527.657 0.000 0.000 0.000 0.000
845.127 0.000 902.863 0.000 0.000 843.335 0.000 0.000
335.201 0.000 0.000 0.000 949.117 396.619 0.000 836.137
454.332 787.893 0.000 0.000 0.000 0.000 0.000 572.719
922.747 811.462 0.000 0.000 840.101 0.000 937.957 0.000
0.000 0.000 590.424 496.826 921.902 0.000 538.251 518.920
766.982 0.000 333.089 945.468 539.372 361.920 488.732 925.807
0.000 0.000 0.000 0.000 999.950 0.000 0.000 370.671
0.000 984.970 0.000 915.356 372.909 880.898 747.107 0.000
380.632 0.000 0.000 363.472 452.511 981.670 439.884 865.195
966.524 416.323 907.411 917.385 832.428 0.000 0.000 0.000
0.000 858.547 731.716 0.000 578.728 729.665 0.000 0.000
700.350 0.000 470.093 0.000 0.000 643.170 491.122 0.000
0.000 0.000 526.649 0.000 968.824 316.772 0.000 619.603
750.898 983.664 924.093 647.685 726.191 615.833 0.000 385.845
944.181 458.488 470.687 0.000 534.088 0.000 0.000 784.570
945.195 0.000 476.812 0.000 0.000 987.996 0.000 0.000
0.000 0.000 0.000 482.790 0.000 614.749 772.460 0.000
583.799 0.000 529.601 0.000 0.000 882.095 932.280 0.000
441.442 612.638 0.000 0.000 451.946 0.000 575.684 550.627
658.049 0.000 0.000 925.944 0.000 0.000 0.000 552.316
0.000 950.898 0.000 808.954 895.188 0.000 0.000 343.481
927.609 0.000 0.000 0.000 0.000 613.864 309.660 661.193
0.000 0.000 0.000 522.204 770.046 0.000 349.915 644.299
0.000 328.706 523.325 923.040 619.517 891.180 380.943 919.747
728.990 970.399 664.005 0.000 890.971 0.000 652.184 0.000
817.357 0.000 968.438 373.264 0.000 655.780 475.159 0.000
353.217 733.844 987.294 0.000 959.844 0.000 0.000 748.176
0.000 964.782 0.000 0.000 716.097 0.000 0.000 813.281
0.000 505.414 326.759 0.000 577.850 0.000 0.000 777.082
0.000 374.781 472.712 0.000 770.603 0.000 0.000 877.023
0.000 0.000 0.000 0.000 0.000 855.758 705.399 671.620
872.187 0.000 600.949 0.000 728.060 309.083 0.000 846.828
565.505 0.000 547.357 620.170 0.000 0.000 0.000 0.000
902.284 895.211 0.000 955.813 0.000 333.384 543.278 0.000
915.315 0.000 0.000 827.705 0.000 541.405 0.000 0.000
0.000 997.704 554.820 0.000 391.142 540.926 0.000 0.000
828.390 495.117 456.365 0.000 0.000 0.000 365.975 0.000
0.000 312.758 572.481 0.000 0.000 692.140 0.000 849.199
928.378 0.000 0.000 306.476 823.607 0.000 370.340 909.499
0.000 540.862 0.000 768.467 972.765 410.282 0.000 0.000
770.108 325.831 937.331 0.000 779.390 388.892 614.907 887.935
817.380 709.681 0.000 0.000 0.000 0.000 596.621 382.245
745.716 831.708 929.543 374.271 0.000 669.894 378.995 623.915
506.028 690.474 0.000 942.815 0.000 452.910 334.904 0.000
623.000 650.294 0.000 0.000 464.475 843.184 0.000 0.000
708.395 924.024 0.000 712.443 0.000 791.827 767.897 0.000
0.000 311.454 0.000 0.000 0.000 0.000 0.000 823.091
966.588 868.210 412.942 472.289 0.000 0.000 0.000 708.086
758.654 497.308 0.000 840.654 0.000 734.230 0.000 0.000
599.360 570.428 479.969 744.290 603.932 686.721 329.144 0.000
702.470 965.184 0.000 503.591 582.279 0.000 0.000 989.015
682.366 716.558 0.000 0.000 0.000 0.000 0.000 939.340
600.260 0.000 850.638 738.747 460.264 734.701 0.000 0.000
899.283 0.000 330.548 0.000 875.962 0.000 468.064 541.996
307.418 355.349 0.000 0.000 0.000 527.387 0.000 634.304
361.589 633.692 0.000 0.000 410.783 471.758 610.057 0.000
622.501 0.000 927.778 748.545 384.104 0.000 0.000 323.366
0.000 0.000 0.000 779.840 805.628 0.000 823.946 0.000
0.000 919.254 842.296 878.277 0.000 340.758 610.057 850.603
979.728 0.000 698.976 634.598 0.000 0.000 591.997 0.000
0.000 884.898 649.681 0.000 0.000 0.000 0.000 0.000
0.000 0.000 0.000 0.000 0.000 766.800 570.645 564.600
521.014 0.000 849.750 0.000 0.000 0.000 677.677 725.328
0.000 656.119 0.000 0.000 716.505 937.979 0.000 429.210
546.569 827.770 0.000 0.000 0.000 923.825 0.000 865.750
0.000 0.000 561.368 341.919 440.021 0.000 950.817 999.623
0.000 761.490 0.000 0.000 862.781 0.000 537.723 0.000
0.000 337.047 418.006 526.018 613.411 726.462 0.000 0.000
746.323 0.000 0.000 975.244 0.000 0.000 0.000 831.874
0.000 0.000 644.595 0.000 458.362 734.827 0.000 730.575
769.675 886.388 639.966 772.783 632.962 0.000 0.000 0.000
889.491 0.000 0.000 598.766 0.000 530.429 533.450 513.038
0.000 0.000 617.909 0.000 856.247 0.000 0.000 0.000
432.810 0.000 799.504 0.000 427.566 396.717 0.000 893.275
660.553 806.276 431.109 0.000 965.741 0.000 0.000 893.985
738.343 0.000 0.000 0.000 0.000 0.000 912.890 353.300
550.724 872.380 0.000 843.084 0.000 680.363 836.400 325.688
308.628 0.000 698.227 740.332 0.000 643.904 823.347 0.000
0.000 762.252 0.000 620.085 0.000 0.000 0.000 0.000
339.795 0.000 424.672 774.157 737.764 0.000 0.000 0.000
561.977 0.000 603.695 0.000 500.797 389.081 0.000 544.186
913.096 510.638 578.888 329.424 0.000 0.000 323.471 0.000
0.000 523.724 0.000 635.508 781.410 990.456 996.171 0.000
0.000 0.000 0.000 469.496 397.383 0.000 487.453 814.404
0.000 0.000 0.000 0.000 562.755 0.000 648.837 0.000
602.430 0.000 543.993 0.000 0.000 355.962 814.617 0.000
395.676 715.462 0.000 0.000 0.000 0.000 461.738 0.000
0.000 0.000 0.000 0.000 921.740 0.000 0.000 851.523
376.217 0.000 802.367 499.233 0.000 420.668 0.000 978.148
540.546 0.000 805.183 624.428 0.000 817.813 431.738 0.000
0.000 0.000 806.050 448.046 0.000 0.000 0.000 423.209
0.000 0.000 0.000 0.000 729.935 941.733 0.000 0.000
986.087 581.911 0.000 0.000 614.304 0.000 0.000 718.831
0.000 0.000 473.838 0.000 0.000 798.589 0.000 481.719
0.000 0.000 987.969 0.000 0.000 328.357 0.000 0.000
466.738 0.000 390.589 311.233 0.000 0.000 942.005 908.911
768.994 801.298 0.000 0.000 0.000 0.000 827.570 0.000
988.389 370.208 662.619 500.214 871.198 0.000 0.000 0.000
301.187 853.970 345.973 0.000 0.000 415.113 829.397 844.622
917.305 0.000 339.405 952.139 380.332 787.931 883.755 0.000
0.000 0.000 505.139 397.161 0.000 641.325 0.000 688.356
0.000 0.000 0.000 0.000 0.000 486.067 0.000 0.000
0.000 0.000 0.000 0.000 747.703 0.000 765.557 0.000
0.000 629.027 682.410 850.327 0.000 797.661 0.000 356.192
961.790 0.000 347.197 0.000 0.000 0.000 416.455 949.657
493.739 0.000 0.000 487.115 565.311 776.129 510.357 0.000
0.000 0.000 0.000 0.000 0.000 603.614 854.187 0.000
449.416 624.030 0.000 0.000 774.985 621.695 890.759 957.120
0.000 0.000 606.863 0.000 481.763 0.000 0.000 0.000
319.918 0.000 784.591 0.000 404.505 393.366 752.094 742.011
684.222 0.000 0.000 977.619 0.000 567.526 0.000 0.000
0.000 903.063 0.000 0.000 0.000 0.000 734.802 957.101
0.000 0.000 0.000 0.000 0.000 0.000 861.450 0.000
322.008 352.390 0.000 0.000 0.000 764.260 0.000 0.000
608.943 636.457 458.922 0.000 460.871 358.896 0.000 0.000
781.320 0.000 901.441 0.000 0.000 0.000 0.000 0.000
851.990 512.793 0.000 0.000 0.000 0.000 868.037 541.963
0.000 794.145 0.000 0.000 0.000 362.623 0.000 963.340
634.544 972.536 349.045 761.121 0.000 386.567 0.000 0.000
0.000 0.000 506.862 374.022 706.819 359.385 608.717 516.408
0.000 0.000 0.000 0.000 437.060 680.684 336.780 0.000
958.866 0.000 0.000 0.000 0.000 632.507 0.000 891.640
0.000 645.226 865.204 0.000 814.446 735.757 751.276 420.308
386.502 832.366 0.000 0.000 0.000 929.232 338.951 0.000
676.578 633.197 0.000 612.895 858.664 758.559 804.240 830.810
0.000 0.000 0.000 0.000 0.000 386.845 517.250 0.000
423.220 730.197 0.000 455.363 0.000 506.722 0.000 706.420
621.541 932.973 372.499 0.000 678.488 366.091 419.506 698.026
0.000 813.522 0.000 775.533 705.550 717.165 452.087 453.777
0.000 707.317 0.000 0.000 0.000 472.617 0.000 0.000
582.143 922.771 968.562 675.695 783.933 932.607 0.000 764.161
528.530 939.963 917.975 865.588 926.061 402.101 0.000 0.000
950.734 836.399 717.215 0.000 773.460 0.000 0.000 442.536
0.000 883.822 0.000 0.000 0.000 444.984 0.000 615.470
0.000 0.000 0.000 0.000 808.830 839.407 0.000 0.000
897.318 0.000 498.289 0.000 0.000 0.000 868.013 404.230
0.000 0.000 0.000 0.000 0.000 0.000 608.827 488.826
0.000 775.556 569.737 0.000 680.439 0.000 933.125 0.000
0.000 0.000 717.884 0.000 611.191 529.494 352.195 957.132
0.000 999.572 0.000 759.124 885.644 938.398 564.253 471.628
493.673 587.943 933.875 0.000 0.000 0.000 682.159 0.000
0.000 0.000 348.848 614.772 446.895 0.000 0.000 577.952
402.861 753.120 0.000 757.775 0.000 0.000 503.326 384.515
414.973 0.000 394.346 420.074 531.076 955.698 856.539 678.041
555.307 0.000 0.000 343.048 0.000 0.000 746.766 350.961
464.884 841.262 976.782 0.000 0.000 716.830 798.168 0.000
662.537 671.159 0.000 552.746 0.000 649.516 420.669 335.905
0.000 0.000 464.377 788.008 891.051 0.000 0.000 340.473
966.361 440.725 738.294 0.000 779.388 0.000 0.000 0.000
0.000 802.634 388.320 0.000 716.460 0.000 483.516 308.405
0.000 761.568 0.000 544.100 864.668 968.685 0.000 548.391
657.508 427.840 932.567 0.000 502.927 612.238 0.000 721.370
0.000 385.519 776.483 880.947 0.000 341.972 721.998 0.000
0.000 358.230 0.000 0.000 0.000 0.000 0.000 344.760
0.000 0.000 0.000 663.740 0.000 0.000 474.241 0.000
843.265 0.000 386.907 0.000 874.584 0.000 0.000 0.000
797.017 0.000 0.000 475.677 0.000 930.582 450.651 0.000
932.345 924.241 0.000 439.377 0.000 0.000 615.233 953.445
0.000 0.000 517.748 0.000 0.000 0.000 0.000 525.388
0.000 0.000 995.708 0.000 331.663 486.091 0.000 778.312
0.000 0.000 0.000 884.303 552.407 0.000 0.000 902.225
972.318 862.186 523.735 900.404 0.000 0.000 874.145 766.001
662.066 0.000 920.355 518.421 831.464 493.155 852.663 0.000
777.120 0.000 573.147 523.383 950.282 479.856 421.334 0.000
834.693 426.385 0.000 0.000 0.000 0.000 0.000 457.875
318.560 838.686 308.696 0.000 0.000 498.426 0.000 0.000
0.000 0.000 0.000 0.000 0.000 316.631 300.924 0.000
0.000 0.000 963.793 785.908 0.000 0.000 966.301 521.553
0.000 0.000 876.648 577.114 0.000 0.000 0.000 0.000
0.000 566.181 0.000 663.489 817.695 989.476 620.835 0.000
0.000 486.335 634.811 0.000 0.000 440.756 992.661 0.000
0.000 394.298 560.908 521.017 503.101 0.000 858.665 0.000
0.000 606.172 857.299 446.420 0.000 0.000 0.000 344.545
0.000 952.988 0.000 0.000 0.000 372.249 0.000 328.011
874.826 720.565 0.000 0.000 0.000 0.000 313.682 0.000
640.303 675.689 0.000 0.000 0.000 0.000 935.716 0.000
663.366 0.000 703.012 636.407 0.000 452.458 0.000 849.424
950.687 886.653 0.000 0.000 0.000 816.346 0.000 596.594
0.000 993.947 0.000 679.812 0.000 449.539 425.808 899.597
0.000 0.000 0.000 991.382 0.000 0.000 0.000 0.000
0.000 631.179 401.734 320.692 0.000 899.507 437.386 0.000
794.489 0.000 0.000 922.095 662.840 0.000 456.591 0.000
0.000 711.789 0.000 0.000 0.000 0.000 0.000 0.000
748.733 0.000 0.000 321.901 955.812 348.733 809.163 846.586
0.000 391.588 0.000 0.000 0.000 932.372 570.381 0.000
0.000 0.000 0.000 731.390 468.890 729.390 603.771 352.467
0.000 586.479 357.341 0.000 871.276 0.000 895.167 829.356
0.000 363.360 0.000 690.562 0.000 0.000 0.000 0.000
0.000 0.000 442.355 474.014 971.223 0.000 0.000 0.000
882.365 485.706 782.283 0.000 0.000 0.000 680.205 0.000
0.000 0.000 871.990 651.933 320.109 369.883 0.000 352.910
626.512 0.000 472.387 0.000 0.000 0.000 856.872 716.023
356.032 530.012 0.000 0.000 647.945 0.000 661.638 0.000
682.948 699.211 340.949 0.000 814.523 581.242 388.938 0.000
0.000 615.347 0.000 0.000 962.282 363.124 0.000 0.000
0.000 911.889 408.261 453.945 0.000 0.000 0.000 449.784
920.693 0.000 0.000 0.000 856.607 743.362 0.000 749.028
0.000 0.000 0.000 0.000 595.072 0.000 0.000 0.000
551.984 962.977 0.000 866.002 0.000 0.000 740.326 0.000
0.000 325.360 874.422 0.000 0.000 462.220 521.821 0.000
653.168 545.431 920.454 365.047 938.476 972.460 0.000 0.000
0.000 0.000 999.508 389.324 0.000 774.293 897.822 0.000
956.399 679.198 0.000 476.209 0.000 0.000 709.019 0.000
817.425 607.733 0.000 0.000 466.179 0.000 0.000 592.959
319.838 0.000 0.000 361.040 505.737 556.548 0.000 641.198
0.000 691.083 0.000 0.000 0.000 0.000 0.000 404.661
0.000 0.000 665.967 956.183 0.000 0.000 0.000 0.000
0.000 0.000 423.735 855.204 0.000 0.000 583.263 858.765
565.007 875.952 707.238 0.000 463.170 0.000 0.000 607.733
0.000 0.000 0.000 798.832 0.000 0.000 0.000 0.000
316.797 0.000 0.000 505.957 0.000 0.000 0.000 0.000
397.488 0.000 0.000 0.000 0.000 809.525 792.551 390.716
0.000 469.357 889.363 863.771 0.000 0.000 0.000 0.000
618.622 623.789 0.000 930.228 0.000 0.000 567.320 0.000
0.000 0.000 805.082 876.918 0.000 657.940 754.356 0.000
0.000 908.262 536.364 908.431 0.000 595.919 0.000 0.000
693.506 745.387 0.000 0.000 693.757 554.838 695.912 546.248
528.873 975.207 545.853 0.000 0.000 0.000 0.000 0.000
0.000 586.415 394.699 685.567 0.000 0.000 397.725 0.000
709.005 876.894 0.000 673.751 0.000 598.006 0.000 0.000
391.775 0.000 994.382 0.000 0.000 0.000 891.452 390.819
0.000 0.000 0.000 567.154 558.366 0.000 0.000 802.036
0.000 734.359 703.344 538.780 0.000 630.621 626.737 934.627
761.153 0.000 0.000 0.000 0.000 0.000 443.010 749.289
0.000 0.000 0.000 769.955 0.000 0.000 0.000 0.000
0.000 0.000 0.000 0.000 0.000 927.345 719.206 0.000
0.000 0.000 0.000 0.000 710.235 830.986 0.000 419.734
906.792 0.000 743.245 357.213 0.000 667.263 0.000 995.063
0.000 0.000 902.252 862.842 435.113 732.695 0.000 0.000
0.000 0.000 0.000 0.000 856.717 0.000 0.000 885.809
873.979 770.302 792.126 393.379 0.000 878.977 0.000 819.035
0.000 531.493 0.000 0.000 0.000 587.321 0.000 776.569
707.305 936.228 504.797 662.900 0.000 735.529 364.392 887.918
0.000 0.000 357.228 470.276 0.000 0.000 0.000 0.000
0.000 970.137 702.461 0.000 0.000 0.000 337.888 0.000
0.000 547.896 0.000 0.000 603.160 0.000 333.052 337.720
704.101 757.650 312.429 662.109 488.276 0.000 690.625 998.978
939.639 958.972 666.053 617.406 0.000 0.000 0.000 0.000
631.261 515.054 878.752 412.299 0.000 901.533 404.668 836.006
