360.966 0.000 536.432 0.000 0.000 638.098 0.000 0.000
0.000 462.070 451.251 877.181 696.016 0.000 754.643 720.937
483.428 947.092 397.398 0.000 0.000 0.000 460.616 780.544
0.000 460.614 0.000 0.000 0.000 460.834 0.000 0.000
0.000 0.000 942.523 844.518 0.000 657.882 822.953 0.000
535.298 430.986 868.629 0.000 923.829 0.000 0.000 385.014
0.000 0.000 0.000 0.000 753.136 0.000 0.000 0.000
0.000 0.000 0.000 636.844 613.704 952.734 563.009 511.770
373.987 0.000 569.197 586.742 0.000 876.648 0.000 0.000
462.993 695.681 975.294 0.000 563.715 962.139 0.000 628.758
475.856 0.000 818.272 0.000 350.744 984.187 461.442 314.846
0.000 462.143 0.000 515.124 0.000 0.000 541.249 0.000
348.363 858.477 489.816 595.035 0.000 0.000 0.000 408.964
916.485 0.000 0.000 0.000 0.000 0.000 0.000 0.000
0.000 629.128 663.517 884.413 0.000 0.000 0.000 0.000
914.934 879.690 668.408 552.905 0.000 792.090 0.000 0.000
434.762 557.026 0.000 0.000 0.000 0.000 306.563 992.991
531.471 0.000 445.861 0.000 772.703 719.628 537.647 0.000
0.000 0.000 933.079 343.409 0.000 970.974 0.000 0.000
0.000 640.038 769.699 758.612 894.975 0.000 855.650 0.000
489.944 0.000 941.044 0.000 557.518 608.171 0.000 876.809
395.727 0.000 0.000 625.775 0.000 0.000 416.269 0.000
575.920 0.000 0.000 0.000 0.000 0.000 0.000 0.000
754.206 0.000 0.000 648.586 825.765 535.490 486.846 0.000
888.347 0.000 0.000 491.055 0.000 0.000 964.086 0.000
815.931 634.918 0.000 379.464 410.904 996.101 347.421 799.893
0.000 792.247 0.000 0.000 0.000 336.807 502.885 0.000
625.608 850.096 564.998 0.000 0.000 0.000 378.048 555.556
0.000 0.000 842.034 943.400 0.000 0.000 307.741 0.000
363.157 0.000 912.127 817.473 0.000 939.597 590.474 308.029
960.257 0.000 821.692 0.000 0.000 310.883 0.000 788.544
0.000 788.915 0.000 0.000 0.000 506.143 0.000 0.000
778.909 0.000 0.000 0.000 0.000 0.000 0.000 771.062
0.000 354.268 0.000 346.115 820.159 0.000 0.000 348.424
0.000 441.582 0.000 0.000 794.817 588.310 636.853 0.000
0.000 309.933 0.000 768.210 502.849 0.000 0.000 0.000
0.000 716.518 0.000 948.461 913.287 0.000 640.872 0.000
0.000 0.000 0.000 0.000 0.000 649.168 0.000 0.000
837.023 0.000 957.920 0.000 456.034 0.000 418.998 0.000
0.000 766.555 0.000 0.000 977.138 833.147 0.000 624.662
716.655 0.000 0.000 306.921 491.040 848.249 885.700 422.204
0.000 0.000 0.000 901.794 994.185 604.925 0.000 0.000
694.937 960.626 700.084 0.000 0.000 663.190 695.235 0.000
787.018 0.000 0.000 0.000 0.000 0.000 0.000 0.000
330.199 592.788 0.000 0.000 0.000 462.427 0.000 0.000
755.682 0.000 0.000 0.000 0.000 0.000 0.000 0.000
797.412 947.781 318.328 0.000 0.000 360.785 984.589 0.000
0.000 935.002 668.929 0.000 0.000 690.428 0.000 0.000
0.000 751.548 475.479 0.000 0.000 0.000 898.737 0.000
370.310 442.478 0.000 533.095 874.920 947.075 0.000 976.467
752.601 436.612 0.000 942.080 0.000 992.350 497.220 0.000
0.000 876.867 0.000 805.061 778.092 963.443 372.757 833.307
0.000 0.000 954.952 954.364 0.000 0.000 0.000 903.356
531.983 924.647 0.000 917.168 886.407 0.000 933.614 0.000
879.740 0.000 0.000 770.755 0.000 0.000 0.000 861.264
318.032 0.000 0.000 850.686 943.420 995.588 868.414 0.000
0.000 0.000 853.284 449.597 797.317 600.186 769.539 493.792
0.000 0.000 558.819 0.000 0.000 0.000 0.000 0.000
875.662 0.000 0.000 581.787 660.861 0.000 944.185 0.000
725.863 0.000 0.000 902.119 338.953 848.712 620.229 562.493
448.570 0.000 0.000 870.495 808.817 0.000 605.158 543.955
453.059 0.000 516.861 869.808 0.000 0.000 927.391 0.000
313.648 763.262 0.000 438.525 555.649 0.000 850.160 0.000
490.051 0.000 314.590 328.224 0.000 773.560 671.425 503.489
968.593 0.000 0.000 890.130 0.000 0.000 0.000 0.000
958.853 0.000 0.000 414.880 350.149 0.000 0.000 774.928
0.000 0.000 456.026 705.216 708.316 0.000 474.952 454.377
984.073 638.081 0.000 558.362 642.023 0.000 363.241 742.804
0.000 0.000 795.658 0.000 0.000 854.106 895.572 528.421
518.174 0.000 463.708 0.000 0.000 0.000 976.640 0.000
0.000 715.916 638.629 694.443 0.000 0.000 0.000 0.000
466.361 998.714 761.876 0.000 0.000 0.000 0.000 331.927
816.313 0.000 992.435 786.232 0.000 820.202 0.000 636.069
0.000 0.000 633.743 0.000 0.000 501.013 0.000 0.000
840.389 0.000 934.901 0.000 469.543 0.000 0.000 0.000
975.671 0.000 709.573 300.317 556.251 842.284 0.000 541.256
349.504 831.599 0.000 536.081 0.000 676.807 0.000 992.720
968.256 0.000 0.000 0.000 0.000 0.000 526.824 871.522
0.000 928.751 512.191 0.000 0.000 887.479 553.168 0.000
0.000 518.798 0.000 0.000 307.538 0.000 0.000 0.000
559.587 0.000 764.606 311.956 0.000 0.000 590.866 655.782
0.000 0.000 994.744 965.638 0.000 0.000 544.921 0.000
936.653 0.000 888.086 0.000 0.000 0.000 972.781 658.524
0.000 0.000 581.295 910.681 380.321 989.497 809.724 0.000
0.000 660.192 513.056 847.316 468.598 332.135 0.000 0.000
401.886 0.000 0.000 0.000 0.000 531.427 0.000 0.000
0.000 0.000 303.134 619.043 685.400 835.479 851.940 857.751
344.423 684.004 0.000 0.000 0.000 878.756 637.712 0.000
0.000 832.244 687.267 370.906 0.000 0.000 865.925 0.000
360.390 957.982 0.000 435.586 949.033 0.000 0.000 0.000
0.000 0.000 0.000 0.000 668.605 628.620 0.000 0.000
0.000 0.000 527.236 377.153 741.445 968.096 874.819 0.000
614.694 0.000 362.872 336.352 0.000 782.467 0.000 599.069
902.302 930.105 0.000 610.553 0.000 0.000 831.962 0.000
721.858 432.542 0.000 396.228 941.987 668.438 0.000 917.828
0.000 0.000 0.000 0.000 627.765 0.000 397.342 0.000
635.674 519.649 898.618 682.697 0.000 0.000 398.010 0.000
0.000 0.000 0.000 0.000 0.000 0.000 805.213 999.642
0.000 393.089 0.000 788.917 0.000 669.918 0.000 0.000
347.650 584.676 590.886 0.000 0.000 0.000 559.983 875.958
0.000 0.000 658.543 752.999 0.000 906.101 445.129 674.298
0.000 397.779 0.000 0.000 0.000 656.749 0.000 0.000
649.871 0.000 0.000 792.082 0.000 0.000 701.657 0.000
877.396 0.000 987.249 0.000 0.000 0.000 0.000 652.865
352.770 538.409 0.000 988.292 849.931 437.057 483.965 596.961
0.000 986.231 884.102 0.000 0.000 675.851 540.320 0.000
895.488 910.507 837.825 0.000 737.376 724.391 0.000 763.105
471.479 805.819 722.823 0.000 0.000 0.000 0.000 0.000
0.000 0.000 646.542 477.791 0.000 0.000 0.000 795.090
830.440 0.000 0.000 782.473 489.929 0.000 0.000 0.000
748.825 646.940 0.000 872.620 0.000 0.000 0.000 0.000
994.519 0.000 705.615 0.000 0.000 0.000 711.952 0.000
0.000 0.000 0.000 0.000 0.000 0.000 472.468 0.000
0.000 435.925 0.000 0.000 829.561 660.834 0.000 0.000
0.000 0.000 0.000 916.898 0.000 0.000 619.059 878.236
0.000 574.421 354.830 570.782 0.000 509.569 0.000 0.000
702.533 0.000 0.000 342.521 862.105 865.996 0.000 0.000
308.729 0.000 744.663 895.700 0.000 339.871 0.000 551.062
303.266 0.000 357.568 306.350 0.000 869.252 0.000 0.000
505.567 501.953 0.000 613.511 0.000 542.195 510.420 453.199
0.000 0.000 678.093 0.000 879.565 0.000 624.177 0.000
0.000 0.000 708.117 0.000 504.420 535.261 862.015 0.000
0.000 0.000 0.000 418.144 918.675 0.000 0.000 0.000
561.212 0.000 397.561 976.070 0.000 570.991 0.000 0.000
0.000 452.066 741.708 0.000 0.000 0.000 550.341 337.489
624.478 985.466 675.703 0.000 0.000 621.060 0.000 0.000
0.000 0.000 539.862 0.000 858.203 0.000 0.000 0.000
854.546 0.000 427.445 526.404 0.000 614.043 0.000 538.713
0.000 532.114 844.056 953.838 491.369 614.439 950.195 0.000
0.000 0.000 0.000 639.467 0.000 0.000 440.751 670.697
0.000 428.395 663.742 0.000 0.000 0.000 774.234 0.000
0.000 654.616 513.632 0.000 695.170 847.940 871.322 0.000
0.000 0.000 0.000 913.636 0.000 461.708 598.941 0.000
0.000 0.000 0.000 463.659 692.731 931.950 432.260 0.000
633.636 307.209 584.070 952.349 0.000 0.000 0.000 516.908
0.000 0.000 0.000 878.319 0.000 0.000 0.000 0.000
0.000 0.000 0.000 0.000 0.000 340.097 404.843 0.000
346.308 562.405 0.000 0.000 554.955 0.000 0.000 0.000
0.000 0.000 330.528 0.000 0.000 573.671 383.971 394.867
0.000 0.000 0.000 0.000 658.280 982.529 0.000 0.000
357.957 0.000 0.000 0.000 0.000 0.000 866.311 0.000
698.570 0.000 378.238 0.000 935.598 0.000 0.000 466.836
0.000 0.000 0.000 0.000 503.657 0.000 340.514 0.000
0.000 0.000 0.000 0.000 694.860 430.518 854.826 707.208
349.729 0.000 581.379 0.000 0.000 0.000 628.693 0.000
460.341 0.000 0.000 772.218 0.000 0.000 0.000 0.000
496.750 899.302 0.000 0.000 0.000 662.813 0.000 371.945
0.000 834.478 0.000 596.287 0.000 561.035 0.000 643.765
0.000 0.000 881.385 0.000 0.000 0.000 634.857 0.000
465.266 0.000 0.000 808.699 0.000 415.381 0.000 0.000
427.480 822.536 0.000 516.686 795.034 567.609 455.993 0.000
709.322 401.371 0.000 0.000 0.000 542.152 710.511 0.000
0.000 0.000 0.000 0.000 567.191 880.602 974.328 0.000
0.000 0.000 645.214 902.922 456.671 0.000 0.000 486.023
887.942 0.000 327.530 0.000 481.010 0.000 870.950 773.292
0.000 809.130 944.155 982.347 711.006 980.118 350.022 987.647
0.000 545.906 0.000 0.000 992.011 381.839 828.174 0.000
474.402 0.000 663.657 674.988 0.000 0.000 0.000 0.000
0.000 808.932 665.249 0.000 0.000 0.000 316.199 617.585
358.304 391.040 0.000 552.033 935.185 461.099 514.052 353.188
401.893 0.000 478.276 952.582 918.783 0.000 433.065 529.728
522.017 0.000 373.140 623.530 0.000 732.861 349.104 0.000
0.000 934.261 566.987 0.000 0.000 932.288 385.823 873.149
793.556 0.000 878.818 0.000 0.000 0.000 0.000 922.096
0.000 878.340 0.000 0.000 475.244 859.710 0.000 568.397
795.920 0.000 940.951 425.103 452.922 879.652 0.000 403.680
0.000 0.000 969.585 524.909 0.000 0.000 870.540 351.499
476.825 0.000 707.520 477.549 551.003 592.796 0.000 0.000
0.000 530.843 0.000 0.000 845.581 0.000 0.000 680.828
540.179 0.000 0.000 0.000 355.272 503.555 953.628 407.530
841.660 682.789 0.000 0.000 583.208 0.000 0.000 854.973
380.846 750.577 816.296 0.000 0.000 0.000 0.000 0.000
725.903 321.498 0.000 789.703 537.075 0.000 606.947 862.416
654.140 783.853 0.000 933.488 412.827 0.000 0.000 469.558
707.321 0.000 966.942 0.000 366.756 0.000 379.190 627.088
343.229 614.276 0.000 372.568 0.000 851.811 0.000 529.488
736.135 0.000 649.055 795.643 0.000 0.000 472.970 0.000
751.873 300.651 546.516 311.802 416.123 376.899 0.000 907.014
890.318 975.844 801.964 0.000 0.000 918.032 0.000 0.000
794.969 379.517 654.463 0.000 598.188 765.386 0.000 887.055
0.000 882.622 564.515 0.000 770.698 0.000 0.000 0.000
500.323 950.072 0.000 635.721 0.000 346.808 952.668 919.227
0.000 0.000 581.161 0.000 921.595 0.000 0.000 0.000
579.889 653.481 0.000 0.000 643.731 657.298 911.183 791.972
0.000 0.000 388.035 736.345 767.596 705.232 0.000 0.000
623.694 0.000 678.012 517.425 364.740 0.000 0.000 768.635
434.253 304.621 0.000 408.716 746.849 479.778 895.382 309.075
0.000 0.000 0.000 0.000 393.926 0.000 700.436 568.374
420.594 0.000 816.238 0.000 0.000 647.176 883.854 970.852
487.416 943.908 305.064 0.000 699.827 370.026 632.505 925.315
789.024 923.538 0.000 569.977 0.000 0.000 864.966 942.579
978.777 394.118 0.000 474.913 849.709 350.174 0.000 896.075
0.000 0.000 887.504 0.000 720.572 0.000 0.000 0.000
0.000 776.173 0.000 0.000 0.000 561.770 691.167 931.126
0.000 822.161 886.564 793.421 769.785 0.000 0.000 693.147
953.459 858.539 607.580 646.675 0.000 787.984 812.586 0.000
924.348 0.000 676.438 0.000 0.000 0.000 467.881 558.249
489.999 510.664 559.060 0.000 0.000 0.000 871.551 647.795
0.000 459.069 0.000 946.464 0.000 737.551 0.000 0.000
720.599 381.049 762.078 0.000 309.259 0.000 0.000 531.515
556.558 0.000 0.000 0.000 700.953 0.000 0.000 961.015
609.618 897.253 0.000 0.000 0.000 844.279 0.000 757.904
0.000 0.000 484.249 348.729 0.000 922.448 731.376 0.000
0.000 943.096 533.930 595.947 624.273 725.160 865.486 0.000
554.647 0.000 410.037 735.602 912.707 0.000 987.793 0.000
0.000 350.739 0.000 652.823 0.000 362.325 0.000 0.000
701.665 544.809 0.000 476.507 0.000 708.902 0.000 333.619
412.570 0.000 0.000 0.000 481.052 672.604 760.055 0.000
0.000 470.889 0.000 0.000 0.000 0.000 791.917 721.512
0.000 0.000 468.741 0.000 0.000 0.000 0.000 0.000
0.000 317.360 0.000 0.000 975.654 0.000 921.044 0.000
0.000 797.729 388.229 988.204 794.824 0.000 540.050 0.000
665.173 564.552 0.000 0.000 985.977 0.000 319.884 682.884
306.813 0.000 350.797 999.610 0.000 0.000 449.542 0.000
455.114 818.090 0.000 411.318 386.300 966.894 0.000 964.858
0.000 856.777 436.157 0.000 0.000 0.000 378.590 0.000
0.000 772.408 0.000 0.000 0.000 0.000 0.000 586.505
773.450 0.000 491.625 0.000 0.000 0.000 395.880 0.000
648.661 0.000 0.000 0.000 0.000 0.000 335.589 0.000
0.000 796.784 607.977 655.722 650.398 0.000 588.933 0.000
0.000 974.670 924.510 0.000 0.000 892.150 0.000 417.256
653.699 463.878 412.219 0.000 780.421 343.083 0.000 0.000
0.000 421.168 0.000 807.333 0.000 394.879 944.625 0.000
428.691 368.216 690.215 609.713 976.055 985.149 476.590 731.956
419.360 573.106 569.286 0.000 0.000 558.928 528.797 312.367
645.979 0.000 502.104 0.000 0.000 862.736 0.000 867.354
703.335 0.000 0.000 0.000 862.745 0.000 495.449 0.000
0.000 0.000 630.418 311.176 778.708 956.859 518.564 0.000
989.224 0.000 0.000 0.000 0.000 0.000 786.882 957.279
866.840 510.858 0.000 421.253 372.508 0.000 760.555 331.504
979.739 717.031 0.000 933.729 0.000 0.000 436.618 713.503
712.703 0.000 0.000 0.000 0.000 0.000 0.000 362.118
0.000 539.448 0.000 432.532 308.530 943.249 499.925 675.330
449.410 943.561 0.000 0.000 0.000 876.984 643.587 824.913
346.245 564.540 0.000 575.009 850.362 578.408 671.255 0.000
765.428 0.000 974.943 342.964 901.240 0.000 0.000 486.600
0.000 618.377 0.000 0.000 0.000 330.750 0.000 0.000
0.000 477.739 0.000 931.083 0.000 0.000 404.481 0.000
460.514 784.477 482.766 610.373 0.000 0.000 967.118 0.000
517.364 0.000 416.585 0.000 873.946 447.114 587.261 870.836
0.000 353.589 817.821 0.000 802.324 0.000 456.404 779.575
569.136 0.000 0.000 561.779 348.553 0.000 681.448 465.438
0.000 0.000 0.000 0.000 0.000 0.000 521.915 0.000
693.291 0.000 0.000 422.670 763.052 379.154 0.000 580.672
0.000 0.000 735.250 0.000 470.590 0.000 426.971 859.081
0.000 0.000 0.000 353.613 0.000 0.000 331.664 0.000
495.581 0.000 949.214 0.000 728.807 0.000 419.001 0.000
488.819 444.809 0.000 0.000 0.000 0.000 0.000 0.000
0.000 320.433 610.999 787.781 615.407 0.000 0.000 0.000
914.573 573.876 0.000 728.445 682.804 512.943 0.000 389.893
967.855 0.000 357.942 0.000 0.000 0.000 0.000 625.246
369.238 443.764 684.677 0.000 961.603 494.618 535.463 811.711
420.253 0.000 813.142 0.000 816.444 669.067 0.000 943.687
757.989 865.440 0.000 403.778 998.772 0.000 0.000 598.164
815.814 0.000 0.000 0.000 715.476 972.531 0.000 688.946
321.670 391.786 317.266 0.000 0.000 752.246 369.549 772.547
0.000 0.000 0.000 0.000 479.395 469.785 0.000 0.000
879.353 845.590 818.094 491.102 0.000 0.000 403.372 681.947
0.000 306.974 866.058 873.835 0.000 589.169 893.319 584.194
0.000 301.195 0.000 0.000 0.000 717.758 716.232 0.000
474.306 0.000 770.646 674.626 449.500 690.699 396.638 960.151
0.000 0.000 942.993 966.157 0.000 397.080 811.315 562.588
0.000 0.000 716.562 888.455 0.000 974.169 0.000 667.236
0.000 0.000 883.541 386.315 0.000 0.000 0.000 0.000
0.000 802.977 0.000 424.852 784.057 0.000 806.965 0.000
0.000 749.276 0.000 0.000 765.758 0.000 487.901 938.090
730.603 339.517 0.000 0.000 0.000 0.000 0.000 305.363
989.599 0.000 0.000 0.000 0.000 0.000 573.088 0.000
357.060 802.114 0.000 0.000 595.664 781.648 0.000 456.802
527.446 0.000 332.077 0.000 0.000 878.530 0.000 0.000
0.000 0.000 0.000 766.700 0.000 973.833 465.989 0.000
408.045 0.000 753.941 493.892 0.000 0.000 489.532 0.000
649.778 423.030 330.787 0.000 0.000 0.000 0.000 0.000
505.858 0.000 0.000 0.000 0.000 311.995 0.000 0.000
633.052 369.379 0.000 0.000 913.312 787.157 697.789 825.135
0.000 397.669 529.702 894.053 942.403 0.000 810.565 0.000
755.316 729.998 456.948 0.000 361.908 0.000 0.000 0.000
983.176 679.776 639.565 0.000 360.038 466.662 0.000 670.228
836.470 0.000 376.450 939.962 663.596 0.000 0.000 0.000
0.000 0.000 0.000 0.000 341.785 423.144 0.000 0.000
0.000 870.349 0.000 0.000 0.000 0.000 0.000 0.000
801.191 0.000 0.000 0.000 0.000 0.000 576.235 0.000
356.627 0.000 0.000 847.411 664.370 831.568 0.000 400.511
623.182 444.404 819.744 0.000 0.000 774.580 611.172 0.000
954.447 302.949 302.053 554.452 0.000 0.000 0.000 0.000
0.000 0.000 824.952 0.000 861.556 0.000 806.033 0.000
469.899 0.000 0.000 412.017 684.345 0.000 0.000 0.000
0.000 863.984 0.000 716.551 403.867 626.071 0.000 830.370
0.000 669.406 882.439 0.000 839.153 473.101 503.907 986.147
441.277 824.506 920.885 0.000 0.000 630.263 0.000 400.586
873.799 560.766 356.942 967.054 649.294 0.000 599.452 0.000
891.654 884.142 425.267 0.000 437.707 0.000 0.000 371.929
699.121 0.000 831.761 361.022 937.791 319.553 865.873 745.227
326.473 0.000 0.000 540.742 927.632 0.000 843.009 0.000
311.781 684.289 548.205 450.597 514.262 616.556 0.000 0.000
426.891 0.000 0.000 0.000 338.185 0.000 0.000 811.250
0.000 537.693 848.306 0.000 0.000 330.247 316.171 0.000
0.000 0.000 962.167 460.229 0.000 0.000 772.286 0.000
441.547 640.866 0.000 0.000 0.000 0.000 0.000 992.443
555.446 864.680 547.567 703.530 0.000 0.000 0.000 0.000
788.781 922.553 462.306 765.787 0.000 737.028 0.000 915.146
0.000 0.000 0.000 0.000 586.512 0.000 0.000 789.881
0.000 0.000 755.188 0.000 482.892 0.000 345.856 0.000
667.039 943.332 608.155 310.306 0.000 0.000 614.376 0.000
499.662 737.002 0.000 331.417 644.406 0.000 0.000 525.769
423.581 322.685 604.967 332.501 600.350 0.000 975.777 702.103
0.000 491.617 383.863 678.114 0.000 0.000 0.000 0.000
398.098 679.226 0.000 0.000 0.000 0.000 996.339 661.631
864.397 703.566 0.000 616.301 995.510 599.693 771.594 869.960
633.381 0.000 309.137 0.000 0.000 868.960 0.000 427.791
0.000 0.000 712.211 490.658 0.000 0.000 0.000 607.462
654.626 639.450 694.028 997.236 991.794 706.028 550.127 0.000
376.867 551.750 317.039 907.651 0.000 964.208 829.603 472.710
0.000 565.332 606.155 0.000 911.659 910.415 0.000 447.685
507.414 851.022 876.639 0.000 899.911 0.000 0.000 0.000
809.169 0.000 704.621 576.936 0.000 850.968 592.921 537.623
586.329 0.000 0.000 452.260 0.000 0.000 415.036 0.000
727.698 0.000 929.831 388.918 0.000 432.088 470.615 372.902
0.000 344.894 0.000 0.000 383.278 0.000 361.635 751.411
0.000 577.672 0.000 0.000 569.648 987.724 878.851 670.417
0.000 429.558 0.000 734.187 436.111 0.000 0.000 925.657
606.852 301.320 829.847 0.000 0.000 604.156 0.000 0.000
666.839 850.411 0.000 507.566 829.179 0.000 0.000 0.000
952.377 423.221 0.000 0.000 0.000 815.923 455.826 804.128
964.373 794.992 674.514 817.131 514.116 396.886 0.000 431.376
323.430 0.000 992.340 680.158 600.868 0.000 658.510 0.000
635.338 618.056 310.359 354.556 614.744 849.342 550.071 544.904
817.081 347.602 581.342 646.339 0.000 0.000 792.976 0.000
0.000 793.304 833.190 567.058 777.056 0.000 846.902 0.000
0.000 500.800 0.000 815.020 0.000 0.000 800.666 0.000
0.000 0.000 507.796 814.324 0.000 925.636 0.000 496.871
0.000 496.703 0.000 0.000 0.000 0.000 0.000 0.000
307.450 478.625 0.000 0.000 392.847 0.000 0.000 0.000
0.000 0.000 769.507 0.000 0.000 0.000 563.993 0.000
456.925 970.520 580.299 684.504 0.000 0.000 0.000 865.866
786.013 0.000 0.000 861.106 0.000 0.000 0.000 0.000
938.898 0.000 0.000 0.000 481.936 528.910 0.000 967.525
0.000 964.402 0.000 701.988 465.446 334.653 0.000 0.000
513.135 0.000 855.596 663.935 0.000 0.000 387.342 0.000
597.753 0.000 631.167 359.558 0.000 659.663 508.265 0.000
515.320 0.000 799.309 0.000 581.479 798.423 967.554 0.000
607.466 923.933 557.763 425.868 0.000 760.994 961.867 0.000
0.000 811.881 0.000 0.000 0.000 0.000 0.000 0.000
0.000 0.000 0.000 0.000 336.832 0.000 0.000 959.515
798.137 788.056 442.308 436.814 515.153 0.000 0.000 488.507
0.000 311.953 388.208 0.000 0.000 758.826 477.776 0.000
0.000 922.968 900.295 0.000 439.076 935.430 0.000 673.777
960.840 0.000 0.000 909.093 600.982 0.000 853.557 458.149
0.000 941.213 0.000 388.669 338.816 0.000 682.349 0.000
556.627 515.376 0.000 322.641 412.594 0.000 0.000 584.339
340.097 884.192 0.000 0.000 0.000 0.000 468.418 403.273
0.000 0.000 0.000 747.320 621.355 0.000 837.616 0.000
0.000 0.000 0.000 0.000 584.385 0.000 747.844 0.000
0.000 0.000 0.000 876.590 0.000 940.962 0.000 0.000
0.000 0.000 0.000 666.919 0.000 395.811 501.942 724.490
414.948 417.331 0.000 0.000 0.000 0.000 0.000 598.119
867.231 0.000 779.017 0.000 0.000 853.546 0.000 943.584
931.507 0.000 0.000 333.254 0.000 0.000 897.678 0.000
693.942 301.011 475.918 0.000 0.000 0.000 432.041 0.000
0.000 0.000 0.000 0.000 587.501 0.000 0.000 0.000
943.553 917.469 0.000 600.942 0.000 0.000 0.000 0.000
426.494 0.000 656.013 0.000 0.000 0.000 400.739 0.000
809.376 892.611 500.483 0.000 0.000 0.000 0.000 0.000
0.000 535.149 0.000 453.914 0.000 416.754 0.000 791.737
0.000 0.000 0.000 0.000 0.000 0.000 965.974 406.695
0.000 726.599 0.000 0.000 674.522 0.000 799.174 802.305
0.000 912.739 524.855 414.422 0.000 0.000 552.532 862.910
868.659 779.245 0.000 931.865 0.000 928.665 334.881 0.000
0.000 0.000 344.083 0.000 733.093 835.747 382.795 982.583
406.768 0.000 694.883 472.471 0.000 907.058 0.000 838.288
973.326 388.530 0.000 732.949 347.200 0.000 666.526 740.578
642.374 648.202 947.219 0.000 0.000 0.000 0.000 0.000
915.562 457.019 783.645 0.000 0.000 834.267 0.000 0.000
0.000 0.000 591.182 593.931 0.000 421.462 0.000 0.000
874.231 778.799 378.667 305.798 706.678 736.524 496.909 817.620
0.000 723.706 0.000 0.000 0.000 0.000 0.000 795.217
0.000 0.000 638.908 815.200 0.000 0.000 0.000 0.000
459.643 719.234 409.229 0.000 0.000 520.487 0.000 808.824
545.808 0.000 0.000 0.000 807.204 0.000 0.000 509.692
498.612 0.000 0.000 699.017 0.000 0.000 369.242 0.000
0.000 420.833 0.000 0.000 0.000 712.127 423.116 865.354
0.000 0.000 0.000 915.762 755.357 0.000 0.000 556.673
936.539 918.256 0.000 506.251 995.837 0.000 908.145 657.669
0.000 771.020 0.000 0.000 0.000 562.825 0.000 0.000
742.091 0.000 810.678 991.870 0.000 422.271 0.000 0.000
0.000 939.523 0.000 818.367 335.094 0.000 0.000 0.000
501.012 568.909 926.317 0.000 0.000 388.576 444.258 0.000
0.000 801.855 0.000 453.123 379.016 0.000 0.000 0.000
554.605 0.000 0.000 0.000 820.507 467.164 889.760 0.000
0.000 681.964 0.000 578.333 0.000 0.000 0.000 526.583
361.849 388.757 0.000 728.326 0.000 0.000 835.395 0.000
966.341 371.478 370.010 655.654 0.000 0.000 0.000 914.166
0.000 624.136 0.000 956.794 0.000 0.000 578.246 629.106
910.215 979.322 0.000 0.000 333.956 0.000 0.000 0.000
0.000 333.506 338.152 0.000 0.000 840.858 636.327 0.000
635.551 0.000 0.000 0.000 550.122 859.397 802.393 875.749
0.000 0.000 0.000 463.588 405.550 879.891 0.000 0.000
970.111 557.697 530.074 811.691 0.000 439.217 804.672 0.000
868.317 618.538 338.450 783.743 988.034 602.143 315.241 974.685
303.946 0.000 0.000 397.812 710.348 323.392 663.510 0.000
0.000 940.550 0.000 0.000 512.747 0.000 0.000 504.882
0.000 693.979 0.000 822.605 526.030 0.000 0.000 712.325
818.447 0.000 303.085 0.000 867.769 830.219 0.000 0.000
586.984 0.000 696.477 0.000 0.000 0.000 0.000 0.000
0.000 776.888 867.761 987.856 470.329 0.000 355.560 360.755
940.739 0.000 377.371 0.000 983.687 0.000 0.000 703.019
806.685 0.000 910.219 0.000 380.588 0.000 623.058 0.000
0.000 0.000 384.656 0.000 0.000 0.000 701.479 0.000
484.600 0.000 840.724 676.882 793.484 0.000 897.487 477.726
0.000 0.000 0.000 0.000 507.694 0.000 944.326 760.310
0.000 0.000 363.177 984.134 0.000 544.742 338.725 0.000
0.000 0.000 0.000 0.000 484.795 0.000 0.000 0.000
376.181 820.306 0.000 0.000 0.000 0.000 0.000 0.000
925.415 586.892 0.000 583.582 666.728 0.000 0.000 0.000
597.770 865.646 0.000 0.000 564.402 0.000 0.000 763.376
557.538 0.000 0.000 0.000 0.000 0.000 0.000 686.013
338.986 0.000 955.755 0.000 586.743 509.887 561.520 940.351
378.934 774.158 891.817 867.671 587.724 667.679 0.000 0.000
0.000 711.789 577.954 0.000 0.000 0.000 0.000 0.000
0.000 0.000 745.542 0.000 592.864 855.206 711.929 0.000
387.322 0.000 868.341 655.053 660.144 0.000 656.258 788.086
0.000 758.726 0.000 0.000 380.327 0.000 453.848 0.000
598.466 0.000 0.000 497.311 0.000 0.000 0.000 528.112
0.000 0.000 0.000 456.985 0.000 0.000 470.030 0.000
0.000 0.000 0.000 0.000 0.000 774.984 452.596 474.232
728.796 0.000 0.000 753.237 0.000 818.681 0.000 0.000
682.144 0.000 655.669 0.000 352.816 0.000 729.355 412.289
376.135 505.073 0.000 0.000 371.757 643.087 734.244 0.000
0.000 0.000 499.572 305.871 0.000 769.706 0.000 0.000
0.000 0.000 904.966 0.000 964.925 539.117 878.631 904.532
492.269 0.000 557.095 0.000 338.980 0.000 813.246 957.665
0.000 0.000 0.000 0.000 0.000 0.000 535.838 0.000
316.993 0.000 0.000 0.000 0.000 430.995 0.000 658.660
0.000 536.229 868.621 908.077 0.000 0.000 923.023 0.000
0.000 0.000 960.813 0.000 993.232 0.000 0.000 326.008
370.105 0.000 406.600 785.432 0.000 382.916 0.000 333.734
0.000 590.553 803.513 0.000 0.000 832.794 0.000 0.000
0.000 0.000 407.353 662.427 338.332 511.277 763.362 0.000
474.582 0.000 775.939 0.000 0.000 0.000 361.745 0.000
931.310 0.000 554.725 415.009 0.000 727.577 0.000 888.745
747.396 786.464 915.695 590.665 394.766 0.000 582.788 0.000
300.645 0.000 0.000 831.119 984.612 0.000 368.006 0.000
0.000 950.435 746.114 0.000 0.000 827.925 0.000 816.596
0.000 0.000 0.000 954.302 0.000 784.022 442.087 0.000
503.729 0.000 806.056 574.363 0.000 0.000 981.611 639.304
0.000 0.000 0.000 742.279 558.050 718.169 756.894 476.582
461.654 0.000 0.000 0.000 765.338 0.000 0.000 433.954
884.897 568.299 0.000 0.000 0.000 0.000 0.000 668.797
380.296 0.000 661.883 0.000 796.906 0.000 573.945 529.761
372.665 0.000 555.061 364.554 0.000 0.000 772.149 0.000
0.000 856.021 912.110 589.574 950.741 0.000 0.000 494.413
803.955 964.438 0.000 404.375 680.751 0.000 603.228 806.745
712.301 0.000 492.684 0.000 0.000 380.137 412.773 0.000
353.089 609.953 0.000 395.841 950.543 301.214 0.000 481.132
0.000 815.779 0.000 0.000 505.056 0.000 0.000 570.458
462.357 0.000 532.744 0.000 0.000 307.288 0.000 535.608
0.000 0.000 325.959 0.000 0.000 0.000 0.000 0.000
856.058 0.000 879.360 0.000 0.000 0.000 0.000 303.434
0.000 0.000 0.000 0.000 0.000 0.000 703.298 897.285
304.709 0.000 0.000 451.860 0.000 837.638 349.113 0.000
943.716 740.636 0.000 575.552 643.499 450.582 365.660 0.000
600.018 836.527 0.000 423.171 0.000 0.000 428.685 748.657
0.000 0.000 0.000 361.603 717.917 0.000 0.000 385.424
0.000 0.000 843.853 0.000 0.000 0.000 0.000 767.645
765.203 0.000 0.000 685.384 0.000 0.000 674.184 0.000
0.000 415.306 548.684 621.512 0.000 566.266 0.000 821.018
0.000 0.000 0.000 752.869 508.375 956.868 0.000 763.239
849.562 823.283 570.061 399.847 750.248 987.404 918.255 504.838
667.051 610.702 0.000 0.000 0.000 0.000 0.000 0.000
547.150 0.000 647.020 912.592 0.000 942.836 0.000 0.000
0.000 677.475 828.608 809.260 832.129 724.288 0.000 0.000
0.000 867.378 565.814 0.000 0.000 0.000 767.832 0.000
813.990 0.000 0.000 345.397 982.564 0.000 648.927 0.000
0.000 804.066 465.545 0.000 0.000 0.000 0.000 421.319
718.630 0.000 462.233 875.899 0.000 469.812 0.000 0.000
731.891 726.962 0.000 374.470 550.186 0.000 0.000 0.000
0.000 0.000 0.000 0.000 0.000 0.000 0.000 959.991
364.843 0.000 0.000 0.000 968.166 797.589 0.000 0.000
723.218 940.733 0.000 437.825 567.815 693.836 795.111 684.862
0.000 0.000 0.000 0.000 459.948 714.673 0.000 0.000
0.000 0.000 0.000 0.000 439.630 837.256 0.000 665.808
0.000 313.015 0.000 508.733 0.000 0.000 394.173 425.879
479.142 394.646 655.503 829.514 0.000 0.000 0.000 0.000
0.000 502.613 0.000 0.000 992.871 818.967 903.750 977.432
478.700 440.818 0.000 342.423 864.008 0.000 0.000 684.931
650.176 0.000 0.000 0.000 0.000 920.521 0.000 699.875
347.951 324.592 0.000 643.855 571.008 634.705 782.907 0.000
0.000 0.000 0.000 692.206 650.298 842.454 0.000 810.758
600.982 0.000 0.000 399.696 0.000 466.372 341.122 0.000
897.114 816.712 735.750 587.733 601.371 657.944 885.091 314.889
835.603 485.886 0.000 417.755 0.000 0.000 681.199 0.000
0.000 0.000 0.000 400.467 0.000 926.633 649.973 382.221
0.000 0.000 0.000 364.039 839.211 0.000 0.000 804.428
568.978 373.745 0.000 0.000 730.173 0.000 0.000 0.000
413.653 0.000 855.507 503.800 0.000 0.000 0.000 0.000
0.000 0.000 844.743 0.000 0.000 373.311 0.000 0.000
0.000 643.697 0.000 332.490 678.853 382.062 0.000 0.000
0.000 0.000 318.757 0.000 0.000 513.774 0.000 0.000
0.000 0.000 0.000 684.522 0.000 0.000 808.418 998.309
0.000 0.000 0.000 0.000 905.171 934.638 856.649 0.000
