0.000 0.000 309.211 0.000 0.000 0.000 738.369 663.100
982.562 627.414 0.000 348.713 942.633 0.000 871.389 381.527
307.281 0.000 0.000 0.000 0.000 920.561 384.465 0.000
0.000 0.000 408.656 0.000 0.000 0.000 563.364 580.777
468.887 0.000 399.551 722.670 356.057 873.617 331.713 0.000
0.000 511.846 876.746 496.645 612.184 914.071 0.000 0.000
318.871 855.718 930.725 443.282 0.000 0.000 0.000 0.000
0.000 590.060 0.000 919.097 0.000 896.339 0.000 547.979
0.000 698.026 749.237 437.384 404.454 0.000 763.719 550.463
612.333 0.000 552.289 0.000 0.000 0.000 0.000 773.254
548.456 643.428 0.000 537.883 0.000 367.340 0.000 0.000
0.000 0.000 0.000 954.541 0.000 508.810 0.000 740.440
992.071 993.289 576.906 0.000 0.000 356.028 503.461 963.074
745.158 0.000 831.909 700.877 0.000 440.975 387.834 0.000
720.474 0.000 359.474 710.644 0.000 940.118 659.076 687.359
0.000 427.667 657.712 448.558 0.000 0.000 719.866 0.000
794.716 0.000 750.039 0.000 0.000 0.000 0.000 0.000
680.542 0.000 904.289 0.000 615.149 0.000 849.302 437.022
0.000 0.000 0.000 623.368 848.596 0.000 307.702 881.869
854.025 541.329 419.011 716.404 0.000 0.000 837.844 379.268
0.000 355.942 0.000 0.000 447.113 0.000 0.000 0.000
925.117 0.000 925.867 0.000 0.000 0.000 487.278 492.820
956.444 413.565 640.890 0.000 0.000 0.000 0.000 0.000
0.000 624.668 850.266 404.867 911.208 921.058 0.000 0.000
0.000 0.000 801.707 541.150 0.000 0.000 755.400 324.472
784.002 0.000 0.000 0.000 0.000 427.601 0.000 715.789
0.000 0.000 903.087 346.561 766.185 427.744 0.000 0.000
0.000 430.695 0.000 763.232 0.000 0.000 0.000 921.055
690.574 376.423 616.243 584.972 507.462 0.000 0.000 0.000
0.000 596.837 0.000 559.779 671.147 841.388 0.000 0.000
771.555 0.000 0.000 0.000 328.609 0.000 0.000 640.986
376.544 810.323 0.000 0.000 937.999 0.000 0.000 0.000
0.000 428.294 953.083 729.647 316.885 670.852 445.611 0.000
433.578 583.178 571.380 0.000 758.451 619.224 0.000 0.000
670.968 0.000 578.849 852.767 659.902 781.133 0.000 361.059
894.116 0.000 894.927 0.000 0.000 559.043 0.000 0.000
946.404 734.589 0.000 943.442 807.854 670.401 959.233 0.000
0.000 938.935 624.522 0.000 888.241 524.253 312.834 438.872
0.000 0.000 0.000 625.255 0.000 930.769 0.000 753.657
0.000 377.669 0.000 849.591 0.000 374.741 496.828 0.000
730.337 998.329 951.119 727.596 0.000 0.000 573.045 648.882
660.101 326.744 0.000 0.000 318.623 868.067 766.707 581.201
835.493 0.000 793.263 901.339 0.000 0.000 555.502 0.000
300.047 476.974 0.000 0.000 361.397 0.000 913.152 0.000
0.000 0.000 659.652 354.574 0.000 0.000 686.409 0.000
438.410 0.000 831.179 761.928 0.000 939.720 620.846 678.357
0.000 0.000 819.324 400.322 0.000 0.000 445.323 635.225
868.816 0.000 557.230 0.000 0.000 0.000 0.000 0.000
981.801 538.970 0.000 0.000 0.000 0.000 950.086 0.000
0.000 0.000 0.000 656.707 460.930 0.000 0.000 0.000
440.628 0.000 706.355 619.724 0.000 0.000 554.733 0.000
0.000 926.357 0.000 373.040 583.010 0.000 497.279 696.118
777.708 531.165 0.000 873.380 0.000 0.000 624.926 908.012
586.066 392.783 0.000 876.724 0.000 0.000 485.530 0.000
975.076 0.000 0.000 845.462 0.000 0.000 636.912 0.000
0.000 0.000 809.923 0.000 0.000 510.153 0.000 0.000
0.000 0.000 452.476 0.000 0.000 0.000 0.000 0.000
0.000 647.413 0.000 901.304 0.000 0.000 563.120 0.000
930.416 0.000 0.000 845.677 0.000 395.711 760.664 854.678
0.000 0.000 0.000 0.000 435.469 864.170 500.635 0.000
489.820 0.000 437.089 984.052 435.454 972.048 751.177 0.000
733.116 390.510 0.000 994.024 870.592 0.000 0.000 0.000
0.000 714.273 0.000 916.389 0.000 834.285 0.000 440.904
614.972 0.000 407.616 0.000 938.914 0.000 0.000 980.766
780.505 415.834 914.024 646.379 575.449 0.000 0.000 871.710
0.000 803.413 0.000 0.000 0.000 0.000 0.000 986.317
0.000 0.000 697.455 964.878 476.149 754.393 463.708 0.000
371.801 522.817 0.000 0.000 691.221 0.000 0.000 0.000
791.943 973.724 0.000 0.000 0.000 0.000 403.777 519.981
400.409 0.000 0.000 0.000 0.000 0.000 0.000 0.000
0.000 0.000 0.000 379.803 0.000 0.000 0.000 0.000
689.561 863.128 775.800 0.000 0.000 0.000 609.884 802.366
671.347 627.380 0.000 0.000 0.000 0.000 0.000 960.472
0.000 0.000 806.285 591.353 961.661 532.266 483.319 912.851
0.000 466.899 0.000 804.401 0.000 0.000 0.000 574.932
0.000 0.000 0.000 735.484 0.000 991.837 569.261 532.944
0.000 527.368 961.173 739.584 766.524 0.000 0.000 407.522
0.000 605.452 967.482 377.993 0.000 0.000 547.797 0.000
0.000 634.915 0.000 0.000 0.000 0.000 981.399 431.801
945.102 861.109 0.000 367.171 0.000 0.000 305.614 0.000
0.000 962.271 0.000 0.000 740.454 839.751 553.546 553.899
581.557 0.000 958.010 587.592 0.000 0.000 0.000 0.000
0.000 591.887 0.000 0.000 924.131 871.673 810.564 820.164
662.154 510.479 562.095 669.894 822.179 672.035 0.000 0.000
817.691 0.000 0.000 0.000 349.997 896.839 355.377 569.616
0.000 359.573 637.403 0.000 0.000 699.765 811.069 0.000
508.960 591.141 710.128 0.000 514.626 0.000 0.000 908.639
367.940 319.983 788.080 0.000 0.000 468.930 447.716 0.000
0.000 564.225 656.398 0.000 394.812 417.925 0.000 965.265
681.555 0.000 666.853 0.000 371.513 0.000 0.000 0.000
771.528 0.000 0.000 906.523 0.000 423.302 850.453 701.089
582.489 0.000 0.000 0.000 770.278 0.000 651.642 0.000
0.000 0.000 0.000 853.224 0.000 0.000 0.000 0.000
985.310 0.000 998.267 0.000 0.000 505.474 0.000 0.000
801.172 0.000 0.000 0.000 0.000 463.177 354.284 392.411
633.603 0.000 570.187 407.826 934.074 480.773 485.185 558.497
950.054 0.000 887.630 0.000 340.302 305.590 643.144 570.828
534.230 0.000 0.000 0.000 540.221 0.000 373.170 0.000
0.000 0.000 0.000 0.000 530.780 722.871 868.878 671.384
0.000 0.000 591.926 956.570 0.000 0.000 331.092 0.000
0.000 960.816 606.723 0.000 608.751 0.000 0.000 0.000
0.000 0.000 774.119 0.000 863.482 667.747 0.000 696.619
713.045 429.609 990.317 0.000 548.858 770.085 964.821 0.000
0.000 0.000 457.248 683.179 0.000 0.000 941.333 0.000
421.264 330.886 357.957 613.096 0.000 0.000 0.000 0.000
0.000 884.511 0.000 478.865 350.632 439.092 374.432 0.000
352.303 834.912 535.497 735.979 0.000 0.000 0.000 0.000
0.000 0.000 0.000 0.000 578.279 0.000 395.877 656.875
0.000 690.245 907.518 367.264 0.000 392.880 692.954 0.000
0.000 701.326 0.000 625.112 715.152 0.000 0.000 543.857
914.088 762.416 0.000 528.306 507.367 0.000 758.271 0.000
826.465 900.336 0.000 711.284 0.000 0.000 0.000 667.510
0.000 0.000 0.000 0.000 556.361 352.661 0.000 0.000
0.000 0.000 0.000 701.141 0.000 0.000 0.000 0.000
363.455 669.321 0.000 725.154 401.678 443.906 0.000 888.000
325.389 917.952 0.000 696.494 385.714 928.514 0.000 0.000
0.000 713.763 0.000 0.000 0.000 0.000 494.952 0.000
396.657 699.185 557.911 711.071 0.000 0.000 0.000 0.000
0.000 0.000 0.000 0.000 772.319 598.752 842.298 592.540
841.796 934.596 0.000 834.984 0.000 0.000 955.570 499.194
0.000 0.000 772.388 0.000 0.000 762.009 825.820 580.123
0.000 729.643 398.143 0.000 447.115 885.700 563.792 685.456
749.441 907.624 0.000 849.386 392.223 0.000 906.886 0.000
0.000 0.000 0.000 551.785 0.000 0.000 0.000 650.985
350.693 0.000 635.631 807.265 0.000 892.411 652.277 330.699
0.000 692.575 846.493 987.541 344.836 0.000 382.688 0.000
995.812 942.011 783.751 0.000 890.917 862.569 0.000 0.000
705.467 0.000 0.000 0.000 0.000 0.000 756.225 0.000
0.000 839.177 0.000 0.000 0.000 495.232 0.000 382.072
0.000 0.000 0.000 0.000 0.000 0.000 0.000 492.263
509.972 0.000 0.000 865.143 341.348 615.113 0.000 0.000
378.595 0.000 481.665 0.000 370.907 0.000 0.000 0.000
667.045 305.616 908.579 788.011 953.186 350.686 818.273 0.000
0.000 863.395 942.866 903.637 679.008 0.000 716.774 577.171
716.627 765.996 842.622 697.018 497.236 0.000 0.000 760.306
0.000 608.929 794.508 0.000 628.107 0.000 694.971 308.515
747.337 353.930 0.000 0.000 536.145 0.000 498.833 0.000
0.000 0.000 972.939 0.000 0.000 0.000 0.000 719.501
0.000 927.716 0.000 501.249 861.315 935.787 737.704 410.058
0.000 0.000 368.565 0.000 839.591 865.953 374.196 346.195
609.843 947.424 875.522 376.330 0.000 313.410 0.000 324.165
746.809 324.714 618.303 0.000 0.000 925.573 465.826 833.523
617.454 0.000 0.000 0.000 0.000 0.000 748.207 655.575
355.663 920.678 0.000 0.000 0.000 813.440 624.938 0.000
376.328 534.252 627.275 526.781 0.000 0.000 0.000 548.982
0.000 323.872 0.000 734.100 591.776 729.501 0.000 0.000
611.238 0.000 0.000 0.000 848.138 0.000 0.000 878.939
0.000 0.000 325.546 0.000 675.501 460.960 889.659 0.000
693.952 0.000 0.000 0.000 0.000 382.711 580.403 514.273
0.000 665.573 0.000 0.000 877.741 806.709 0.000 327.546
637.957 696.891 948.080 0.000 0.000 546.413 0.000 617.259
617.652 306.008 0.000 812.933 481.361 0.000 0.000 0.000
407.334 405.439 604.115 856.694 0.000 464.778 0.000 477.655
698.688 0.000 0.000 0.000 0.000 0.000 680.358 660.923
0.000 0.000 0.000 0.000 0.000 852.507 0.000 596.634
0.000 0.000 573.652 0.000 0.000 788.398 0.000 0.000
0.000 0.000 0.000 902.857 736.568 316.520 0.000 0.000
0.000 544.683 454.985 604.377 317.735 0.000 0.000 0.000
592.846 881.526 870.344 0.000 371.187 323.562 0.000 552.065
936.283 356.466 0.000 475.997 0.000 430.754 0.000 0.000
0.000 743.765 0.000 527.366 570.149 682.922 0.000 826.559
780.873 0.000 0.000 962.878 0.000 795.582 387.096 971.841
0.000 707.866 0.000 475.732 0.000 840.594 768.883 582.599
323.130 914.159 0.000 0.000 0.000 751.539 966.482 353.921
0.000 0.000 0.000 0.000 456.227 0.000 391.905 0.000
654.849 0.000 603.579 0.000 0.000 832.266 868.169 0.000
0.000 674.280 0.000 662.122 689.505 918.979 757.952 0.000
0.000 764.213 782.400 815.642 0.000 0.000 0.000 0.000
0.000 0.000 0.000 0.000 0.000 478.022 649.770 504.237
538.484 0.000 428.253 629.941 355.292 892.328 767.020 967.695
0.000 0.000 508.590 0.000 464.694 0.000 0.000 0.000
547.792 0.000 783.715 973.084 0.000 0.000 670.697 0.000
0.000 0.000 956.276 366.205 0.000 990.144 0.000 775.201
0.000 765.965 925.944 318.759 0.000 310.974 0.000 0.000
351.490 0.000 0.000 0.000 0.000 0.000 441.958 611.097
0.000 680.199 0.000 0.000 0.000 0.000 0.000 883.766
0.000 474.016 0.000 0.000 383.413 351.323 569.581 0.000
377.924 0.000 522.817 934.549 492.897 979.093 419.263 859.846
0.000 0.000 0.000 517.777 0.000 0.000 375.394 0.000
618.641 971.507 375.119 340.308 997.994 881.258 435.364 617.180
753.655 388.220 0.000 724.506 833.093 0.000 835.024 726.079
0.000 0.000 0.000 0.000 0.000 0.000 891.311 0.000
0.000 820.513 0.000 323.417 0.000 0.000 0.000 880.675
926.505 312.877 0.000 300.200 0.000 0.000 0.000 822.045
354.218 735.010 0.000 0.000 0.000 0.000 581.410 0.000
0.000 579.423 719.372 975.307 0.000 0.000 398.948 0.000
548.598 0.000 0.000 0.000 0.000 526.490 0.000 0.000
886.621 0.000 0.000 0.000 405.413 0.000 0.000 629.180
818.657 344.152 0.000 412.333 0.000 0.000 702.792 0.000
0.000 437.218 0.000 454.374 0.000 585.065 958.784 819.406
491.661 0.000 703.705 0.000 0.000 0.000 304.620 432.254
713.463 0.000 0.000 0.000 604.795 0.000 0.000 954.675
673.822 856.841 0.000 0.000 0.000 566.894 0.000 966.374
0.000 442.944 350.554 366.947 953.841 0.000 310.644 0.000
828.150 0.000 373.657 0.000 405.144 0.000 462.688 641.160
748.704 0.000 900.884 0.000 0.000 763.917 513.392 0.000
993.293 0.000 859.678 0.000 0.000 0.000 0.000 974.852
0.000 0.000 382.006 725.784 0.000 0.000 0.000 403.684
566.139 0.000 0.000 0.000 440.166 715.712 744.990 673.856
598.034 0.000 0.000 407.299 0.000 617.708 0.000 0.000
0.000 849.145 479.070 0.000 992.040 789.281 0.000 881.744
983.818 0.000 0.000 0.000 469.733 0.000 0.000 0.000
736.447 0.000 0.000 0.000 0.000 0.000 817.286 0.000
0.000 0.000 460.718 0.000 967.821 0.000 789.247 462.668
769.727 702.584 378.822 0.000 0.000 0.000 426.328 0.000
0.000 512.698 0.000 0.000 0.000 0.000 704.768 945.913
0.000 913.080 555.094 408.601 632.730 954.744 0.000 838.559
0.000 0.000 524.892 0.000 0.000 0.000 520.962 745.994
0.000 671.878 0.000 890.014 938.646 593.903 0.000 0.000
876.520 0.000 0.000 0.000 708.649 391.251 0.000 854.305
803.266 0.000 0.000 0.000 0.000 0.000 744.796 633.267
0.000 586.676 754.808 489.565 0.000 731.898 0.000 0.000
0.000 628.476 0.000 0.000 361.498 0.000 558.968 454.504
0.000 0.000 0.000 857.106 0.000 742.405 457.051 537.767
435.741 0.000 302.943 475.188 360.404 0.000 0.000 534.518
791.677 0.000 0.000 690.381 342.852 0.000 0.000 551.416
759.771 746.360 0.000 0.000 418.975 0.000 0.000 986.362
949.502 495.310 674.299 0.000 344.847 0.000 0.000 0.000
0.000 0.000 493.623 719.796 358.423 745.395 0.000 0.000
576.466 0.000 0.000 0.000 0.000 0.000 0.000 538.844
0.000 0.000 677.201 0.000 0.000 927.243 0.000 0.000
687.123 0.000 433.669 0.000 784.297 823.900 363.274 0.000
683.174 881.266 0.000 663.004 0.000 383.753 0.000 880.280
0.000 0.000 989.067 313.418 654.047 378.697 394.344 436.710
937.884 0.000 781.653 635.406 0.000 983.664 312.471 350.186
0.000 457.431 0.000 384.703 560.197 0.000 0.000 0.000
765.274 445.353 711.688 352.200 0.000 787.283 0.000 0.000
574.340 568.476 0.000 960.075 0.000 598.177 0.000 971.672
0.000 0.000 0.000 409.016 0.000 724.623 0.000 443.493
0.000 0.000 772.364 760.639 0.000 0.000 806.523 0.000
0.000 465.954 0.000 636.968 0.000 891.886 0.000 0.000
559.720 0.000 0.000 583.492 0.000 0.000 0.000 0.000
784.501 0.000 630.042 473.129 354.647 803.548 618.288 375.300
736.814 0.000 329.426 0.000 0.000 363.311 656.403 890.274
514.852 0.000 685.872 931.642 0.000 347.452 0.000 549.067
937.076 0.000 0.000 984.774 0.000 0.000 0.000 0.000
321.052 602.368 964.013 429.591 867.206 0.000 377.830 0.000
741.265 980.363 521.087 405.485 918.285 385.059 0.000 0.000
0.000 550.257 787.806 0.000 0.000 0.000 542.809 889.240
0.000 917.293 0.000 540.734 0.000 0.000 861.572 605.891
0.000 0.000 397.184 0.000 457.599 0.000 865.984 413.252
0.000 0.000 485.143 915.861 0.000 312.138 916.712 307.071
794.013 0.000 878.808 753.149 336.328 399.210 603.576 931.609
0.000 675.238 788.323 438.265 0.000 0.000 0.000 624.643
0.000 0.000 0.000 819.881 497.102 929.323 356.082 0.000
864.584 0.000 381.649 0.000 368.595 539.510 916.983 451.169
466.208 0.000 0.000 598.599 0.000 0.000 583.864 573.620
494.224 797.769 0.000 0.000 0.000 0.000 0.000 0.000
0.000 0.000 686.086 0.000 535.525 368.245 719.097 388.375
345.810 746.589 0.000 0.000 0.000 0.000 499.779 0.000
492.661 0.000 657.655 656.580 485.266 991.209 422.164 898.186
0.000 854.379 608.877 975.652 301.652 0.000 0.000 730.335
679.485 0.000 811.213 0.000 641.837 0.000 743.131 0.000
0.000 0.000 382.400 0.000 0.000 412.322 904.196 329.234
0.000 351.125 561.394 0.000 0.000 0.000 391.845 0.000
0.000 989.573 694.773 951.586 366.104 905.298 0.000 0.000
998.482 944.415 0.000 0.000 929.866 864.089 825.372 0.000
0.000 0.000 0.000 850.418 0.000 423.036 0.000 952.284
431.839 0.000 633.941 0.000 613.955 0.000 544.028 0.000
667.425 525.965 613.509 414.348 0.000 318.504 540.914 856.624
0.000 0.000 919.876 0.000 504.963 0.000 691.611 786.799
507.578 0.000 363.109 417.729 0.000 985.951 0.000 0.000
363.004 0.000 0.000 0.000 889.438 0.000 0.000 612.612
0.000 597.925 0.000 310.156 0.000 557.868 542.290 872.353
0.000 0.000 907.093 815.858 777.104 730.447 0.000 0.000
0.000 0.000 924.693 0.000 0.000 990.106 0.000 0.000
0.000 875.359 532.676 0.000 504.598 0.000 0.000 0.000
0.000 911.002 536.193 0.000 685.249 0.000 496.690 0.000
423.214 931.330 0.000 919.133 499.486 0.000 913.411 0.000
0.000 793.106 0.000 0.000 0.000 0.000 0.000 0.000
0.000 645.072 0.000 0.000 0.000 0.000 0.000 0.000
870.404 631.348 676.451 857.816 0.000 354.639 998.606 580.199
0.000 646.230 0.000 0.000 0.000 0.000 865.970 0.000
361.357 0.000 543.706 0.000 335.639 722.077 0.000 795.481
0.000 810.923 783.659 0.000 457.414 0.000 0.000 613.913
837.866 373.281 642.179 0.000 354.135 0.000 0.000 0.000
569.844 0.000 954.982 602.580 0.000 0.000 637.413 344.371
590.531 551.118 0.000 717.772 0.000 0.000 374.406 465.156
515.885 0.000 0.000 0.000 0.000 849.807 982.424 989.883
0.000 855.516 508.364 609.976 0.000 0.000 881.432 851.698
521.751 0.000 529.774 0.000 678.213 965.321 401.493 772.986
0.000 0.000 426.808 848.846 0.000 0.000 737.838 601.738
0.000 561.707 0.000 820.524 719.381 0.000 522.029 850.647
827.356 0.000 0.000 0.000 443.795 886.464 966.328 864.367
0.000 0.000 0.000 0.000 774.274 0.000 777.103 0.000
538.338 904.490 0.000 796.538 0.000 980.880 0.000 757.699
783.368 710.921 0.000 521.923 0.000 811.419 0.000 0.000
0.000 878.681 0.000 0.000 0.000 562.133 0.000 693.975
0.000 790.289 914.600 615.818 436.731 557.351 0.000 0.000
0.000 0.000 575.211 0.000 0.000 344.945 0.000 663.122
0.000 782.343 0.000 0.000 328.489 694.596 0.000 789.934
623.477 931.638 0.000 0.000 467.276 519.593 0.000 0.000
0.000 414.029 356.971 0.000 935.120 718.624 0.000 869.691
824.451 984.981 0.000 0.000 0.000 848.189 0.000 0.000
0.000 0.000 0.000 568.249 0.000 0.000 0.000 0.000
0.000 854.779 0.000 0.000 0.000 0.000 641.830 0.000
601.445 0.000 0.000 0.000 570.315 838.900 881.575 0.000
0.000 0.000 0.000 0.000 0.000 0.000 858.255 0.000
401.919 496.005 776.198 0.000 319.473 684.339 0.000 0.000
0.000 0.000 0.000 769.269 529.733 0.000 0.000 683.091
309.827 800.937 333.623 747.636 844.279 0.000 0.000 803.353
0.000 507.140 689.135 577.754 0.000 0.000 644.400 855.372
0.000 710.254 0.000 315.467 0.000 0.000 668.404 808.415
0.000 677.839 984.265 979.939 761.478 0.000 584.214 586.523
814.602 685.159 959.215 731.688 514.493 648.550 0.000 480.462
869.603 0.000 375.171 0.000 358.658 0.000 448.373 796.348
0.000 0.000 0.000 584.102 0.000 976.566 804.529 941.395
0.000 640.916 0.000 352.626 0.000 0.000 966.496 0.000
663.704 0.000 0.000 525.692 751.912 0.000 439.126 508.834
596.822 930.125 0.000 626.288 812.022 0.000 0.000 0.000
615.019 835.360 0.000 679.366 0.000 978.292 997.600 369.686
353.420 598.549 575.697 0.000 0.000 512.883 650.258 0.000
987.015 0.000 0.000 586.590 0.000 413.818 0.000 0.000
0.000 0.000 813.159 0.000 975.812 943.681 513.947 0.000
415.815 406.909 369.834 710.892 606.102 745.646 0.000 0.000
0.000 727.629 397.840 0.000 630.434 997.588 896.182 0.000
0.000 405.450 0.000 792.752 0.000 346.650 0.000 495.524
0.000 0.000 486.892 414.086 0.000 704.386 0.000 346.803
671.273 0.000 866.538 419.509 0.000 0.000 884.784 539.648
878.557 0.000 0.000 909.261 670.835 322.097 786.036 481.258
0.000 0.000 0.000 937.272 864.703 389.590 452.014 851.377
661.701 0.000 0.000 916.743 830.599 742.136 684.997 944.587
0.000 422.025 735.456 0.000 533.358 644.762 0.000 708.824
936.712 946.692 0.000 878.109 769.719 0.000 0.000 641.031
0.000 882.186 812.279 793.293 586.856 0.000 0.000 710.742
678.900 871.229 0.000 0.000 932.196 0.000 0.000 0.000
0.000 353.923 410.675 0.000 723.715 0.000 967.668 0.000
786.744 0.000 589.346 971.118 723.557 695.891 609.191 0.000
959.501 0.000 957.326 0.000 0.000 0.000 426.275 0.000
0.000 610.293 0.000 981.644 0.000 370.239 756.474 0.000
0.000 311.615 538.434 0.000 0.000 456.706 0.000 0.000
453.946 0.000 817.178 0.000 959.781 423.286 0.000 0.000
0.000 0.000 0.000 689.478 0.000 0.000 886.072 414.436
946.374 822.897 966.243 0.000 0.000 499.529 885.992 467.444
927.865 585.846 0.000 360.696 683.564 691.648 949.841 852.114
0.000 0.000 655.556 845.984 933.753 648.335 0.000 947.050
0.000 831.561 0.000 733.462 404.531 900.382 0.000 851.577
0.000 0.000 0.000 0.000 0.000 0.000 473.295 804.418
856.249 327.947 401.711 0.000 456.604 0.000 0.000 0.000
789.975 776.018 440.670 861.578 0.000 432.631 0.000 0.000
893.075 0.000 0.000 0.000 0.000 830.118 764.498 366.780
0.000 0.000 0.000 0.000 786.957 706.257 893.444 0.000
0.000 764.425 967.014 0.000 0.000 737.217 0.000 812.625
0.000 0.000 0.000 0.000 946.298 913.373 0.000 0.000
0.000 0.000 764.008 0.000 0.000 327.470 0.000 0.000
0.000 0.000 901.009 396.029 771.796 698.734 0.000 762.716
0.000 646.884 917.296 388.184 0.000 736.550 509.365 478.564
0.000 0.000 0.000 941.359 567.897 823.844 900.944 0.000
0.000 957.167 680.991 450.816 831.008 318.008 584.339 426.615
0.000 0.000 0.000 0.000 0.000 324.399 823.743 564.296
941.462 965.834 613.426 500.963 0.000 0.000 0.000 0.000
0.000 0.000 451.803 0.000 325.061 918.766 517.487 384.274
450.433 0.000 0.000 915.720 606.983 704.900 894.476 609.157
926.564 0.000 506.359 363.615 0.000 798.607 0.000 375.782
916.294 0.000 0.000 0.000 0.000 0.000 0.000 0.000
718.180 0.000 462.443 0.000 600.393 0.000 0.000 0.000
505.991 0.000 946.434 626.402 674.344 0.000 0.000 830.356
750.898 0.000 0.000 793.406 0.000 0.000 854.745 587.846
0.000 0.000 959.024 708.697 997.106 0.000 0.000 409.471
0.000 0.000 0.000 0.000 0.000 0.000 945.180 857.749
0.000 0.000 692.899 0.000 0.000 0.000 0.000 310.186
840.943 818.136 0.000 714.616 394.815 997.610 962.767 0.000
0.000 0.000 561.849 881.789 0.000 0.000 0.000 0.000
0.000 0.000 0.000 448.045 0.000 609.263 979.237 604.615
0.000 0.000 579.521 602.191 0.000 334.586 0.000 496.927
0.000 909.682 0.000 0.000 566.467 0.000 0.000 535.139
978.359 0.000 0.000 962.850 0.000 0.000 0.000 680.889
435.992 317.213 0.000 0.000 711.191 0.000 0.000 0.000
949.448 0.000 381.535 0.000 700.988 0.000 0.000 0.000
0.000 0.000 402.294 372.633 0.000 0.000 690.609 752.639
0.000 0.000 522.583 0.000 0.000 0.000 0.000 0.000
0.000 509.597 489.087 310.564 564.755 324.957 558.890 728.817
353.073 0.000 0.000 0.000 519.536 515.382 0.000 999.059
0.000 0.000 0.000 882.496 540.909 0.000 450.116 602.397
0.000 0.000 647.488 0.000 0.000 0.000 391.514 0.000
910.237 628.342 954.519 0.000 0.000 490.380 504.534 532.893
0.000 0.000 0.000 707.306 304.431 0.000 0.000 0.000
0.000 0.000 0.000 0.000 989.139 0.000 0.000 608.330
840.057 0.000 0.000 0.000 349.686 0.000 448.996 879.696
813.516 0.000 883.947 0.000 445.639 0.000 0.000 874.206
0.000 0.000 800.506 824.838 780.827 408.567 709.729 0.000
530.581 0.000 0.000 837.949 531.680 345.350 0.000 696.473
563.797 352.448 597.580 628.345 608.594 776.218 323.176 512.552
0.000 0.000 480.884 0.000 488.103 0.000 0.000 0.000
0.000 401.794 737.109 0.000 0.000 0.000 0.000 588.054
844.829 669.643 0.000 0.000 420.144 390.505 0.000 0.000
0.000 0.000 781.445 745.786 0.000 687.717 817.876 812.372
846.870 982.171 953.374 0.000 585.196 733.761 0.000 724.489
0.000 535.440 0.000 0.000 691.116 0.000 719.084 0.000
788.606 0.000 495.010 780.618 884.629 0.000 697.574 0.000
0.000 0.000 926.254 0.000 745.052 0.000 878.049 552.795
0.000 0.000 433.714 0.000 0.000 596.168 0.000 0.000
800.551 984.326 0.000 0.000 484.547 0.000 481.215 792.282
0.000 0.000 0.000 856.252 0.000 0.000 562.516 799.624
0.000 306.436 0.000 0.000 867.654 898.753 706.770 0.000
0.000 972.098 0.000 608.452 0.000 605.183 947.175 540.851
492.167 636.082 0.000 0.000 0.000 0.000 0.000 571.193
928.000 0.000 0.000 645.795 511.420 0.000 0.000 0.000
879.247 532.234 523.877 366.285 754.419 0.000 0.000 0.000
0.000 820.148 363.229 0.000 0.000 435.366 0.000 0.000
0.000 0.000 0.000 0.000 301.072 715.684 713.519 0.000
0.000 0.000 608.528 0.000 699.028 623.870 0.000 0.000
0.000 468.312 0.000 863.210 0.000 0.000 781.151 0.000
0.000 0.000 952.517 562.667 607.291 366.239 0.000 0.000
729.762 963.551 338.555 0.000 732.864 0.000 698.520 0.000
0.000 365.971 0.000 956.930 0.000 319.053 0.000 0.000
366.114 0.000 848.095 0.000 540.919 0.000 474.964 0.000
0.000 0.000 0.000 0.000 617.387 0.000 0.000 905.652
0.000 0.000 856.462 989.161 750.375 872.000 0.000 0.000
0.000 567.712 836.855 946.922 947.817 0.000 0.000 414.726
0.000 0.000 0.000 0.000 0.000 479.146 396.012 792.615
509.783 438.729 698.222 364.872 980.848 0.000 640.643 0.000
0.000 0.000 633.441 0.000 557.172 309.123 513.468 524.850
0.000 771.253 0.000 721.858 0.000 0.000 0.000 398.693
923.739 0.000 456.131 526.799 609.389 0.000 0.000 0.000
0.000 0.000 761.077 0.000 0.000 436.335 860.610 452.035
491.647 0.000 779.256 833.397 0.000 800.318 727.588 0.000
934.176 834.029 547.386 0.000 955.886 478.810 943.176 545.721
0.000 0.000 936.830 901.527 841.760 545.158 0.000 541.688
0.000 0.000 983.635 484.939 0.000 0.000 0.000 521.186
827.916 437.491 410.596 661.443 0.000 709.743 557.189 936.895
808.671 0.000 0.000 721.044 0.000 883.521 944.220 590.088
0.000 0.000 579.564 632.631 0.000 770.168 0.000 0.000
595.814 0.000 0.000 883.850 321.619 627.888 938.227 0.000
0.000 0.000 0.000 0.000 496.959 652.978 0.000 720.953
0.000 868.704 992.307 845.342 784.272 0.000 602.250 0.000
350.298 394.846 593.275 860.570 0.000 416.818 381.807 0.000
0.000 540.717 715.163 869.704 0.000 0.000 0.000 978.556
0.000 803.008 0.000 0.000 721.098 0.000 0.000 0.000
0.000 537.559 0.000 0.000 646.136 0.000 0.000 577.483
0.000 0.000 320.684 971.254 0.000 0.000 664.924 0.000
0.000 0.000 0.000 0.000 301.137 389.798 0.000 504.060
740.697 807.115 0.000 858.408 0.000 668.075 0.000 0.000
796.644 642.095 0.000 0.000 930.597 949.270 798.731 441.734
0.000 401.595 0.000 0.000 784.633 827.960 0.000 0.000
0.000 622.760 0.000 0.000 0.000 0.000 924.143 0.000
540.593 0.000 0.000 0.000 0.000 0.000 0.000 0.000
855.231 0.000 0.000 0.000 0.000 0.000 0.000 0.000
533.753 0.000 0.000 730.374 660.525 369.177 418.959 804.106
718.050 0.000 678.950 0.000 0.000 612.625 977.691 0.000
504.024 0.000 0.000 428.713 664.219 910.925 0.000 798.602
0.000 621.726 617.914 0.000 996.308 0.000 0.000 835.080
0.000 774.898 0.000 816.558 992.871 0.000 0.000 0.000
707.645 0.000 0.000 0.000 949.259 976.871 0.000 0.000
0.000 890.332 537.982 0.000 560.262 0.000 605.260 874.434
0.000 0.000 0.000 0.000 0.000 0.000 0.000 997.623
0.000 0.000 0.000 0.000 549.658 972.822 474.092 0.000
0.000 601.584 0.000 0.000 795.680 983.653 0.000 408.796
0.000 0.000 0.000 0.000 804.808 523.242 611.108 832.594
320.405 486.956 600.533 685.722 0.000 0.000 0.000 825.232
0.000 0.000 765.593 625.056 801.594 992.595 0.000 0.000
0.000 653.638 307.234 0.000 686.002 0.000 0.000 341.211
0.000 527.773 0.000 0.000 723.960 852.255 697.532 0.000
330.951 357.030 663.013 0.000 0.000 670.502 671.498 878.894
0.000 0.000 0.000 0.000 0.000 733.559 0.000 0.000
0.000 0.000 587.842 520.908 0.000 0.000 0.000 426.745
640.203 414.065 892.000 0.000 746.663 847.914 0.000 884.572
548.195 0.000 0.000 0.000 0.000 0.000 0.000 0.000
0.000 559.457 421.200 658.646 0.000 740.133 628.105 398.713
893.374 492.316 670.625 0.000 995.471 400.594 0.000 933.570
0.000 0.000 858.423 0.000 430.292 565.302 599.590 0.000
0.000 937.964 688.766 705.818 761.924 0.000 532.961 0.000
0.000 499.529 0.000 999.770 0.000 0.000 982.114 0.000
0.000 346.041 571.597 775.610 751.826 679.652 479.132 0.000
746.831 738.102 345.208 577.716 0.000 0.000 671.850 757.989
0.000 563.182 904.365 864.621 0.000 0.000 0.000 944.187
0.000 0.000 0.000 0.000 0.000 930.529 0.000 0.000
756.873 328.463 0.000 0.000 0.000 0.000 0.000 0.000
0.000 321.607 908.295 348.487 0.000 0.000 0.000 0.000
0.000 491.710 0.000 0.000 338.030 578.095 0.000 0.000
435.388 0.000 968.951 0.000 0.000 0.000 687.891 378.194
574.233 572.532 0.000 777.371 981.209 674.801 0.000 0.000
0.000 0.000 0.000 990.977 0.000 0.000 494.940 823.180
930.599 612.189 578.643 615.044 516.168 0.000 0.000 773.193
310.377 803.408 793.669 0.000 0.000 532.795 0.000 0.000
0.000 0.000 317.842 428.446 548.902 0.000 0.000 365.937
641.252 0.000 0.000 0.000 442.416 0.000 705.379 348.411
842.956 0.000 396.015 560.650 0.000 877.792 608.602 0.000
920.549 0.000 704.690 0.000 0.000 724.229 514.853 440.857
476.552 639.430 414.452 537.527 0.000 0.000 0.000 504.394
586.963 0.000 641.763 745.662 0.000 326.055 0.000 0.000
0.000 664.899 311.785 956.836 991.552 0.000 0.000 0.000
839.135 0.000 359.840 0.000 998.178 0.000 646.469 809.863
0.000 0.000 638.072 400.731 0.000 0.000 0.000 902.773
709.402 745.801 0.000 0.000 950.575 0.000 700.375 443.240
0.000 0.000 826.003 385.340 985.688 575.874 328.488 786.277
400.418 0.000 0.000 0.000 0.000 0.000 629.487 999.219
771.955 0.000 344.503 871.526 693.744 0.000 567.348 784.740
0.000 0.000 0.000 582.037 392.241 349.549 0.000 0.000
540.666 504.914 877.634 0.000 527.497 0.000 0.000 0.000
838.652 957.968 0.000 873.462 581.735 0.000 957.459 478.471
570.582 0.000 0.000 0.000 897.436 373.538 0.000 844.991
816.576 666.032 355.155 0.000 874.062 599.358 0.000 0.000
0.000 0.000 0.000 730.084 654.918 0.000 0.000 444.748
400.350 580.486 0.000 0.000 312.279 953.889 576.618 0.000
0.000 0.000 786.065 646.447 0.000 0.000 540.460 326.744
526.448 806.037 431.556 327.662 0.000 543.826 908.103 0.000
914.293 826.334 391.126 0.000 0.000 0.000 0.000 306.083
735.289 754.295 0.000 0.000 462.591 0.000 0.000 497.501
585.919 0.000 0.000 600.026 723.745 0.000 0.000 0.000
