371.616 0.000 0.000 872.330 772.109 602.869 0.000 428.926
0.000 0.000 973.273 0.000 933.287 639.249 463.997 0.000
980.724 345.129 742.836 0.000 0.000 0.000 0.000 0.000
906.270 0.000 838.556 746.661 599.614 0.000 0.000 0.000
0.000 852.704 0.000 0.000 844.715 937.875 0.000 536.581
782.579 0.000 459.050 813.688 406.640 959.584 462.497 408.010
0.000 0.000 0.000 0.000 913.097 0.000 934.900 337.543
975.718 602.422 469.735 0.000 622.449 0.000 460.486 0.000
413.520 742.535 0.000 0.000 0.000 546.019 0.000 0.000
0.000 0.000 0.000 0.000 0.000 517.831 992.321 942.121
505.319 384.871 0.000 719.640 0.000 0.000 0.000 935.598
560.320 924.362 677.701 0.000 0.000 472.260 0.000 956.993
583.408 0.000 597.240 572.924 0.000 770.377 0.000 871.286
651.016 0.000 577.900 0.000 0.000 0.000 808.015 551.673
460.445 898.730 774.916 811.345 0.000 0.000 779.516 785.395
0.000 0.000 0.000 853.131 589.611 909.041 745.955 595.392
576.071 0.000 584.206 379.922 849.932 610.713 635.714 0.000
0.000 650.837 832.302 376.555 463.203 411.896 0.000 346.389
0.000 431.437 830.949 772.403 0.000 682.183 346.890 0.000
0.000 928.736 0.000 855.284 704.786 0.000 0.000 660.592
0.000 0.000 0.000 984.255 414.983 0.000 729.357 0.000
0.000 337.201 527.177 842.372 0.000 535.734 0.000 0.000
877.083 0.000 332.375 0.000 0.000 0.000 0.000 673.040
0.000 0.000 0.000 0.000 0.000 0.000 574.751 733.206
801.718 652.369 533.968 943.530 420.620 0.000 657.692 690.469
0.000 0.000 0.000 315.603 0.000 0.000 991.335 0.000
357.915 0.000 0.000 463.637 889.481 743.299 0.000 0.000
0.000 711.089 766.265 0.000 0.000 0.000 0.000 735.913
400.862 0.000 0.000 0.000 0.000 602.288 488.071 0.000
943.648 0.000 747.732 0.000 978.180 955.567 0.000 878.055
564.945 0.000 565.595 0.000 959.981 600.609 0.000 0.000
0.000 945.493 0.000 961.490 0.000 993.896 581.613 0.000
0.000 464.378 832.363 720.007 984.109 469.545 0.000 0.000
0.000 0.000 0.000 0.000 580.658 970.213 376.794 543.933
315.909 681.780 680.708 920.153 841.416 857.646 0.000 408.947
0.000 0.000 942.513 830.249 0.000 0.000 0.000 841.665
0.000 0.000 0.000 0.000 635.195 839.506 901.270 0.000
0.000 0.000 843.892 0.000 0.000 0.000 0.000 731.464
921.108 443.421 0.000 614.648 824.963 0.000 0.000 734.889
0.000 0.000 0.000 0.000 0.000 0.000 879.548 516.920
0.000 548.628 0.000 0.000 0.000 0.000 611.356 732.945
892.351 587.634 477.574 317.301 0.000 0.000 531.555 342.426
0.000 0.000 971.806 0.000 399.991 0.000 812.623 936.275
0.000 0.000 722.646 543.052 318.665 995.414 0.000 0.000
530.984 0.000 696.641 992.629 810.361 792.251 0.000 772.313
402.485 970.629 0.000 573.474 630.725 0.000 380.389 318.756
693.272 0.000 0.000 691.962 455.868 922.759 642.131 0.000
381.590 909.284 0.000 783.973 0.000 0.000 751.968 0.000
941.386 480.275 758.927 0.000 320.525 0.000 0.000 0.000
0.000 463.237 0.000 0.000 838.043 0.000 0.000 0.000
0.000 710.398 402.852 0.000 365.091 486.363 648.622 399.667
0.000 0.000 758.331 695.523 0.000 622.754 420.856 856.791
696.811 407.383 912.054 0.000 0.000 374.012 0.000 0.000
445.572 0.000 0.000 0.000 649.707 0.000 505.966 772.560
913.043 643.085 752.203 351.464 0.000 0.000 0.000 0.000
0.000 745.773 964.027 0.000 862.254 0.000 0.000 810.028
834.483 0.000 0.000 987.711 0.000 677.556 593.458 0.000
0.000 592.835 0.000 0.000 680.352 981.759 393.349 0.000
0.000 0.000 0.000 0.000 580.664 348.762 0.000 544.354
756.570 578.336 313.128 0.000 869.818 676.553 0.000 0.000
0.000 0.000 0.000 0.000 767.744 427.933 381.703 0.000
0.000 509.213 0.000 503.012 0.000 388.989 0.000 0.000
0.000 902.390 0.000 533.482 0.000 943.178 592.494 0.000
0.000 421.186 631.284 0.000 781.199 0.000 480.402 0.000
319.437 0.000 517.361 0.000 0.000 0.000 0.000 633.680
462.639 0.000 953.497 346.499 0.000 0.000 408.733 314.881
537.894 0.000 446.615 0.000 0.000 880.078 0.000 0.000
0.000 679.611 327.828 882.460 731.847 328.223 612.436 450.619
0.000 0.000 333.641 335.886 434.288 0.000 666.591 0.000
651.458 358.325 0.000 419.006 613.156 870.550 0.000 0.000
823.216 954.609 0.000 0.000 992.523 972.558 697.227 0.000
0.000 0.000 0.000 563.555 0.000 0.000 981.848 816.558
0.000 588.243 727.149 0.000 427.793 914.665 654.637 823.422
700.230 0.000 0.000 0.000 0.000 0.000 0.000 0.000
0.000 0.000 604.178 0.000 0.000 587.691 0.000 0.000
0.000 994.962 875.584 315.073 947.779 0.000 0.000 471.097
0.000 950.313 545.906 645.948 384.901 802.563 0.000 0.000
315.542 0.000 560.599 448.334 0.000 762.318 448.755 0.000
535.688 790.875 0.000 0.000 323.817 0.000 0.000 0.000
543.540 0.000 748.464 0.000 0.000 346.269 0.000 0.000
455.361 694.981 390.859 0.000 350.350 664.324 999.851 510.530
622.960 0.000 351.514 0.000 824.418 349.681 983.815 0.000
958.297 957.046 0.000 798.281 344.375 350.411 0.000 473.464
655.773 0.000 0.000 507.537 0.000 714.311 904.025 986.452
908.833 0.000 0.000 0.000 321.466 0.000 0.000 0.000
0.000 673.945 466.981 569.845 744.764 989.384 879.097 0.000
0.000 0.000 0.000 0.000 804.780 774.938 0.000 0.000
0.000 664.089 0.000 580.267 960.791 745.548 630.385 0.000
556.929 471.183 0.000 0.000 0.000 549.829 961.090 890.763
973.820 708.286 834.058 0.000 0.000 423.533 978.467 0.000
742.324 0.000 428.472 822.116 752.356 891.128 829.882 454.939
868.061 0.000 857.046 555.291 623.600 0.000 367.877 0.000
0.000 0.000 762.432 0.000 818.720 977.373 999.735 0.000
0.000 463.423 953.316 0.000 0.000 848.706 878.611 0.000
0.000 929.216 0.000 924.556 738.510 0.000 0.000 957.669
976.446 625.418 0.000 0.000 310.774 0.000 0.000 0.000
0.000 961.459 976.173 0.000 517.756 704.597 0.000 0.000
0.000 806.366 934.146 0.000 333.572 478.876 554.674 0.000
0.000 0.000 900.585 0.000 492.764 582.219 0.000 0.000
382.831 0.000 0.000 332.948 0.000 404.781 685.597 986.643
809.507 874.262 888.996 0.000 0.000 0.000 0.000 980.651
0.000 706.198 0.000 433.195 0.000 602.160 0.000 0.000
755.392 0.000 929.219 0.000 408.478 679.017 0.000 0.000
0.000 699.167 436.022 504.258 439.576 459.270 836.472 0.000
334.394 0.000 0.000 817.554 0.000 0.000 0.000 0.000
304.451 0.000 0.000 369.609 0.000 0.000 0.000 0.000
329.772 893.333 824.012 0.000 0.000 0.000 370.902 432.105
0.000 0.000 837.324 0.000 420.854 529.211 554.393 0.000
0.000 365.712 883.873 933.683 591.739 566.814 0.000 359.383
706.153 0.000 0.000 0.000 893.024 690.581 0.000 437.231
0.000 719.653 381.360 822.502 0.000 380.382 850.916 825.218
0.000 0.000 0.000 625.522 0.000 696.064 0.000 0.000
619.659 0.000 806.733 0.000 0.000 0.000 687.617 442.935
0.000 472.209 753.299 0.000 0.000 0.000 0.000 836.035
772.056 0.000 0.000 426.115 371.711 560.143 0.000 0.000
490.887 451.427 699.310 372.701 0.000 0.000 0.000 0.000
903.192 752.386 0.000 615.457 395.196 0.000 0.000 0.000
731.537 0.000 765.604 0.000 0.000 0.000 0.000 0.000
792.161 0.000 0.000 0.000 0.000 729.033 0.000 0.000
974.093 757.435 364.578 856.772 0.000 374.452 406.433 0.000
0.000 0.000 0.000 0.000 0.000 557.192 0.000 0.000
840.476 0.000 505.291 0.000 0.000 769.285 592.524 0.000
0.000 0.000 0.000 621.800 0.000 966.736 0.000 0.000
856.176 0.000 0.000 0.000 986.403 0.000 345.604 794.197
0.000 548.544 872.425 0.000 0.000 0.000 463.312 914.452
730.423 0.000 622.282 728.371 0.000 0.000 560.519 0.000
0.000 0.000 439.525 0.000 740.483 569.345 388.009 439.232
640.310 0.000 659.245 784.624 605.363 0.000 0.000 353.510
309.530 534.278 474.195 757.789 492.494 904.054 0.000 0.000
964.745 713.015 0.000 478.571 386.945 0.000 457.699 0.000
0.000 0.000 875.412 502.566 392.097 737.166 0.000 437.727
0.000 863.524 0.000 0.000 513.674 0.000 0.000 0.000
0.000 840.465 0.000 0.000 0.000 841.789 954.792 524.844
0.000 968.384 768.888 0.000 0.000 0.000 0.000 319.536
0.000 967.599 0.000 0.000 0.000 916.726 551.908 707.481
485.881 566.888 353.416 941.799 469.662 0.000 893.911 866.986
0.000 0.000 690.769 847.336 0.000 666.053 0.000 0.000
742.765 441.694 621.545 944.530 508.330 686.281 929.590 388.587
907.209 552.965 455.564 927.242 0.000 761.169 700.530 565.746
0.000 399.987 0.000 0.000 0.000 0.000 386.340 910.972
0.000 0.000 419.712 521.614 0.000 0.000 0.000 0.000
885.968 0.000 0.000 0.000 362.743 429.793 0.000 491.006
641.381 813.915 812.637 973.088 0.000 0.000 469.210 0.000
611.907 384.341 855.672 654.722 357.409 712.815 0.000 0.000
642.159 725.522 318.082 352.977 0.000 0.000 486.065 933.035
916.991 663.696 311.641 525.967 481.933 799.148 0.000 0.000
0.000 0.000 746.212 0.000 632.123 526.869 668.756 734.547
999.129 0.000 767.721 582.587 886.555 340.581 0.000 692.326
0.000 341.123 0.000 0.000 594.844 503.871 931.076 0.000
0.000 0.000 0.000 0.000 328.451 0.000 749.974 0.000
524.546 541.200 836.441 0.000 848.546 635.797 0.000 724.119
929.839 0.000 0.000 980.515 818.732 385.674 0.000 948.881
0.000 809.730 0.000 840.672 703.389 0.000 794.283 0.000
787.887 994.747 0.000 860.859 0.000 816.093 862.482 312.131
0.000 536.727 628.052 882.484 865.801 846.047 918.736 0.000
807.399 0.000 960.596 0.000 504.123 0.000 526.815 788.258
0.000 795.856 345.686 0.000 986.928 408.430 346.916 582.022
750.760 799.276 577.324 0.000 0.000 0.000 411.561 905.319
801.432 0.000 0.000 0.000 923.111 0.000 0.000 495.715
577.987 348.801 0.000 614.715 398.879 0.000 648.174 455.830
890.949 0.000 0.000 598.492 625.449 0.000 0.000 0.000
772.714 656.659 659.415 0.000 787.462 864.536 0.000 0.000
592.664 0.000 926.090 0.000 0.000 0.000 0.000 784.203
962.482 0.000 0.000 315.549 0.000 0.000 0.000 0.000
0.000 0.000 930.658 0.000 927.645 0.000 0.000 0.000
453.016 393.234 0.000 0.000 0.000 0.000 0.000 0.000
595.145 591.394 0.000 817.575 0.000 587.732 0.000 530.381
441.103 0.000 0.000 954.380 0.000 972.350 716.573 0.000
433.870 0.000 879.266 562.577 950.515 483.811 453.518 0.000
978.047 0.000 322.261 346.797 329.660 0.000 705.876 0.000
0.000 828.812 0.000 0.000 814.501 0.000 0.000 0.000
0.000 790.613 0.000 700.688 0.000 0.000 0.000 0.000
537.349 673.088 647.744 0.000 912.564 0.000 0.000 953.458
0.000 0.000 987.246 0.000 995.074 957.697 646.201 548.213
536.117 0.000 491.867 649.999 0.000 0.000 748.851 734.649
571.433 989.237 770.436 940.991 0.000 600.944 700.793 623.207
330.038 0.000 585.801 342.206 0.000 651.438 355.374 530.734
346.240 576.602 549.966 368.455 0.000 586.239 483.644 488.406
903.332 830.638 0.000 523.136 401.138 0.000 0.000 484.968
0.000 660.261 0.000 334.331 0.000 0.000 393.059 0.000
0.000 0.000 461.679 0.000 328.502 0.000 0.000 977.801
0.000 0.000 0.000 0.000 739.726 0.000 570.505 899.621
584.926 863.369 0.000 420.060 0.000 0.000 801.983 0.000
0.000 621.015 0.000 0.000 0.000 0.000 548.772 873.765
641.967 422.251 0.000 380.093 688.085 0.000 776.782 966.667
0.000 0.000 0.000 552.859 0.000 0.000 742.753 0.000
0.000 533.976 0.000 660.901 732.762 586.179 0.000 0.000
0.000 523.447 0.000 0.000 0.000 0.000 0.000 0.000
0.000 0.000 0.000 311.041 762.944 385.632 698.165 0.000
0.000 652.180 890.703 854.634 991.047 383.568 614.354 361.103
0.000 842.818 0.000 0.000 0.000 0.000 0.000 988.562
511.139 873.904 406.869 0.000 0.000 474.896 0.000 444.124
0.000 0.000 625.852 885.258 364.372 985.460 410.477 0.000
0.000 539.039 0.000 0.000 759.906 0.000 938.673 0.000
0.000 0.000 605.936 0.000 0.000 0.000 917.250 403.138
0.000 0.000 0.000 0.000 0.000 942.030 518.415 785.547
548.039 0.000 0.000 397.982 0.000 330.452 0.000 0.000
0.000 0.000 622.803 525.412 670.935 0.000 601.850 799.772
0.000 0.000 0.000 0.000 338.851 702.443 0.000 958.936
0.000 0.000 749.832 691.678 0.000 864.994 416.435 399.557
0.000 0.000 728.038 451.946 884.768 0.000 0.000 0.000
0.000 378.610 0.000 982.816 366.605 518.405 0.000 0.000
494.240 752.987 0.000 0.000 372.760 521.657 902.284 0.000
0.000 0.000 519.447 862.574 396.646 0.000 945.623 0.000
0.000 0.000 656.352 750.104 876.502 594.970 0.000 0.000
0.000 781.231 981.250 0.000 569.242 513.753 979.283 0.000
450.730 947.842 0.000 919.312 416.426 350.141 691.205 0.000
828.608 316.715 317.553 0.000 589.892 871.486 355.664 0.000
806.301 0.000 0.000 302.328 0.000 0.000 0.000 355.822
0.000 0.000 980.231 0.000 0.000 586.017 805.516 0.000
626.709 874.061 732.380 0.000 0.000 943.570 0.000 0.000
301.612 735.329 0.000 0.000 676.865 0.000 736.996 0.000
0.000 829.073 971.066 0.000 0.000 990.736 410.435 0.000
728.240 597.541 892.061 0.000 626.488 0.000 0.000 686.095
0.000 360.320 836.077 0.000 751.490 0.000 459.451 596.244
0.000 0.000 772.366 0.000 0.000 462.569 0.000 844.100
0.000 600.859 581.134 889.817 0.000 0.000 476.593 827.292
541.803 715.500 763.650 0.000 968.586 485.905 587.026 791.109
0.000 0.000 0.000 334.554 666.804 0.000 0.000 922.588
0.000 824.585 0.000 0.000 0.000 949.519 0.000 863.633
826.243 327.712 485.660 0.000 0.000 0.000 0.000 703.892
976.009 758.563 921.861 0.000 396.161 0.000 383.478 393.216
0.000 0.000 315.392 653.916 0.000 725.584 0.000 915.237
0.000 0.000 0.000 0.000 502.932 537.432 0.000 0.000
735.090 0.000 480.136 0.000 925.244 0.000 0.000 0.000
0.000 0.000 388.061 602.673 0.000 659.759 0.000 882.703
988.014 0.000 430.353 0.000 0.000 0.000 328.082 705.147
582.898 0.000 943.055 674.910 695.736 345.702 0.000 0.000
870.295 0.000 0.000 973.201 465.134 0.000 0.000 462.997
475.921 0.000 395.978 0.000 560.764 0.000 801.938 0.000
503.149 986.399 0.000 0.000 404.806 672.776 991.640 772.157
0.000 0.000 493.200 392.628 0.000 976.171 838.119 592.116
884.432 0.000 433.235 0.000 0.000 324.800 651.342 626.569
0.000 0.000 717.096 0.000 632.927 505.764 588.336 744.672
0.000 0.000 0.000 575.857 422.610 768.665 0.000 0.000
970.003 663.579 0.000 675.425 0.000 991.466 0.000 0.000
0.000 944.034 0.000 0.000 489.048 324.366 730.481 0.000
0.000 0.000 635.811 0.000 0.000 0.000 0.000 0.000
0.000 0.000 0.000 0.000 0.000 0.000 441.011 446.105
650.096 0.000 0.000 0.000 0.000 349.112 992.308 0.000
630.382 793.761 639.172 363.775 530.536 859.076 429.472 0.000
0.000 945.179 0.000 0.000 0.000 0.000 0.000 0.000
585.363 0.000 663.035 0.000 745.908 679.942 456.544 799.164
0.000 0.000 919.705 453.250 307.102 0.000 0.000 576.237
0.000 934.523 603.143 0.000 0.000 738.540 543.042 0.000
947.333 0.000 509.141 412.608 0.000 0.000 0.000 604.619
0.000 918.419 981.474 780.354 931.665 0.000 0.000 821.405
390.896 323.196 0.000 469.615 0.000 0.000 0.000 0.000
497.356 0.000 0.000 852.243 412.305 546.962 0.000 374.589
0.000 0.000 751.079 901.976 673.202 0.000 845.319 899.403
0.000 0.000 358.914 610.692 733.887 0.000 849.955 731.760
0.000 762.926 0.000 0.000 466.778 596.991 0.000 0.000
783.721 0.000 671.281 774.389 0.000 0.000 0.000 0.000
709.114 705.788 712.890 0.000 0.000 0.000 0.000 717.447
0.000 0.000 702.507 0.000 0.000 817.931 0.000 0.000
0.000 0.000 923.134 0.000 707.336 0.000 0.000 476.561
817.158 0.000 0.000 0.000 960.755 541.108 732.525 592.063
945.757 0.000 530.487 878.149 0.000 0.000 446.276 0.000
0.000 0.000 0.000 0.000 754.292 0.000 0.000 0.000
0.000 428.322 726.137 0.000 841.885 858.983 0.000 0.000
0.000 0.000 0.000 319.765 0.000 0.000 742.601 659.326
964.665 949.597 0.000 0.000 514.695 751.122 0.000 0.000
333.049 924.760 0.000 747.785 911.147 716.481 0.000 821.379
0.000 0.000 0.000 496.411 0.000 613.568 582.342 477.623
0.000 552.473 0.000 0.000 550.500 321.891 490.425 779.910
0.000 0.000 705.597 752.915 575.118 0.000 303.757 0.000
863.220 894.724 0.000 0.000 604.084 654.756 0.000 427.490
0.000 718.401 421.263 0.000 0.000 0.000 529.692 0.000
458.277 0.000 982.130 822.373 0.000 0.000 468.023 0.000
863.847 546.567 0.000 712.382 489.658 649.406 0.000 0.000
992.837 0.000 0.000 0.000 0.000 0.000 0.000 0.000
331.313 0.000 894.908 742.585 343.505 761.220 0.000 699.696
0.000 439.836 664.442 0.000 619.593 0.000 752.635 0.000
0.000 0.000 0.000 0.000 698.180 321.003 0.000 976.887
772.490 860.097 616.571 891.931 799.717 0.000 829.488 0.000
654.077 0.000 0.000 0.000 0.000 0.000 0.000 0.000
0.000 0.000 0.000 324.340 0.000 0.000 0.000 0.000
0.000 714.256 0.000 0.000 0.000 0.000 401.977 716.270
310.179 0.000 352.294 0.000 719.420 966.043 0.000 0.000
0.000 0.000 0.000 814.058 720.483 687.877 729.309 0.000
0.000 0.000 374.562 0.000 0.000 811.627 523.458 672.468
0.000 402.850 861.389 774.304 0.000 0.000 0.000 722.871
0.000 979.886 0.000 942.902 462.251 0.000 852.246 796.839
523.907 770.715 874.552 0.000 626.047 776.206 0.000 604.417
688.843 0.000 0.000 0.000 0.000 0.000 799.587 732.587
0.000 498.622 753.012 0.000 859.244 0.000 0.000 0.000
820.452 0.000 0.000 0.000 0.000 0.000 376.680 0.000
0.000 764.690 0.000 542.920 0.000 0.000 0.000 488.231
798.304 484.730 929.280 0.000 0.000 927.393 0.000 0.000
348.884 700.428 0.000 0.000 662.822 0.000 812.476 431.018
571.631 543.016 962.844 0.000 873.674 0.000 617.010 0.000
858.160 0.000 0.000 877.733 870.357 0.000 508.664 0.000
943.507 0.000 892.195 0.000 322.373 760.423 660.679 581.530
901.916 0.000 0.000 992.759 0.000 617.490 435.096 0.000
670.749 304.831 400.856 0.000 0.000 0.000 821.955 0.000
413.303 697.318 479.077 778.160 0.000 0.000 0.000 0.000
758.963 674.081 787.040 0.000 336.781 0.000 0.000 779.261
809.967 808.915 561.920 313.012 0.000 705.696 0.000 0.000
449.655 0.000 0.000 678.252 820.981 0.000 408.089 362.804
0.000 919.534 0.000 569.901 0.000 0.000 603.783 830.439
0.000 0.000 603.721 0.000 0.000 572.277 0.000 919.456
0.000 536.953 0.000 618.813 916.078 0.000 301.137 943.764
363.044 749.174 734.161 0.000 0.000 0.000 973.242 0.000
0.000 383.775 412.449 0.000 601.737 0.000 727.004 331.744
0.000 343.943 0.000 0.000 0.000 0.000 0.000 397.391
0.000 918.715 0.000 308.499 0.000 613.351 623.567 0.000
0.000 323.777 423.483 0.000 549.596 0.000 985.618 0.000
0.000 918.279 725.539 0.000 0.000 0.000 413.896 0.000
976.349 0.000 0.000 0.000 0.000 498.444 953.622 0.000
0.000 384.188 0.000 363.207 502.195 604.597 0.000 0.000
0.000 0.000 964.707 405.254 0.000 401.576 0.000 0.000
897.509 0.000 381.875 920.341 609.300 400.287 539.958 574.991
844.495 849.881 504.838 661.197 0.000 714.346 873.129 548.208
0.000 478.750 722.438 0.000 306.284 0.000 443.904 0.000
884.720 0.000 415.829 722.773 0.000 477.814 947.832 949.264
0.000 419.285 770.095 887.621 0.000 792.354 979.698 649.283
693.854 0.000 831.453 529.745 0.000 0.000 0.000 0.000
389.873 0.000 0.000 846.271 688.630 0.000 0.000 703.809
865.968 0.000 0.000 535.438 752.928 882.405 0.000 0.000
991.949 0.000 0.000 0.000 0.000 0.000 543.410 816.646
0.000 331.517 0.000 329.881 0.000 955.613 539.773 0.000
0.000 520.078 0.000 0.000 0.000 582.095 0.000 459.687
0.000 387.207 599.850 417.925 444.904 0.000 0.000 0.000
0.000 799.974 935.797 0.000 0.000 0.000 438.981 843.749
0.000 455.902 0.000 672.440 0.000 873.132 393.731 661.950
340.195 0.000 0.000 580.215 959.040 765.398 0.000 946.621
0.000 0.000 739.517 0.000 0.000 482.428 883.887 0.000
0.000 0.000 506.495 0.000 611.976 959.962 0.000 807.930
921.592 461.163 340.238 842.606 0.000 912.541 0.000 825.598
787.160 449.190 890.191 0.000 618.493 0.000 0.000 638.842
945.229 552.122 0.000 0.000 963.173 0.000 802.986 966.352
0.000 0.000 0.000 898.288 463.976 491.175 0.000 416.680
0.000 0.000 0.000 844.811 0.000 0.000 0.000 933.171
0.000 0.000 708.747 0.000 863.036 0.000 0.000 0.000
921.287 0.000 516.087 0.000 0.000 625.706 709.116 0.000
0.000 759.679 990.899 351.000 0.000 303.118 911.994 0.000
0.000 671.702 818.569 513.883 902.548 782.408 913.875 306.421
0.000 534.051 0.000 0.000 841.363 0.000 0.000 559.813
452.352 538.975 796.031 0.000 328.296 934.176 635.083 593.562
0.000 0.000 987.183 0.000 793.113 0.000 687.013 0.000
0.000 0.000 0.000 0.000 0.000 0.000 0.000 589.509
0.000 841.818 848.616 719.989 0.000 471.057 0.000 0.000
808.106 0.000 0.000 0.000 0.000 385.333 0.000 0.000
493.603 0.000 0.000 0.000 995.108 658.136 0.000 697.753
524.948 0.000 0.000 886.786 589.739 0.000 659.177 0.000
661.913 933.773 0.000 633.459 0.000 998.665 0.000 0.000
519.153 0.000 432.196 0.000 0.000 583.469 358.645 0.000
380.352 904.666 0.000 0.000 418.805 503.831 567.107 958.057
0.000 0.000 0.000 0.000 0.000 0.000 623.197 801.090
835.245 658.766 547.952 0.000 908.228 0.000 372.527 0.000
534.010 0.000 0.000 0.000 0.000 487.340 445.156 0.000
785.461 0.000 0.000 0.000 0.000 923.015 782.268 0.000
927.478 549.165 693.155 0.000 0.000 0.000 0.000 0.000
341.844 910.482 0.000 0.000 0.000 657.404 0.000 567.909
0.000 0.000 0.000 957.915 0.000 0.000 0.000 408.148
522.450 880.249 0.000 640.062 0.000 312.752 541.841 336.712
666.950 0.000 317.882 0.000 0.000 0.000 0.000 822.829
0.000 0.000 547.014 0.000 0.000 0.000 738.974 654.177
0.000 748.456 845.527 0.000 376.580 0.000 0.000 624.335
0.000 491.590 444.723 0.000 0.000 502.992 0.000 721.513
358.636 490.929 901.077 0.000 696.318 806.900 0.000 0.000
0.000 0.000 0.000 0.000 0.000 0.000 530.759 642.244
0.000 989.583 410.498 518.966 0.000 452.512 0.000 0.000
575.371 0.000 669.370 585.821 0.000 550.058 0.000 331.380
539.715 0.000 0.000 566.281 449.598 0.000 0.000 0.000
593.004 0.000 0.000 0.000 671.437 396.415 858.465 744.109
338.106 422.577 400.847 798.031 834.818 347.259 342.244 749.478
0.000 569.071 339.259 0.000 400.584 613.056 0.000 0.000
760.689 594.155 0.000 0.000 424.802 0.000 0.000 0.000
997.059 0.000 0.000 596.255 0.000 682.816 985.513 0.000
929.779 0.000 0.000 626.927 410.336 0.000 993.727 0.000
454.567 596.285 609.838 0.000 0.000 0.000 524.372 0.000
0.000 558.162 551.275 419.571 312.153 469.077 0.000 0.000
969.544 0.000 492.239 839.272 377.640 0.000 0.000 574.936
552.711 851.322 0.000 850.911 0.000 0.000 0.000 0.000
987.039 0.000 0.000 947.320 544.835 0.000 0.000 0.000
0.000 0.000 0.000 0.000 696.905 0.000 0.000 0.000
765.519 0.000 563.367 632.388 0.000 376.471 0.000 0.000
373.646 882.551 350.092 367.153 0.000 0.000 0.000 500.035
0.000 520.456 0.000 0.000 895.354 0.000 784.291 0.000
788.575 0.000 0.000 0.000 0.000 973.163 953.355 379.290
848.353 525.386 0.000 461.917 0.000 617.548 914.238 517.630
0.000 0.000 543.072 708.434 838.580 0.000 992.412 0.000
856.007 0.000 524.264 760.222 746.733 397.794 0.000 468.909
821.213 982.625 0.000 843.442 508.098 0.000 454.468 0.000
304.700 0.000 460.676 706.217 0.000 0.000 811.752 484.829
0.000 628.912 949.121 401.836 0.000 603.305 0.000 437.300
486.673 835.467 0.000 0.000 866.646 391.018 0.000 0.000
718.772 729.837 0.000 0.000 749.618 663.056 0.000 0.000
0.000 0.000 0.000 823.519 0.000 998.936 0.000 630.220
364.605 475.690 819.937 803.491 458.515 0.000 325.393 0.000
0.000 501.793 0.000 0.000 465.337 725.037 863.582 0.000
344.758 607.539 411.369 941.424 0.000 678.725 897.858 0.000
448.752 384.239 0.000 423.567 0.000 0.000 971.818 892.718
464.195 354.174 0.000 0.000 771.189 0.000 986.571 0.000
742.086 988.427 434.759 907.550 753.559 0.000 0.000 374.772
598.539 696.543 0.000 0.000 897.437 0.000 528.525 0.000
638.338 568.792 849.201 0.000 0.000 0.000 0.000 0.000
0.000 706.475 689.431 0.000 708.882 0.000 0.000 0.000
0.000 704.511 0.000 0.000 0.000 579.242 0.000 0.000
0.000 0.000 740.103 0.000 0.000 0.000 916.294 0.000
320.791 341.098 0.000 656.565 567.889 0.000 0.000 684.414
976.347 0.000 954.152 0.000 0.000 0.000 903.789 0.000
803.473 309.199 481.981 419.607 942.507 0.000 0.000 0.000
0.000 0.000 0.000 960.179 0.000 994.472 654.340 850.799
0.000 0.000 590.619 848.279 458.519 882.215 435.397 370.766
593.671 491.751 0.000 0.000 0.000 0.000 434.665 0.000
0.000 0.000 642.729 0.000 991.311 0.000 0.000 0.000
0.000 0.000 452.220 0.000 0.000 751.452 0.000 734.759
973.146 0.000 0.000 0.000 0.000 0.000 0.000 0.000
0.000 618.726 0.000 604.077 623.260 760.664 803.784 321.296
0.000 0.000 0.000 0.000 0.000 0.000 857.073 397.324
754.726 595.125 0.000 816.061 0.000 0.000 0.000 0.000
565.656 0.000 478.283 0.000 367.377 0.000 685.658 700.644
0.000 0.000 934.531 0.000 655.232 690.289 0.000 634.710
903.641 347.197 0.000 856.331 982.776 936.594 0.000 0.000
458.536 0.000 449.628 0.000 417.748 991.503 0.000 0.000
519.234 0.000 0.000 0.000 0.000 0.000 397.498 0.000
370.879 492.753 0.000 721.354 0.000 638.254 0.000 455.954
705.545 626.720 664.466 0.000 0.000 745.761 650.018 0.000
0.000 0.000 733.727 0.000 0.000 410.559 0.000 687.015
847.402 756.597 0.000 0.000 793.436 478.967 0.000 948.839
346.605 696.450 0.000 0.000 859.655 0.000 0.000 741.383
336.346 359.191 0.000 0.000 0.000 684.033 0.000 827.988
815.147 0.000 0.000 538.830 879.958 0.000 0.000 933.119
855.762 301.170 0.000 0.000 350.653 627.629 383.038 0.000
352.602 884.498 0.000 643.207 671.343 0.000 466.207 312.060
861.224 0.000 863.074 495.789 307.836 793.768 675.607 0.000
0.000 0.000 0.000 0.000 0.000 0.000 0.000 876.359
0.000 721.603 0.000 523.060 929.029 0.000 0.000 530.140
0.000 623.893 0.000 0.000 0.000 632.871 0.000 0.000
915.066 0.000 0.000 0.000 0.000 0.000 0.000 0.000
306.624 0.000 585.506 0.000 0.000 0.000 660.509 412.850
0.000 610.395 0.000 0.000 402.454 415.662 948.199 0.000
954.103 537.360 0.000 0.000 465.640 537.551 721.150 0.000
0.000 804.928 0.000 0.000 634.046 651.304 0.000 0.000
0.000 0.000 818.793 0.000 589.116 521.551 779.505 0.000
557.384 0.000 671.029 608.124 0.000 825.456 0.000 0.000
0.000 568.993 0.000 976.872 443.017 706.479 0.000 684.552
0.000 0.000 0.000 869.824 0.000 0.000 519.705 0.000
610.342 0.000 439.768 0.000 0.000 745.170 623.848 0.000
0.000 0.000 0.000 0.000 0.000 482.308 0.000 0.000
0.000 665.074 453.578 0.000 959.379 326.420 708.717 0.000
819.597 0.000 0.000 628.607 627.718 305.097 305.050 0.000
761.351 0.000 0.000 523.896 982.497 0.000 754.263 782.014
474.952 0.000 0.000 0.000 709.474 906.617 780.307 609.545
865.852 0.000 0.000 0.000 0.000 0.000 896.721 0.000
392.649 0.000 420.953 898.369 866.144 0.000 895.423 0.000
0.000 770.956 0.000 0.000 588.806 981.315 846.693 0.000
392.743 363.020 0.000 0.000 0.000 941.331 353.545 409.081
0.000 0.000 525.321 0.000 0.000 0.000 0.000 588.429
0.000 0.000 797.003 0.000 530.405 0.000 526.007 0.000
0.000 404.858 611.981 0.000 512.447 403.647 456.693 776.453
0.000 0.000 0.000 0.000 0.000 0.000 528.483 0.000
805.028 0.000 494.656 395.992 0.000 338.743 0.000 840.298
0.000 898.382 0.000 0.000 0.000 0.000 0.000 0.000
372.865 0.000 948.535 0.000 0.000 0.000 537.037 954.877
0.000 0.000 712.483 562.434 0.000 664.719 0.000 0.000
969.443 777.528 373.667 0.000 0.000 842.316 811.701 955.587
0.000 970.929 0.000 623.031 0.000 0.000 0.000 0.000
757.177 0.000 475.245 363.309 0.000 0.000 374.236 533.661
363.375 0.000 0.000 566.521 422.462 0.000 604.182 0.000
0.000 755.387 768.221 0.000 0.000 0.000 0.000 591.823
956.606 0.000 0.000 0.000 676.826 708.402 889.983 388.051
395.514 0.000 0.000 335.014 0.000 0.000 0.000 333.004
0.000 963.306 515.196 574.050 526.628 0.000 0.000 566.767
0.000 353.769 759.751 0.000 643.881 828.928 0.000 0.000
0.000 356.403 709.575 381.266 0.000 858.966 781.558 376.000
976.830 0.000 0.000 0.000 0.000 873.159 504.868 475.720
469.742 0.000 0.000 710.583 0.000 0.000 0.000 497.991
0.000 948.997 0.000 0.000 0.000 629.563 0.000 0.000
0.000 0.000 0.000 988.350 0.000 321.245 0.000 0.000
0.000 797.128 784.581 0.000 543.584 0.000 0.000 0.000
0.000 0.000 655.233 0.000 504.339 0.000 611.328 459.284
454.689 915.863 415.997 372.341 0.000 0.000 915.148 378.409
399.445 0.000 888.240 0.000 0.000 0.000 446.808 0.000
0.000 429.222 890.279 467.159 344.074 0.000 0.000 0.000
0.000 997.835 0.000 0.000 0.000 0.000 518.613 0.000
0.000 0.000 532.203 404.636 0.000 0.000 0.000 787.912
521.207 0.000 0.000 491.520 605.623 0.000 830.003 0.000
0.000 0.000 878.554 657.925 396.944 0.000 503.305 531.280
798.771 0.000 0.000 0.000 705.682 0.000 356.297 0.000
0.000 678.195 873.421 0.000 0.000 0.000 442.474 0.000
734.946 0.000 836.147 388.014 0.000 0.000 457.026 399.276
0.000 521.399 965.317 452.174 467.051 0.000 882.872 0.000
970.316 911.802 617.135 987.448 0.000 709.648 0.000 817.489
0.000 978.100 500.373 648.514 0.000 0.000 0.000 0.000
0.000 0.000 935.201 0.000 474.725 0.000 451.556 0.000
0.000 0.000 0.000 0.000 0.000 407.374 851.302 904.264
0.000 473.045 563.379 0.000 0.000 0.000 604.171 0.000
0.000 788.689 395.349 306.972 893.994 0.000 0.000 903.102
502.799 786.017 888.783 0.000 0.000 0.000 773.280 0.000
0.000 0.000 991.351 361.600 670.285 0.000 0.000 0.000
0.000 0.000 873.346 454.651 651.836 0.000 0.000 715.554
446.573 625.336 622.379 0.000 324.424 0.000 625.691 0.000
670.639 0.000 0.000 0.000 0.000 891.125 520.234 0.000
692.801 955.628 420.761 0.000 0.000 952.520 0.000 351.379
394.683 308.773 560.523 845.307 448.609 0.000 772.081 676.640
0.000 648.213 321.827 872.103 477.728 966.748 0.000 0.000
0.000 0.000 803.950 0.000 473.670 0.000 911.595 0.000
