551.382 0.000 0.000 0.000 379.769 0.000 840.855 314.714
0.000 0.000 686.259 0.000 647.824 0.000 0.000 334.075
0.000 688.223 0.000 319.726 0.000 0.000 0.000 519.490
828.307 562.803 0.000 0.000 0.000 0.000 929.365 0.000
0.000 881.484 0.000 0.000 430.938 0.000 678.735 0.000
0.000 0.000 0.000 849.852 0.000 415.845 728.397 0.000
0.000 826.029 715.979 767.353 607.823 733.932 0.000 646.622
786.837 832.927 805.823 0.000 0.000 365.580 0.000 0.000
393.173 0.000 668.208 393.556 0.000 0.000 0.000 0.000
0.000 0.000 500.660 0.000 0.000 725.537 481.277 0.000
0.000 0.000 480.235 935.889 576.475 621.414 0.000 705.188
0.000 0.000 318.926 904.454 877.723 0.000 0.000 563.208
0.000 0.000 0.000 0.000 934.585 0.000 777.247 993.138
0.000 689.533 0.000 0.000 0.000 701.453 302.956 332.463
0.000 684.797 786.227 0.000 504.265 918.166 474.509 385.731
693.072 993.248 719.278 614.586 633.483 0.000 0.000 558.477
800.655 426.425 0.000 770.275 0.000 0.000 841.627 0.000
301.776 309.349 0.000 340.261 0.000 0.000 941.660 531.226
0.000 0.000 633.115 0.000 0.000 0.000 0.000 0.000
954.161 0.000 982.686 727.528 0.000 0.000 660.675 899.677
975.835 609.822 0.000 602.598 775.408 923.423 0.000 0.000
479.976 705.714 0.000 0.000 0.000 977.595 928.899 746.106
0.000 881.382 433.657 0.000 390.506 0.000 696.258 920.973
0.000 0.000 796.548 0.000 494.749 565.036 606.405 0.000
0.000 0.000 428.358 454.031 0.000 0.000 0.000 909.375
0.000 0.000 574.583 831.426 484.411 418.095 0.000 0.000
0.000 729.653 663.578 432.236 545.296 0.000 0.000 0.000
0.000 420.962 580.882 0.000 0.000 0.000 0.000 574.337
0.000 718.739 0.000 730.851 802.434 900.601 893.413 360.417
0.000 0.000 0.000 529.960 845.808 0.000 0.000 676.529
957.390 706.382 737.865 0.000 702.065 405.573 535.739 0.000
712.889 534.134 0.000 842.503 0.000 707.402 0.000 0.000
747.093 0.000 0.000 711.817 0.000 928.238 0.000 0.000
0.000 0.000 515.994 0.000 0.000 0.000 0.000 0.000
0.000 0.000 0.000 0.000 603.207 0.000 431.834 0.000
828.557 0.000 487.373 882.333 380.139 0.000 437.840 342.687
494.220 834.748 0.000 553.407 0.000 771.472 772.192 571.833
638.407 315.771 0.000 0.000 784.663 0.000 938.174 421.443
360.318 981.537 0.000 772.176 454.123 0.000 751.920 440.823
428.672 718.423 825.964 716.411 567.100 661.208 617.627 717.427
367.731 0.000 0.000 791.988 0.000 0.000 317.744 765.635
0.000 0.000 0.000 512.724 0.000 0.000 0.000 692.187
0.000 0.000 0.000 396.770 602.939 495.175 0.000 0.000
0.000 0.000 823.618 361.376 632.126 0.000 389.445 0.000
852.090 575.342 325.072 351.186 340.247 694.910 0.000 0.000
0.000 0.000 761.545 335.348 0.000 0.000 0.000 0.000
476.426 692.378 0.000 480.479 822.250 0.000 758.220 0.000
0.000 0.000 0.000 761.321 730.837 498.323 725.743 0.000
0.000 576.371 0.000 449.227 643.180 0.000 577.881 0.000
0.000 568.649 0.000 679.577 804.053 0.000 523.360 0.000
0.000 556.506 0.000 0.000 933.349 877.147 873.634 885.263
0.000 0.000 0.000 595.587 0.000 564.957 662.251 0.000
460.057 802.191 417.724 0.000 0.000 627.238 571.958 0.000
897.018 577.348 0.000 922.897 592.007 970.154 0.000 766.531
0.000 0.000 0.000 353.981 0.000 773.583 768.692 527.649
0.000 0.000 474.189 776.637 835.059 695.581 567.952 517.668
0.000 0.000 907.231 523.833 0.000 939.063 474.551 0.000
501.070 670.046 952.580 0.000 0.000 0.000 845.708 383.733
630.920 0.000 0.000 404.573 495.676 819.968 0.000 0.000
0.000 0.000 0.000 951.317 464.638 626.440 585.436 0.000
317.154 0.000 733.487 0.000 431.814 713.916 0.000 431.052
443.433 878.389 908.345 0.000 0.000 629.425 550.124 497.339
0.000 0.000 887.485 0.000 0.000 998.067 836.327 719.160
0.000 0.000 585.876 0.000 0.000 0.000 0.000 0.000
784.250 416.227 639.575 0.000 425.163 0.000 582.279 0.000
0.000 0.000 0.000 670.309 0.000 568.691 852.749 0.000
632.182 311.540 652.272 0.000 944.206 902.470 381.851 0.000
0.000 554.819 0.000 0.000 0.000 874.452 767.492 0.000
375.662 652.017 515.971 570.677 0.000 509.088 0.000 0.000
0.000 0.000 0.000 0.000 776.748 777.464 581.822 0.000
0.000 475.318 0.000 553.445 346.383 985.888 0.000 0.000
950.929 425.660 0.000 925.728 0.000 0.000 310.361 452.514
0.000 718.074 0.000 0.000 0.000 0.000 0.000 0.000
0.000 0.000 603.743 986.497 0.000 693.402 0.000 0.000
0.000 382.411 378.311 0.000 0.000 759.752 0.000 0.000
0.000 765.745 693.958 0.000 612.029 0.000 0.000 0.000
563.781 0.000 326.787 0.000 890.191 341.324 788.455 818.563
647.587 926.092 0.000 977.523 634.963 909.952 0.000 0.000
0.000 919.341 0.000 0.000 0.000 0.000 0.000 607.157
817.605 0.000 851.504 316.054 966.616 0.000 589.071 789.791
0.000 667.924 662.573 0.000 981.223 0.000 986.710 897.453
0.000 0.000 521.279 696.505 869.256 0.000 716.993 0.000
0.000 508.158 0.000 0.000 577.205 0.000 966.669 0.000
782.539 0.000 0.000 0.000 0.000 568.718 341.608 0.000
374.758 0.000 580.573 0.000 0.000 0.000 0.000 538.175
0.000 607.544 0.000 916.122 0.000 0.000 616.149 560.400
383.236 0.000 0.000 348.419 953.686 0.000 0.000 0.000
0.000 932.772 872.527 0.000 0.000 0.000 608.548 0.000
0.000 0.000 591.264 0.000 0.000 621.965 985.363 304.785
0.000 463.630 811.338 0.000 451.774 817.415 0.000 597.421
920.367 316.511 703.991 882.264 0.000 470.855 784.805 527.805
0.000 959.719 605.669 582.292 465.781 0.000 0.000 647.263
545.083 361.106 924.921 734.483 452.475 994.839 919.189 535.414
0.000 0.000 0.000 0.000 0.000 862.737 349.016 788.941
0.000 592.457 0.000 844.170 868.209 429.973 0.000 569.369
0.000 0.000 0.000 0.000 0.000 0.000 353.724 496.239
0.000 0.000 304.423 974.388 785.229 650.778 0.000 951.122
378.088 364.826 608.016 464.148 703.543 0.000 461.321 0.000
0.000 942.737 972.925 0.000 405.035 715.562 322.190 484.427
0.000 340.900 711.274 443.392 0.000 394.536 0.000 886.667
0.000 631.616 0.000 778.575 0.000 659.388 553.254 0.000
0.000 938.860 422.686 510.020 688.451 304.031 0.000 0.000
0.000 0.000 0.000 467.747 0.000 588.681 673.540 390.787
0.000 648.232 400.671 622.014 0.000 0.000 0.000 719.879
0.000 734.879 0.000 479.961 658.749 329.277 0.000 0.000
995.636 0.000 366.861 0.000 845.526 0.000 0.000 0.000
0.000 625.040 375.368 0.000 0.000 379.231 503.114 659.056
449.825 992.156 0.000 0.000 987.158 0.000 656.698 0.000
758.632 0.000 0.000 0.000 0.000 0.000 0.000 0.000
685.757 0.000 0.000 513.491 505.229 858.906 710.777 0.000
0.000 648.924 0.000 0.000 0.000 0.000 0.000 463.808
785.104 0.000 0.000 0.000 0.000 0.000 315.854 975.497
0.000 952.190 0.000 0.000 0.000 0.000 0.000 0.000
0.000 0.000 997.957 415.730 0.000 408.147 837.511 0.000
529.027 0.000 570.440 0.000 470.121 0.000 325.554 558.254
0.000 861.533 706.301 801.497 799.749 980.937 0.000 687.870
736.007 0.000 414.043 831.365 964.551 908.268 0.000 0.000
0.000 539.923 0.000 0.000 0.000 330.704 306.141 0.000
949.220 631.517 0.000 807.106 0.000 916.100 0.000 654.998
0.000 0.000 0.000 390.852 0.000 758.875 623.649 410.706
0.000 0.000 0.000 816.975 992.627 325.927 0.000 619.438
853.595 402.663 508.220 0.000 0.000 0.000 874.929 551.203
704.435 0.000 0.000 326.725 0.000 0.000 0.000 0.000
742.575 0.000 765.732 663.975 0.000 0.000 0.000 0.000
385.814 0.000 0.000 408.195 670.656 0.000 0.000 0.000
0.000 0.000 372.605 0.000 869.051 957.438 0.000 870.795
0.000 947.683 947.882 0.000 537.403 0.000 677.929 338.072
333.417 0.000 0.000 0.000 512.403 0.000 0.000 534.704
0.000 425.147 0.000 0.000 733.101 0.000 447.534 386.360
877.597 360.735 799.483 0.000 0.000 0.000 713.770 0.000
0.000 936.148 0.000 552.569 0.000 0.000 847.165 508.352
0.000 0.000 0.000 300.273 0.000 337.495 0.000 0.000
537.978 842.069 821.925 645.378 0.000 910.151 0.000 864.182
512.829 570.745 672.213 0.000 0.000 611.030 0.000 891.641
386.328 342.884 619.858 0.000 0.000 384.932 0.000 0.000
0.000 636.874 0.000 713.089 0.000 0.000 999.457 0.000
0.000 861.550 0.000 989.066 803.343 393.135 500.551 0.000
0.000 0.000 0.000 496.401 0.000 0.000 792.421 0.000
0.000 726.705 439.548 659.998 561.040 436.640 0.000 0.000
956.421 0.000 323.361 0.000 0.000 0.000 614.123 0.000
954.402 496.018 727.674 0.000 0.000 702.613 417.286 490.170
843.085 503.232 0.000 0.000 796.808 0.000 823.178 470.513
0.000 0.000 0.000 565.530 0.000 0.000 0.000 0.000
0.000 910.721 0.000 0.000 0.000 0.000 0.000 834.549
954.011 0.000 517.771 479.673 0.000 0.000 398.219 0.000
0.000 0.000 0.000 474.331 0.000 630.517 633.325 591.806
570.772 0.000 0.000 0.000 0.000 781.969 532.086 978.390
0.000 962.205 737.579 0.000 0.000 0.000 0.000 0.000
327.413 544.559 0.000 0.000 0.000 732.786 0.000 807.417
0.000 0.000 933.700 811.111 0.000 390.229 655.390 837.915
0.000 456.804 0.000 0.000 0.000 0.000 0.000 0.000
0.000 0.000 693.808 493.284 816.294 428.652 773.499 0.000
661.657 549.795 332.857 0.000 0.000 0.000 0.000 0.000
0.000 353.018 0.000 800.981 0.000 448.326 597.140 315.887
622.469 0.000 793.535 0.000 684.413 760.079 830.300 0.000
584.259 694.449 0.000 663.891 0.000 704.337 0.000 322.016
398.421 994.369 0.000 0.000 331.555 562.691 388.272 677.631
845.482 0.000 0.000 0.000 0.000 0.000 0.000 0.000
0.000 0.000 670.087 0.000 0.000 919.921 0.000 0.000
752.225 453.459 0.000 0.000 506.322 713.625 0.000 521.211
645.503 0.000 0.000 0.000 862.452 886.667 0.000 0.000
0.000 0.000 0.000 738.709 818.982 0.000 0.000 0.000
377.651 0.000 0.000 535.694 578.926 394.361 492.656 577.246
0.000 526.792 0.000 0.000 0.000 0.000 0.000 0.000
545.168 540.094 0.000 0.000 0.000 0.000 0.000 825.358
339.760 764.681 659.587 912.684 486.965 0.000 0.000 0.000
0.000 339.297 736.512 350.357 799.722 0.000 0.000 790.677
0.000 717.247 890.047 0.000 740.385 933.715 0.000 0.000
814.954 318.240 0.000 0.000 0.000 0.000 353.446 455.760
909.335 0.000 502.820 406.429 0.000 491.851 495.202 0.000
811.799 0.000 0.000 536.007 677.718 472.730 354.599 344.520
718.068 0.000 906.074 969.610 548.055 0.000 0.000 910.235
440.844 0.000 0.000 719.832 0.000 929.445 725.162 0.000
957.460 0.000 0.000 479.232 651.958 925.572 989.123 0.000
758.118 0.000 702.958 549.937 758.219 0.000 322.848 0.000
0.000 720.187 462.472 0.000 0.000 0.000 0.000 307.839
0.000 0.000 0.000 0.000 0.000 707.585 853.359 0.000
0.000 0.000 746.968 763.189 0.000 0.000 505.824 0.000
0.000 366.365 897.444 923.976 318.535 0.000 0.000 422.321
0.000 0.000 808.428 518.161 826.244 0.000 336.143 0.000
316.537 0.000 926.073 0.000 0.000 0.000 0.000 922.221
0.000 340.235 0.000 655.552 0.000 334.561 0.000 0.000
530.298 973.789 0.000 523.009 715.671 0.000 0.000 0.000
892.189 785.625 610.121 0.000 0.000 0.000 781.906 500.972
0.000 891.012 449.690 0.000 0.000 0.000 609.550 967.887
987.900 0.000 0.000 496.350 576.049 0.000 777.035 606.798
398.091 419.940 791.459 0.000 0.000 0.000 437.784 0.000
507.145 488.173 0.000 504.570 0.000 537.716 0.000 0.000
678.785 689.364 0.000 0.000 629.475 0.000 0.000 0.000
718.320 944.262 0.000 968.914 0.000 926.912 770.893 0.000
865.761 713.868 905.514 0.000 480.748 359.065 0.000 0.000
974.086 616.301 0.000 468.216 0.000 753.493 780.729 996.931
0.000 0.000 372.488 423.984 0.000 369.362 637.161 0.000
0.000 0.000 0.000 0.000 0.000 0.000 0.000 998.582
0.000 393.156 555.711 0.000 0.000 721.940 712.659 0.000
0.000 0.000 0.000 0.000 0.000 0.000 384.684 0.000
0.000 0.000 333.870 324.537 0.000 862.197 0.000 0.000
308.377 655.031 0.000 0.000 867.769 0.000 0.000 0.000
0.000 579.291 847.542 0.000 0.000 577.527 748.740 530.565
0.000 526.528 875.615 0.000 483.832 0.000 0.000 0.000
687.269 628.943 915.762 305.927 376.525 447.782 0.000 0.000
551.315 0.000 924.167 691.077 0.000 624.248 880.921 0.000
0.000 835.090 990.127 515.877 0.000 0.000 0.000 0.000
545.989 355.431 561.038 0.000 0.000 610.532 0.000 968.982
0.000 564.614 0.000 0.000 0.000 593.728 0.000 679.625
832.990 0.000 0.000 0.000 0.000 0.000 0.000 535.622
0.000 0.000 360.683 0.000 554.731 0.000 886.760 920.830
621.004 0.000 0.000 978.388 874.705 0.000 702.344 0.000
0.000 0.000 0.000 696.747 0.000 540.776 672.848 0.000
0.000 0.000 324.608 751.295 0.000 649.057 891.757 436.120
0.000 421.970 0.000 0.000 0.000 0.000 0.000 0.000
0.000 0.000 622.705 0.000 591.448 532.268 795.515 662.360
576.196 0.000 654.020 517.365 0.000 0.000 681.179 0.000
334.185 0.000 885.234 301.771 739.044 0.000 887.630 512.288
979.055 0.000 753.996 431.224 0.000 545.906 0.000 0.000
0.000 0.000 530.299 923.718 843.458 0.000 0.000 0.000
0.000 748.615 0.000 0.000 0.000 0.000 0.000 0.000
503.537 691.575 0.000 0.000 553.755 0.000 0.000 0.000
0.000 0.000 664.018 0.000 0.000 646.317 0.000 966.416
0.000 505.430 994.589 0.000 0.000 0.000 521.621 455.577
891.859 382.808 0.000 632.200 502.354 0.000 844.024 444.934
0.000 501.954 0.000 363.899 748.654 0.000 0.000 605.468
0.000 388.412 993.757 0.000 0.000 526.089 488.820 0.000
0.000 0.000 0.000 858.313 661.243 681.318 554.134 636.812
0.000 0.000 805.160 529.611 614.090 0.000 364.559 0.000
444.431 822.806 903.376 719.223 689.293 0.000 0.000 319.680
549.349 0.000 430.442 979.091 611.848 850.438 0.000 0.000
0.000 0.000 0.000 0.000 327.274 610.375 798.202 868.885
0.000 0.000 0.000 490.789 0.000 0.000 0.000 0.000
0.000 0.000 0.000 0.000 454.758 0.000 0.000 509.896
875.108 0.000 328.206 0.000 471.598 0.000 942.926 0.000
839.468 888.464 729.282 730.072 591.979 783.871 0.000 641.963
0.000 566.569 0.000 0.000 0.000 0.000 0.000 0.000
0.000 422.950 409.917 478.916 0.000 0.000 0.000 0.000
0.000 0.000 978.448 0.000 988.477 556.979 432.040 0.000
0.000 0.000 0.000 680.437 0.000 333.890 510.051 0.000
0.000 0.000 765.433 620.038 488.465 0.000 0.000 301.441
0.000 744.759 994.772 999.102 734.166 350.988 0.000 0.000
611.302 0.000 0.000 0.000 0.000 0.000 679.510 0.000
0.000 335.049 573.844 966.653 0.000 443.404 0.000 0.000
0.000 921.953 527.781 0.000 412.807 936.840 639.198 539.522
0.000 0.000 930.711 0.000 0.000 0.000 958.047 0.000
0.000 0.000 0.000 0.000 399.443 731.531 380.248 599.539
506.751 0.000 382.971 0.000 0.000 423.791 391.194 0.000
421.561 0.000 942.552 0.000 951.154 618.966 0.000 352.132
911.876 0.000 938.363 669.541 359.778 0.000 473.749 0.000
0.000 896.307 612.809 380.519 0.000 309.054 800.054 0.000
736.175 659.819 0.000 399.118 980.645 0.000 0.000 868.936
909.967 0.000 0.000 0.000 376.400 335.179 676.885 0.000
583.826 954.342 432.473 337.900 457.638 0.000 0.000 955.140
0.000 395.387 0.000 558.866 0.000 0.000 0.000 0.000
0.000 0.000 817.122 0.000 495.371 0.000 868.556 454.456
576.739 736.999 514.100 0.000 501.374 0.000 854.359 364.895
0.000 0.000 0.000 879.171 966.294 979.012 931.642 0.000
719.659 0.000 0.000 0.000 0.000 0.000 0.000 922.052
812.662 0.000 0.000 678.491 0.000 761.733 993.019 0.000
0.000 0.000 0.000 429.397 0.000 0.000 537.428 989.022
0.000 0.000 976.034 853.310 644.301 0.000 0.000 0.000
0.000 0.000 0.000 997.823 0.000 845.005 0.000 0.000
580.476 896.083 0.000 0.000 526.146 0.000 0.000 0.000
736.798 0.000 873.068 0.000 757.948 932.430 0.000 0.000
0.000 549.680 407.678 458.873 571.836 0.000 454.400 814.542
0.000 0.000 0.000 546.815 0.000 0.000 996.201 0.000
591.717 931.522 927.045 0.000 0.000 0.000 778.766 0.000
0.000 990.836 399.005 403.152 0.000 685.908 954.165 0.000
353.371 741.091 0.000 696.395 917.326 0.000 0.000 639.470
792.875 936.269 0.000 0.000 740.736 0.000 0.000 970.427
0.000 0.000 775.017 0.000 549.983 792.779 928.822 609.276
0.000 929.579 0.000 0.000 560.199 446.374 507.350 976.918
439.563 414.707 649.532 0.000 871.443 560.806 0.000 0.000
360.416 443.715 478.195 632.581 639.173 0.000 0.000 0.000
858.687 0.000 845.095 0.000 655.058 0.000 689.592 979.078
550.764 872.413 844.047 559.948 785.217 0.000 910.248 0.000
0.000 605.856 613.668 0.000 808.110 0.000 0.000 820.704
0.000 0.000 0.000 0.000 0.000 794.132 0.000 0.000
682.458 806.856 539.962 0.000 476.163 0.000 916.789 781.151
0.000 0.000 481.884 803.590 0.000 320.596 408.071 0.000
0.000 0.000 815.929 0.000 470.838 598.657 563.138 687.415
0.000 0.000 0.000 614.029 345.038 0.000 0.000 0.000
990.252 0.000 916.071 0.000 720.665 689.897 885.982 666.515
0.000 0.000 740.990 810.807 0.000 0.000 0.000 0.000
0.000 0.000 793.623 354.676 761.770 0.000 788.643 738.889
0.000 356.940 0.000 0.000 803.961 0.000 938.065 838.126
0.000 371.042 0.000 565.769 0.000 0.000 948.187 427.101
0.000 0.000 0.000 0.000 693.224 0.000 0.000 927.766
0.000 0.000 914.522 0.000 840.843 0.000 719.693 0.000
0.000 874.921 0.000 930.775 0.000 0.000 947.176 0.000
0.000 782.190 0.000 0.000 875.183 0.000 526.126 908.421
0.000 965.723 0.000 823.304 0.000 0.000 415.956 0.000
321.899 0.000 0.000 0.000 0.000 0.000 632.114 439.110
0.000 516.976 387.789 0.000 764.636 329.413 0.000 0.000
0.000 643.761 566.340 535.240 429.478 350.538 0.000 449.677
779.574 0.000 0.000 0.000 391.577 758.201 0.000 0.000
736.748 0.000 0.000 0.000 0.000 843.342 733.850 0.000
966.713 0.000 0.000 0.000 0.000 0.000 898.852 353.066
0.000 513.008 0.000 0.000 0.000 552.200 0.000 0.000
0.000 0.000 0.000 676.510 0.000 0.000 911.609 684.034
0.000 422.091 893.839 0.000 0.000 930.067 0.000 0.000
439.712 757.977 0.000 773.771 0.000 626.815 0.000 625.272
534.551 745.238 924.173 0.000 350.509 508.554 0.000 0.000
365.997 715.245 0.000 666.698 0.000 0.000 0.000 361.629
0.000 300.637 0.000 0.000 0.000 944.111 0.000 723.692
0.000 0.000 381.778 0.000 946.068 813.908 0.000 964.058
384.312 0.000 717.262 324.099 644.713 0.000 567.161 546.030
594.637 810.151 606.544 767.015 395.290 687.737 366.581 0.000
0.000 0.000 881.854 0.000 0.000 829.145 637.976 0.000
638.161 713.602 441.689 899.677 961.491 0.000 0.000 304.451
407.357 434.937 700.706 0.000 350.717 0.000 948.345 0.000
554.647 773.046 457.612 391.623 0.000 382.180 0.000 351.661
0.000 0.000 0.000 0.000 0.000 574.019 668.141 0.000
0.000 377.441 838.113 0.000 0.000 553.034 0.000 0.000
610.349 0.000 794.605 748.067 0.000 0.000 361.204 0.000
417.646 0.000 0.000 0.000 0.000 0.000 0.000 983.054
764.467 511.488 746.957 877.529 760.517 785.274 564.102 0.000
0.000 0.000 0.000 332.232 0.000 772.730 625.117 0.000
410.911 0.000 873.469 0.000 773.822 639.772 0.000 663.122
630.662 0.000 436.759 606.973 0.000 0.000 459.285 794.878
669.869 976.184 0.000 0.000 957.743 0.000 358.759 0.000
0.000 0.000 0.000 0.000 392.601 604.094 0.000 0.000
645.948 0.000 0.000 914.012 0.000 901.974 741.556 0.000
0.000 0.000 993.070 974.788 904.040 0.000 970.680 0.000
0.000 925.060 0.000 0.000 316.238 791.314 846.420 600.161
306.334 686.455 0.000 889.383 0.000 876.962 0.000 0.000
0.000 0.000 0.000 335.657 0.000 0.000 0.000 0.000
0.000 0.000 0.000 0.000 0.000 899.828 0.000 0.000
0.000 425.332 972.258 467.523 758.797 733.536 427.370 367.628
631.714 0.000 0.000 580.856 531.593 0.000 342.885 0.000
788.422 612.238 478.991 0.000 0.000 0.000 634.570 637.771
0.000 0.000 0.000 0.000 437.439 488.765 0.000 616.536
318.736 0.000 0.000 0.000 353.747 0.000 648.299 0.000
714.114 498.304 0.000 533.941 0.000 836.182 758.069 0.000
797.513 0.000 431.554 0.000 543.172 0.000 912.751 387.868
0.000 0.000 627.704 0.000 0.000 787.360 0.000 0.000
0.000 614.113 0.000 0.000 0.000 993.980 0.000 0.000
385.392 639.022 338.479 991.129 0.000 0.000 431.310 810.154
0.000 0.000 410.923 0.000 0.000 397.924 606.906 603.185
0.000 613.207 0.000 0.000 305.241 787.432 846.752 0.000
0.000 0.000 688.234 805.311 0.000 0.000 739.555 861.694
463.284 595.874 0.000 725.667 0.000 0.000 677.871 870.591
0.000 867.637 618.303 0.000 464.669 0.000 930.425 0.000
0.000 0.000 567.003 0.000 0.000 907.252 577.716 0.000
773.978 0.000 0.000 0.000 0.000 503.558 455.965 0.000
0.000 0.000 0.000 0.000 321.157 421.978 345.915 0.000
441.671 321.840 0.000 0.000 746.630 579.487 0.000 0.000
431.364 878.198 0.000 0.000 931.989 0.000 679.807 0.000
309.939 508.477 0.000 441.611 843.020 0.000 0.000 768.742
331.701 0.000 0.000 0.000 0.000 0.000 410.743 772.317
0.000 953.522 825.527 465.468 0.000 0.000 0.000 0.000
0.000 0.000 498.177 460.234 894.307 0.000 0.000 0.000
369.252 0.000 645.133 0.000 0.000 0.000 0.000 0.000
0.000 0.000 0.000 0.000 741.626 673.528 996.066 936.531
369.464 0.000 0.000 0.000 0.000 0.000 0.000 0.000
745.630 0.000 0.000 0.000 636.963 653.072 0.000 474.445
848.598 0.000 649.011 348.014 635.511 0.000 954.786 0.000
797.911 0.000 653.618 0.000 673.776 661.816 0.000 464.724
0.000 548.031 0.000 0.000 0.000 0.000 0.000 0.000
0.000 995.294 601.075 0.000 999.605 939.229 882.336 0.000
585.802 0.000 0.000 661.181 669.574 0.000 318.136 915.663
0.000 0.000 0.000 901.352 0.000 0.000 343.195 549.417
0.000 689.116 326.808 0.000 731.031 0.000 0.000 594.053
636.765 0.000 751.644 567.075 359.774 489.067 0.000 0.000
0.000 386.695 0.000 0.000 967.928 423.507 0.000 0.000
880.895 0.000 799.303 834.933 0.000 0.000 0.000 0.000
537.624 658.066 0.000 0.000 898.112 0.000 376.652 0.000
0.000 0.000 0.000 0.000 309.081 815.072 706.690 775.961
0.000 489.932 836.200 0.000 0.000 0.000 708.281 0.000
882.809 0.000 0.000 830.634 435.237 352.874 303.203 0.000
614.963 794.269 697.458 0.000 335.835 501.775 0.000 415.553
339.051 0.000 0.000 0.000 0.000 429.210 0.000 699.705
523.148 0.000 0.000 592.630 0.000 347.957 0.000 0.000
0.000 0.000 0.000 0.000 0.000 0.000 0.000 519.605
490.149 0.000 0.000 547.688 615.665 937.629 639.947 0.000
0.000 0.000 335.926 760.465 992.756 0.000 0.000 0.000
595.324 738.430 0.000 0.000 397.432 599.250 805.691 801.207
0.000 394.387 0.000 0.000 0.000 461.800 414.027 0.000
0.000 327.031 672.184 400.677 730.191 680.462 0.000 0.000
943.723 0.000 0.000 379.485 0.000 609.215 0.000 688.254
0.000 0.000 0.000 0.000 866.276 0.000 0.000 0.000
0.000 0.000 0.000 343.078 731.931 0.000 323.557 915.284
522.283 0.000 0.000 0.000 0.000 607.688 865.149 430.960
0.000 0.000 0.000 935.035 913.809 481.746 543.584 864.963
0.000 999.793 630.270 855.989 0.000 0.000 0.000 0.000
0.000 0.000 417.834 449.176 0.000 0.000 0.000 629.994
461.817 0.000 0.000 0.000 559.289 440.371 791.069 898.535
866.332 421.616 633.180 932.958 752.214 0.000 547.761 579.196
0.000 0.000 442.553 0.000 507.459 509.483 865.504 0.000
547.157 676.819 394.279 0.000 0.000 0.000 547.144 0.000
975.205 0.000 941.911 982.937 0.000 940.299 721.252 477.249
0.000 0.000 0.000 963.697 0.000 698.121 486.288 0.000
463.900 885.997 0.000 656.627 400.980 0.000 801.896 822.005
0.000 734.810 424.569 0.000 478.596 396.327 0.000 0.000
0.000 0.000 452.244 588.540 0.000 0.000 331.147 870.740
0.000 315.506 0.000 0.000 576.806 887.745 908.394 0.000
0.000 0.000 0.000 551.736 591.551 0.000 502.127 420.588
692.256 0.000 0.000 0.000 0.000 633.699 0.000 0.000
0.000 0.000 0.000 0.000 0.000 720.161 0.000 0.000
0.000 0.000 617.393 0.000 389.261 0.000 510.386 0.000
498.901 568.284 0.000 692.205 756.444 532.182 705.235 0.000
431.463 0.000 517.746 0.000 0.000 0.000 0.000 317.236
417.923 0.000 0.000 0.000 885.470 0.000 0.000 0.000
0.000 0.000 587.031 941.586 781.442 949.822 773.360 319.190
761.316 389.383 0.000 535.360 851.826 391.838 0.000 0.000
0.000 590.743 695.455 0.000 0.000 0.000 0.000 0.000
689.596 448.536 0.000 0.000 0.000 442.526 418.330 565.078
763.587 749.710 0.000 0.000 966.997 356.927 0.000 0.000
436.782 653.033 300.316 0.000 0.000 803.717 0.000 0.000
0.000 878.364 704.141 0.000 0.000 697.603 615.146 0.000
581.979 0.000 0.000 0.000 865.761 0.000 637.063 0.000
0.000 0.000 784.288 0.000 985.892 903.921 591.574 0.000
547.325 0.000 585.662 328.558 321.259 0.000 0.000 715.215
876.696 935.501 0.000 0.000 924.907 623.571 768.459 385.497
881.143 0.000 0.000 0.000 0.000 484.138 591.189 323.580
329.359 365.728 0.000 0.000 848.276 0.000 0.000 305.687
0.000 522.802 0.000 0.000 716.140 0.000 0.000 0.000
0.000 0.000 0.000 390.870 567.977 0.000 636.431 414.966
0.000 588.286 0.000 0.000 0.000 563.888 0.000 450.032
827.824 493.498 352.494 0.000 934.716 0.000 0.000 510.747
0.000 0.000 560.898 965.359 867.399 0.000 504.552 0.000
635.143 580.810 458.972 0.000 0.000 894.662 0.000 657.974
0.000 651.502 0.000 878.164 0.000 484.156 814.248 0.000
0.000 696.574 310.905 653.866 0.000 0.000 0.000 0.000
744.199 0.000 0.000 691.846 0.000 807.040 510.273 354.304
672.863 324.477 0.000 964.397 897.027 0.000 0.000 0.000
0.000 0.000 935.722 0.000 0.000 513.594 954.522 0.000
0.000 589.650 854.064 0.000 0.000 365.022 0.000 0.000
0.000 0.000 788.509 0.000 817.245 0.000 626.871 0.000
0.000 966.440 0.000 758.974 990.329 563.222 0.000 0.000
0.000 0.000 319.942 999.443 0.000 0.000 0.000 0.000
711.327 703.451 751.603 0.000 346.851 0.000 384.374 795.591
634.963 731.449 351.780 0.000 0.000 0.000 0.000 399.465
563.651 0.000 960.327 0.000 625.073 560.415 444.720 0.000
0.000 0.000 0.000 0.000 0.000 0.000 0.000 440.643
435.137 0.000 738.956 0.000 0.000 552.030 379.152 971.057
0.000 943.370 0.000 0.000 437.934 0.000 549.125 521.266
304.978 0.000 0.000 343.775 0.000 0.000 369.083 0.000
0.000 0.000 725.145 0.000 449.119 818.382 0.000 0.000
461.325 806.839 303.412 406.566 850.720 0.000 0.000 0.000
0.000 0.000 779.265 0.000 0.000 466.893 585.426 807.347
564.067 0.000 0.000 0.000 442.831 910.265 0.000 0.000
0.000 0.000 583.688 0.000 361.090 0.000 0.000 417.088
0.000 0.000 768.862 640.720 0.000 980.987 0.000 0.000
882.368 963.010 720.321 0.000 0.000 0.000 543.298 418.533
931.687 0.000 0.000 0.000 0.000 0.000 909.650 481.072
301.263 0.000 315.416 909.941 348.563 708.050 350.521 0.000
987.753 587.904 0.000 795.536 0.000 0.000 699.935 821.022
404.812 0.000 0.000 0.000 0.000 844.627 0.000 0.000
0.000 0.000 0.000 0.000 404.937 0.000 0.000 938.549
588.121 0.000 771.041 0.000 0.000 399.135 466.634 834.447
977.627 542.850 0.000 412.072 974.825 618.468 0.000 0.000
0.000 0.000 428.106 0.000 580.780 0.000 0.000 0.000
762.887 379.444 0.000 608.906 397.166 0.000 982.397 416.350
914.801 0.000 642.763 0.000 407.577 0.000 468.631 310.118
307.084 552.998 841.416 739.651 627.542 543.660 528.511 840.836
0.000 744.211 810.519 669.725 373.752 0.000 0.000 349.671
0.000 0.000 437.421 779.632 584.936 663.360 0.000 383.738
888.353 837.434 0.000 598.606 642.405 987.049 581.174 0.000
636.878 963.081 0.000 456.501 0.000 0.000 992.054 743.311
0.000 640.149 0.000 0.000 495.926 813.646 990.169 0.000
0.000 704.669 429.979 0.000 835.347 0.000 0.000 0.000
0.000 0.000 902.082 816.079 0.000 890.239 858.650 561.959
0.000 0.000 380.772 375.738 0.000 857.179 769.256 0.000
836.580 0.000 0.000 0.000 0.000 0.000 0.000 415.626
0.000 0.000 961.587 826.389 444.039 0.000 0.000 455.663
482.742 305.274 517.514 961.031 0.000 0.000 0.000 0.000
905.520 0.000 861.556 447.416 674.330 0.000 370.847 380.546
993.030 904.115 873.829 719.697 0.000 384.240 732.205 0.000
809.003 334.096 861.843 0.000 390.245 0.000 0.000 0.000
584.431 0.000 0.000 0.000 305.819 0.000 486.384 661.608
0.000 0.000 0.000 0.000 0.000 396.826 883.061 581.729
795.994 0.000 452.497 0.000 0.000 704.780 760.105 0.000
392.987 826.878 0.000 654.730 0.000 0.000 349.105 927.405
0.000 799.494 0.000 432.350 0.000 0.000 675.021 379.605
0.000 907.487 0.000 945.342 705.827 0.000 0.000 0.000
316.446 769.934 0.000 0.000 0.000 636.104 0.000 454.410
986.373 0.000 603.961 0.000 0.000 954.161 0.000 990.367
0.000 917.941 393.829 0.000 0.000 313.582 0.000 638.730
562.464 0.000 0.000 0.000 624.382 0.000 752.360 921.580
0.000 0.000 629.345 495.425 0.000 821.270 928.076 461.687
999.436 480.238 0.000 765.434 888.244 674.610 746.357 843.411
0.000 804.957 670.696 0.000 0.000 0.000 961.667 622.737
0.000 0.000 756.053 0.000 417.917 892.356 0.000 0.000
552.983 627.971 0.000 690.342 0.000 540.687 0.000 610.605
997.591 962.603 0.000 0.000 427.223 761.985 660.734 0.000
600.712 318.435 466.747 0.000 0.000 0.000 0.000 622.562
0.000 448.539 0.000 496.572 967.128 904.813 0.000 0.000
0.000 0.000 716.876 787.822 329.745 0.000 0.000 0.000
0.000 0.000 0.000 544.923 0.000 0.000 0.000 696.222
0.000 366.040 402.325 652.297 0.000 328.805 0.000 0.000
0.000 0.000 318.748 0.000 859.581 821.181 0.000 0.000
0.000 0.000 0.000 861.822 630.345 665.484 631.298 0.000
529.840 0.000 348.169 0.000 951.054 540.696 393.475 0.000
782.913 844.163 838.316 0.000 627.589 931.112 549.672 633.493
449.590 0.000 470.651 950.479 821.681 784.914 979.507 599.196
751.223 0.000 0.000 428.674 0.000 838.633 0.000 0.000
0.000 0.000 306.132 0.000 982.481 0.000 0.000 932.270
0.000 0.000 0.000 807.379 0.000 577.798 0.000 935.757
556.366 0.000 751.649 0.000 0.000 409.103 496.200 881.431
747.905 0.000 0.000 0.000 490.957 0.000 0.000 485.035
0.000 432.247 0.000 924.879 462.434 894.490 0.000 944.600
0.000 986.871 0.000 0.000 0.000 0.000 0.000 0.000
