428.352 437.646 0.000 0.000 0.000 0.000 0.000 565.426
0.000 0.000 0.000 409.719 707.541 936.823 920.012 427.924
780.401 0.000 542.688 653.655 463.420 0.000 0.000 739.299
0.000 931.080 0.000 668.756 0.000 0.000 582.467 621.846
513.876 580.330 0.000 0.000 0.000 437.318 528.401 842.837
0.000 301.159 319.604 582.001 0.000 0.000 929.623 994.111
621.283 572.093 433.567 587.943 0.000 637.215 933.434 968.008
455.386 350.516 695.124 869.544 0.000 723.975 0.000 0.000
0.000 620.480 0.000 0.000 0.000 0.000 0.000 0.000
777.022 0.000 857.841 0.000 596.989 834.567 0.000 965.500
0.000 377.463 0.000 609.112 0.000 888.581 0.000 0.000
933.102 0.000 0.000 737.994 0.000 770.800 365.703 0.000
826.502 495.044 0.000 614.486 0.000 0.000 955.977 0.000
770.135 575.213 306.960 933.848 497.205 720.951 700.740 621.829
0.000 0.000 787.894 885.946 0.000 0.000 816.245 408.144
0.000 927.660 0.000 896.851 0.000 657.627 0.000 815.102
423.805 483.216 0.000 0.000 0.000 371.428 592.663 0.000
0.000 878.472 0.000 558.258 330.905 0.000 0.000 0.000
0.000 0.000 0.000 869.416 318.319 0.000 0.000 0.000
0.000 0.000 0.000 518.125 495.164 353.777 541.901 0.000
322.225 636.847 0.000 0.000 749.643 811.798 385.887 529.860
403.322 0.000 879.779 0.000 0.000 0.000 0.000 435.848
761.714 0.000 820.766 662.882 0.000 0.000 0.000 0.000
513.414 0.000 485.385 0.000 768.219 0.000 0.000 828.897
653.378 940.007 860.741 470.688 0.000 0.000 576.777 0.000
549.936 821.824 0.000 0.000 0.000 0.000 425.539 0.000
0.000 495.743 418.701 0.000 0.000 0.000 0.000 0.000
0.000 384.013 633.219 0.000 0.000 0.000 0.000 754.788
0.000 0.000 570.811 0.000 0.000 487.986 942.861 530.004
761.166 0.000 901.412 0.000 0.000 741.282 301.354 0.000
772.621 487.985 0.000 0.000 485.090 780.678 358.145 0.000
435.019 0.000 0.000 0.000 837.129 560.505 869.070 0.000
0.000 0.000 0.000 0.000 657.806 0.000 0.000 0.000
873.481 0.000 924.962 0.000 326.461 939.150 0.000 0.000
0.000 667.851 0.000 0.000 0.000 0.000 948.956 767.615
413.753 0.000 0.000 575.540 589.082 922.843 575.018 0.000
0.000 317.930 0.000 719.144 626.873 529.030 647.059 797.133
0.000 694.073 916.864 0.000 524.835 0.000 0.000 0.000
706.289 0.000 764.957 835.128 390.937 587.329 619.548 0.000
0.000 0.000 0.000 909.102 0.000 0.000 0.000 0.000
676.298 978.554 662.687 729.223 606.866 651.759 329.801 0.000
0.000 523.700 571.667 544.378 776.150 748.055 0.000 997.819
871.966 0.000 0.000 492.857 0.000 0.000 745.203 497.339
682.102 719.054 775.252 993.138 0.000 923.063 0.000 379.459
650.872 0.000 0.000 685.317 431.567 940.481 746.114 336.301
368.163 0.000 707.327 676.359 451.054 0.000 738.551 989.368
0.000 0.000 511.502 0.000 737.063 0.000 977.072 0.000
378.402 815.264 0.000 0.000 0.000 0.000 847.729 919.307
853.679 803.724 0.000 0.000 948.440 0.000 963.287 0.000
0.000 698.543 0.000 0.000 599.597 927.029 0.000 700.089
691.950 0.000 0.000 497.690 0.000 0.000 882.457 597.270
0.000 0.000 922.838 0.000 0.000 844.638 803.711 0.000
0.000 319.423 0.000 0.000 890.486 0.000 0.000 943.173
0.000 0.000 0.000 0.000 0.000 0.000 0.000 534.311
0.000 904.085 0.000 789.615 0.000 0.000 855.120 0.000
0.000 0.000 0.000 0.000 382.455 569.833 0.000 0.000
906.614 376.040 402.781 411.601 0.000 0.000 706.427 870.708
658.280 0.000 691.786 0.000 0.000 767.130 0.000 0.000
609.288 437.959 452.714 0.000 0.000 0.000 0.000 812.969
307.130 0.000 869.542 0.000 0.000 799.490 0.000 948.807
578.385 942.378 0.000 0.000 773.846 778.634 759.109 0.000
0.000 629.138 807.818 0.000 642.042 0.000 0.000 539.672
301.648 516.144 668.916 0.000 0.000 556.210 715.388 0.000
774.619 773.724 357.690 399.272 417.653 0.000 0.000 832.631
997.337 961.818 313.568 0.000 315.732 0.000 0.000 650.086
0.000 966.890 0.000 0.000 533.446 0.000 0.000 641.015
704.353 773.090 474.693 0.000 0.000 0.000 0.000 870.354
999.736 0.000 0.000 425.322 0.000 0.000 0.000 546.938
391.646 866.357 0.000 0.000 0.000 0.000 0.000 0.000
0.000 431.416 808.099 363.845 0.000 0.000 871.722 553.422
0.000 558.152 0.000 926.671 0.000 0.000 822.686 0.000
930.122 733.165 941.381 789.450 778.165 565.796 473.604 0.000
0.000 351.643 0.000 613.048 568.922 0.000 0.000 549.268
0.000 0.000 514.582 0.000 387.094 0.000 0.000 883.797
0.000 725.963 845.417 718.548 645.329 827.830 754.277 0.000
338.636 751.364 0.000 0.000 0.000 543.863 0.000 999.993
462.543 832.777 995.868 784.075 839.031 0.000 489.675 642.892
765.401 0.000 568.153 615.807 0.000 907.112 332.902 856.869
0.000 585.742 653.708 614.897 0.000 0.000 690.639 887.201
0.000 0.000 918.305 683.968 0.000 366.318 682.931 953.021
871.083 385.772 746.935 513.401 706.083 798.805 0.000 367.152
0.000 0.000 0.000 0.000 0.000 996.262 357.493 627.356
0.000 563.107 0.000 696.871 431.346 0.000 0.000 0.000
0.000 982.320 0.000 0.000 0.000 0.000 354.575 0.000
0.000 0.000 0.000 0.000 825.480 0.000 0.000 0.000
0.000 0.000 0.000 0.000 0.000 790.603 891.096 0.000
0.000 807.612 0.000 858.092 0.000 711.839 713.150 0.000
0.000 0.000 439.036 0.000 776.766 0.000 589.098 683.178
0.000 0.000 862.440 891.272 536.783 568.248 0.000 0.000
963.943 0.000 517.924 390.530 958.976 0.000 0.000 573.861
0.000 0.000 0.000 0.000 651.289 0.000 0.000 0.000
0.000 850.615 0.000 997.837 0.000 0.000 0.000 902.001
613.241 861.945 830.838 535.715 0.000 0.000 450.211 753.948
515.342 0.000 727.923 0.000 792.673 0.000 824.115 0.000
858.397 466.965 0.000 883.723 992.270 751.968 446.811 0.000
470.742 0.000 0.000 0.000 535.151 879.913 968.287 0.000
0.000 591.859 0.000 576.671 0.000 726.663 0.000 0.000
0.000 0.000 0.000 923.183 616.883 513.537 986.868 801.816
0.000 0.000 0.000 0.000 940.716 0.000 0.000 380.536
805.748 0.000 0.000 0.000 0.000 882.711 739.371 0.000
0.000 775.202 0.000 0.000 746.041 325.083 465.239 544.779
0.000 0.000 0.000 0.000 613.457 0.000 889.866 0.000
0.000 0.000 0.000 558.006 745.492 0.000 0.000 0.000
0.000 0.000 526.526 0.000 485.261 0.000 648.190 0.000
0.000 717.038 0.000 0.000 0.000 490.490 0.000 427.930
0.000 0.000 0.000 0.000 933.118 0.000 792.277 907.466
589.451 0.000 760.047 0.000 0.000 0.000 0.000 515.302
928.428 0.000 685.762 429.009 0.000 465.571 0.000 0.000
781.044 0.000 909.301 0.000 300.928 0.000 0.000 372.133
0.000 0.000 787.336 457.778 0.000 664.091 375.205 483.005
0.000 344.490 0.000 885.206 543.549 788.688 592.248 452.788
0.000 399.402 0.000 604.113 0.000 0.000 563.101 839.812
759.177 0.000 395.188 0.000 0.000 0.000 482.570 828.745
355.166 681.035 441.353 0.000 642.989 611.081 947.992 0.000
0.000 0.000 0.000 718.561 0.000 875.669 850.025 0.000
0.000 0.000 0.000 0.000 0.000 0.000 662.012 0.000
723.654 858.217 657.015 0.000 502.850 739.829 0.000 563.287
0.000 0.000 848.886 0.000 0.000 617.708 864.598 0.000
0.000 722.406 301.769 478.792 0.000 786.030 0.000 0.000
0.000 984.884 947.889 885.552 0.000 634.047 0.000 0.000
0.000 312.821 964.029 0.000 888.198 328.120 0.000 0.000
0.000 302.571 406.266 0.000 0.000 896.128 0.000 851.658
945.639 914.803 898.333 0.000 0.000 0.000 860.605 622.145
0.000 0.000 364.880 0.000 499.804 0.000 732.996 0.000
0.000 0.000 0.000 0.000 0.000 0.000 0.000 303.482
556.560 493.123 790.660 0.000 496.677 805.143 0.000 468.120
0.000 0.000 0.000 0.000 670.982 0.000 812.292 318.502
483.550 0.000 890.321 483.775 0.000 0.000 662.595 0.000
0.000 351.097 0.000 0.000 689.935 675.368 0.000 584.322
369.771 0.000 0.000 0.000 0.000 0.000 542.416 325.953
0.000 0.000 0.000 0.000 0.000 334.457 0.000 0.000
727.951 796.766 0.000 0.000 457.795 588.273 0.000 0.000
690.532 0.000 0.000 0.000 0.000 392.449 954.489 545.835
316.409 0.000 965.864 0.000 0.000 0.000 604.557 308.316
362.141 973.918 348.883 594.922 659.606 965.253 0.000 705.074
0.000 0.000 500.748 0.000 0.000 978.114 0.000 593.346
0.000 690.426 805.864 330.490 0.000 818.837 623.748 797.582
590.393 0.000 557.558 667.692 0.000 0.000 0.000 0.000
531.395 0.000 0.000 460.337 0.000 0.000 0.000 0.000
336.908 619.720 0.000 0.000 921.389 0.000 0.000 746.522
0.000 0.000 0.000 869.569 0.000 448.789 904.952 635.039
0.000 0.000 0.000 0.000 809.707 977.677 378.838 0.000
0.000 0.000 822.093 587.022 0.000 0.000 0.000 352.012
720.528 0.000 0.000 0.000 543.475 0.000 0.000 0.000
0.000 628.879 323.581 0.000 0.000 0.000 659.403 638.251
505.483 0.000 390.764 957.237 374.086 413.495 0.000 0.000
0.000 0.000 677.354 0.000 0.000 473.905 467.578 709.338
434.720 344.456 446.565 672.629 0.000 368.010 0.000 324.083
0.000 0.000 0.000 458.816 0.000 0.000 704.154 0.000
733.803 0.000 395.940 0.000 778.358 0.000 0.000 0.000
0.000 0.000 0.000 680.458 669.009 633.157 0.000 0.000
0.000 0.000 687.090 916.281 366.825 565.622 0.000 0.000
387.116 589.088 827.338 0.000 0.000 0.000 0.000 0.000
943.998 640.402 0.000 0.000 0.000 0.000 392.474 0.000
0.000 526.353 0.000 0.000 0.000 0.000 371.988 0.000
0.000 0.000 668.768 0.000 0.000 967.951 680.082 578.454
0.000 0.000 0.000 0.000 0.000 570.928 336.906 712.222
0.000 0.000 746.589 989.283 551.868 529.896 767.717 0.000
0.000 540.442 0.000 920.957 997.691 624.081 852.640 0.000
559.354 578.976 431.701 0.000 0.000 332.911 0.000 0.000
0.000 0.000 951.879 584.810 860.123 932.922 0.000 0.000
0.000 449.506 0.000 0.000 870.806 0.000 0.000 422.455
0.000 901.616 403.096 0.000 0.000 0.000 640.643 0.000
0.000 365.158 0.000 303.440 0.000 0.000 0.000 618.639
0.000 0.000 0.000 612.715 0.000 0.000 615.348 530.761
547.547 0.000 0.000 475.616 0.000 961.215 0.000 0.000
975.467 677.146 0.000 0.000 0.000 893.418 0.000 0.000
717.938 0.000 301.369 0.000 0.000 0.000 646.481 0.000
996.995 379.131 0.000 0.000 0.000 0.000 818.897 740.294
0.000 0.000 836.378 777.874 0.000 0.000 900.881 731.337
470.378 0.000 792.907 852.827 0.000 0.000 0.000 683.883
0.000 0.000 416.164 795.681 723.894 942.554 0.000 579.781
0.000 0.000 0.000 997.667 353.709 750.814 587.404 524.766
758.769 664.500 947.344 0.000 417.897 565.648 0.000 0.000
0.000 997.290 0.000 697.852 0.000 0.000 0.000 0.000
0.000 974.368 0.000 766.618 461.579 536.990 0.000 483.901
0.000 677.518 550.217 0.000 889.191 0.000 0.000 704.640
0.000 0.000 0.000 891.330 0.000 0.000 577.680 673.656
0.000 0.000 775.799 958.030 628.957 803.312 0.000 0.000
0.000 0.000 333.644 0.000 629.592 0.000 510.986 0.000
949.536 0.000 943.331 657.484 0.000 0.000 0.000 951.378
566.963 0.000 0.000 0.000 473.233 583.704 605.978 0.000
983.101 930.531 0.000 0.000 0.000 969.816 664.836 0.000
776.171 308.827 0.000 842.149 765.271 0.000 0.000 777.692
0.000 883.913 0.000 712.999 0.000 955.393 416.309 353.061
0.000 309.008 0.000 0.000 0.000 690.891 630.456 0.000
0.000 0.000 686.636 707.336 806.639 356.984 0.000 441.446
0.000 0.000 0.000 379.478 800.102 864.545 964.335 0.000
397.643 0.000 0.000 410.376 0.000 0.000 337.882 972.901
462.591 0.000 783.712 376.486 900.570 308.610 0.000 0.000
456.705 0.000 0.000 811.619 0.000 0.000 978.182 772.812
780.011 355.981 415.510 851.725 485.326 0.000 0.000 381.888
0.000 310.257 0.000 0.000 0.000 0.000 440.800 0.000
820.539 543.021 0.000 0.000 660.850 477.131 0.000 499.622
891.664 600.797 0.000 829.848 0.000 495.769 0.000 0.000
0.000 0.000 511.333 0.000 371.686 862.934 772.381 0.000
0.000 0.000 0.000 549.332 0.000 780.002 838.667 0.000
751.965 0.000 0.000 668.027 0.000 0.000 0.000 0.000
0.000 383.711 761.325 995.293 0.000 0.000 0.000 578.749
0.000 0.000 0.000 0.000 629.784 0.000 0.000 0.000
0.000 0.000 0.000 832.506 0.000 892.872 660.003 0.000
0.000 0.000 391.709 321.287 0.000 0.000 685.857 921.660
0.000 335.255 304.451 927.352 0.000 542.170 400.855 0.000
985.917 0.000 0.000 582.591 942.689 0.000 0.000 0.000
596.391 842.942 948.471 0.000 702.493 622.096 824.218 378.336
0.000 0.000 0.000 0.000 776.500 0.000 778.156 986.635
653.462 0.000 0.000 0.000 787.986 535.118 0.000 810.332
817.947 0.000 682.634 0.000 949.356 549.992 0.000 0.000
905.689 0.000 866.239 0.000 0.000 997.505 0.000 706.115
0.000 992.846 0.000 0.000 0.000 0.000 960.670 0.000
0.000 551.693 480.302 0.000 0.000 0.000 0.000 0.000
889.014 0.000 642.690 403.450 0.000 907.418 368.929 341.494
541.029 0.000 0.000 0.000 392.484 0.000 0.000 810.196
0.000 772.148 579.863 398.619 0.000 0.000 570.201 383.792
0.000 0.000 0.000 0.000 440.543 862.814 521.989 0.000
933.569 654.972 829.771 950.275 0.000 384.941 675.427 557.338
348.755 369.767 784.376 808.818 0.000 0.000 965.988 423.137
318.682 491.280 0.000 0.000 413.616 0.000 0.000 0.000
0.000 995.121 0.000 0.000 976.535 0.000 421.819 0.000
0.000 301.923 0.000 972.384 0.000 0.000 465.877 952.429
398.683 585.182 598.211 656.943 912.093 0.000 0.000 0.000
569.201 0.000 0.000 720.394 680.317 834.331 0.000 834.572
901.237 0.000 0.000 475.421 0.000 0.000 0.000 815.047
839.164 0.000 438.433 0.000 730.079 448.541 951.814 0.000
0.000 0.000 327.900 638.661 0.000 0.000 0.000 753.001
0.000 0.000 884.479 970.132 678.244 896.114 706.034 0.000
821.852 521.364 0.000 0.000 0.000 505.377 0.000 0.000
0.000 619.805 835.919 768.415 0.000 361.318 540.685 809.521
0.000 972.051 0.000 0.000 0.000 0.000 492.251 460.632
0.000 985.847 0.000 394.020 0.000 554.211 0.000 567.158
0.000 0.000 973.559 0.000 318.445 478.017 358.869 698.239
957.893 746.846 0.000 417.944 402.676 0.000 0.000 0.000
454.826 597.448 0.000 0.000 480.364 0.000 0.000 0.000
916.908 726.815 502.153 911.829 789.063 0.000 727.472 0.000
481.546 372.476 591.613 785.571 0.000 617.829 0.000 647.153
602.083 869.237 0.000 0.000 704.906 835.961 0.000 878.140
0.000 0.000 736.631 630.147 0.000 0.000 546.961 0.000
0.000 819.313 0.000 758.502 988.775 838.596 0.000 0.000
387.566 0.000 0.000 873.794 440.643 0.000 0.000 0.000
0.000 0.000 0.000 822.539 753.538 549.616 0.000 0.000
704.969 0.000 0.000 0.000 364.079 825.475 880.932 0.000
0.000 0.000 644.029 332.992 765.980 952.477 543.250 0.000
587.780 0.000 0.000 572.186 0.000 0.000 0.000 737.417
968.187 645.076 0.000 0.000 472.492 0.000 0.000 0.000
0.000 0.000 0.000 680.765 518.202 647.351 891.437 0.000
585.780 815.319 0.000 701.791 0.000 992.967 972.282 0.000
0.000 831.359 561.328 618.988 0.000 0.000 0.000 725.683
847.621 394.630 388.221 0.000 0.000 325.639 394.798 0.000
457.918 833.635 963.784 0.000 970.481 0.000 0.000 0.000
0.000 962.178 0.000 654.401 737.802 605.926 685.567 0.000
0.000 622.961 970.465 0.000 0.000 0.000 0.000 0.000
0.000 0.000 537.414 0.000 0.000 0.000 939.950 668.872
0.000 0.000 675.875 0.000 0.000 990.116 430.125 0.000
0.000 439.832 0.000 644.476 0.000 0.000 374.523 434.970
321.707 0.000 891.013 0.000 369.149 370.779 497.006 0.000
380.753 0.000 328.221 791.851 0.000 0.000 0.000 837.884
0.000 0.000 0.000 0.000 625.367 602.183 0.000 0.000
677.187 400.304 0.000 0.000 0.000 0.000 0.000 0.000
521.621 938.471 329.893 576.497 535.914 0.000 0.000 489.152
0.000 686.460 0.000 0.000 0.000 906.653 0.000 0.000
0.000 725.348 779.870 0.000 0.000 638.628 0.000 388.944
324.089 0.000 0.000 766.520 0.000 953.028 0.000 632.686
944.038 0.000 856.441 0.000 0.000 0.000 748.623 0.000
546.576 0.000 0.000 0.000 0.000 0.000 315.887 0.000
427.205 0.000 0.000 0.000 0.000 878.360 661.550 0.000
0.000 870.026 0.000 0.000 0.000 0.000 651.109 0.000
651.468 411.484 601.280 934.333 0.000 799.625 839.408 0.000
424.011 0.000 0.000 0.000 0.000 781.676 571.779 748.128
393.911 0.000 965.146 0.000 0.000 0.000 0.000 955.370
0.000 0.000 0.000 471.982 891.729 0.000 383.294 0.000
0.000 342.501 0.000 0.000 0.000 506.949 0.000 542.783
619.041 649.992 572.194 604.341 744.475 0.000 933.563 350.343
492.947 607.598 405.946 0.000 0.000 395.920 968.831 0.000
0.000 461.329 474.326 0.000 0.000 408.493 0.000 592.800
0.000 0.000 0.000 0.000 0.000 0.000 0.000 584.992
669.856 649.708 795.809 0.000 874.435 0.000 815.549 0.000
541.804 0.000 0.000 0.000 499.981 563.654 548.109 0.000
0.000 605.326 941.740 0.000 0.000 530.994 405.652 0.000
0.000 0.000 0.000 0.000 827.982 0.000 901.672 0.000
352.256 633.644 726.172 315.601 0.000 504.109 0.000 0.000
630.192 935.762 999.437 0.000 0.000 0.000 720.149 691.504
414.100 834.475 682.130 0.000 644.774 0.000 0.000 0.000
455.720 484.230 826.299 0.000 786.772 717.320 872.945 739.754
0.000 451.104 0.000 0.000 0.000 0.000 0.000 886.180
998.013 851.933 512.378 564.711 565.063 0.000 0.000 382.559
561.803 0.000 0.000 956.476 0.000 0.000 783.590 789.291
643.813 461.010 0.000 735.275 663.877 0.000 897.510 561.070
392.566 0.000 0.000 0.000 0.000 0.000 0.000 0.000
824.867 720.101 750.271 0.000 845.098 470.798 334.553 0.000
487.953 692.357 827.271 0.000 689.113 0.000 652.401 419.800
993.965 369.081 0.000 0.000 0.000 0.000 780.239 0.000
539.532 484.713 964.866 733.417 0.000 0.000 0.000 723.249
0.000 579.043 975.178 642.375 790.482 454.138 0.000 486.255
971.782 375.343 305.483 0.000 636.796 0.000 581.351 542.017
961.756 0.000 764.298 726.995 651.196 0.000 800.536 0.000
0.000 0.000 853.506 0.000 470.391 0.000 681.358 962.706
0.000 621.045 0.000 0.000 502.726 0.000 446.874 433.650
329.710 391.127 520.467 843.217 435.291 428.745 424.665 0.000
0.000 432.240 0.000 0.000 0.000 684.807 460.579 700.631
755.898 329.670 493.452 899.088 0.000 338.989 0.000 665.529
795.118 0.000 0.000 564.769 886.825 0.000 0.000 0.000
480.061 0.000 989.508 0.000 0.000 755.958 0.000 656.310
0.000 0.000 414.848 0.000 916.785 939.502 0.000 736.599
0.000 0.000 0.000 0.000 349.483 0.000 0.000 729.839
0.000 964.148 0.000 537.078 398.686 0.000 0.000 0.000
0.000 0.000 0.000 534.596 544.402 534.214 0.000 0.000
335.531 0.000 0.000 543.837 0.000 0.000 0.000 732.191
716.872 0.000 0.000 504.751 0.000 575.609 0.000 344.307
914.938 952.950 494.943 0.000 0.000 0.000 0.000 835.006
906.594 580.199 0.000 852.686 777.420 679.432 0.000 0.000
958.487 398.500 643.641 0.000 990.048 0.000 798.448 0.000
0.000 372.697 826.907 430.348 0.000 615.191 0.000 0.000
0.000 0.000 468.132 890.998 0.000 615.409 0.000 0.000
0.000 755.664 0.000 919.370 0.000 429.859 974.667 941.701
0.000 0.000 0.000 0.000 0.000 0.000 0.000 849.504
0.000 465.754 745.252 312.770 0.000 0.000 524.238 0.000
0.000 544.738 876.076 741.247 0.000 0.000 340.467 0.000
484.007 0.000 656.029 0.000 0.000 389.729 525.202 899.608
521.073 466.697 665.947 369.456 795.934 489.417 0.000 924.967
313.118 967.350 864.851 0.000 0.000 0.000 377.069 0.000
614.017 484.895 0.000 439.445 421.332 0.000 0.000 728.087
0.000 745.856 0.000 0.000 0.000 391.531 922.906 794.786
0.000 0.000 0.000 0.000 317.599 0.000 0.000 0.000
0.000 0.000 0.000 0.000 0.000 0.000 0.000 353.557
559.461 0.000 0.000 472.756 0.000 0.000 0.000 0.000
979.066 0.000 674.668 0.000 0.000 0.000 474.078 0.000
564.643 0.000 0.000 446.392 783.090 0.000 0.000 0.000
911.135 593.959 394.754 867.281 0.000 824.402 492.731 871.306
469.713 0.000 0.000 749.449 472.393 0.000 0.000 414.710
785.681 0.000 635.343 0.000 350.565 0.000 587.438 863.178
398.480 874.054 670.330 907.269 352.645 0.000 850.176 0.000
0.000 0.000 344.584 0.000 0.000 0.000 0.000 0.000
0.000 0.000 0.000 784.776 0.000 455.133 887.907 345.039
0.000 980.547 307.741 0.000 489.581 526.333 362.363 582.932
0.000 0.000 0.000 0.000 0.000 0.000 975.960 0.000
746.368 462.834 631.672 719.873 646.411 382.270 859.785 886.137
0.000 758.380 0.000 965.592 0.000 0.000 318.998 884.629
539.242 782.494 626.654 0.000 0.000 814.898 968.816 620.528
884.097 0.000 491.497 0.000 758.528 0.000 780.976 907.275
770.496 0.000 0.000 0.000 644.276 798.190 0.000 574.598
0.000 451.794 722.780 684.819 453.620 0.000 371.695 575.044
327.959 558.381 0.000 445.027 865.849 0.000 970.152 993.719
702.110 899.557 0.000 0.000 945.793 655.178 0.000 683.865
930.261 0.000 0.000 418.249 0.000 644.652 658.151 0.000
0.000 869.982 443.619 0.000 760.256 0.000 359.100 0.000
0.000 0.000 0.000 923.947 895.500 0.000 823.317 0.000
710.967 827.179 404.231 716.919 304.386 0.000 532.519 833.504
0.000 0.000 0.000 0.000 476.936 0.000 0.000 468.950
984.481 377.906 866.407 0.000 458.020 0.000 0.000 784.592
376.882 391.827 0.000 0.000 521.477 631.800 677.132 344.503
0.000 992.481 0.000 302.816 840.634 0.000 910.583 503.903
812.329 0.000 0.000 849.552 471.860 530.902 640.943 0.000
555.814 0.000 0.000 614.842 0.000 314.969 949.392 0.000
0.000 779.580 783.460 595.627 873.760 0.000 0.000 0.000
930.434 0.000 0.000 742.410 698.554 777.043 343.342 0.000
590.172 478.309 665.065 0.000 642.289 0.000 873.021 0.000
922.701 0.000 925.654 947.235 0.000 664.906 764.017 656.324
455.927 0.000 593.894 601.555 0.000 450.006 427.809 0.000
0.000 0.000 402.624 694.329 0.000 510.064 473.826 945.058
0.000 676.914 553.630 0.000 362.198 0.000 442.743 684.839
0.000 0.000 0.000 0.000 626.323 426.921 522.805 582.273
0.000 679.131 731.880 742.848 591.871 0.000 759.789 0.000
0.000 593.877 0.000 0.000 440.840 648.936 0.000 986.271
0.000 709.688 630.132 478.916 0.000 428.348 593.808 0.000
914.041 511.473 367.712 307.832 360.098 0.000 736.419 0.000
552.801 0.000 746.997 855.538 871.516 0.000 816.901 868.605
735.110 614.171 682.247 0.000 0.000 930.983 0.000 0.000
684.566 0.000 0.000 0.000 0.000 415.139 0.000 0.000
367.726 930.663 970.442 431.648 0.000 0.000 0.000 0.000
402.478 636.095 563.366 0.000 477.503 993.878 0.000 0.000
0.000 397.224 0.000 0.000 604.717 0.000 0.000 0.000
549.090 0.000 479.907 0.000 0.000 0.000 0.000 971.949
743.256 984.838 417.381 0.000 727.835 532.649 0.000 977.831
500.859 0.000 603.719 715.114 974.456 0.000 0.000 0.000
822.344 0.000 707.122 0.000 858.394 927.571 0.000 925.045
830.418 0.000 0.000 0.000 0.000 642.012 0.000 370.647
0.000 310.413 0.000 520.472 0.000 834.664 0.000 0.000
316.304 839.004 442.021 458.401 920.011 0.000 0.000 0.000
942.785 670.963 0.000 629.078 0.000 565.420 0.000 0.000
0.000 873.567 0.000 0.000 514.758 333.048 539.403 0.000
768.485 0.000 0.000 0.000 0.000 951.337 463.664 404.828
0.000 408.068 0.000 963.774 0.000 795.347 532.155 0.000
0.000 0.000 797.942 0.000 915.646 434.389 0.000 0.000
489.947 906.515 477.887 763.993 420.445 0.000 334.633 0.000
531.270 429.830 468.471 0.000 818.866 0.000 0.000 0.000
0.000 0.000 383.884 301.501 858.241 722.082 0.000 0.000
475.094 399.899 0.000 486.165 685.208 0.000 0.000 0.000
0.000 670.421 0.000 971.849 0.000 746.980 356.927 0.000
517.148 0.000 0.000 707.840 0.000 0.000 0.000 874.233
836.944 0.000 0.000 0.000 691.937 896.482 586.263 346.107
770.680 0.000 547.078 393.747 0.000 421.258 709.530 652.565
742.557 592.842 0.000 733.543 829.498 0.000 0.000 948.667
894.629 425.716 0.000 390.455 311.049 0.000 877.142 0.000
0.000 0.000 0.000 0.000 0.000 766.284 0.000 0.000
0.000 651.600 0.000 0.000 0.000 950.829 0.000 974.717
640.930 0.000 0.000 755.464 0.000 916.897 0.000 0.000
0.000 0.000 0.000 439.534 0.000 0.000 0.000 694.939
913.922 0.000 0.000 344.407 891.997 0.000 786.756 803.129
582.183 0.000 0.000 0.000 953.414 488.463 510.602 0.000
0.000 505.560 470.446 456.877 863.132 0.000 0.000 801.652
765.330 0.000 324.363 0.000 0.000 0.000 0.000 0.000
0.000 737.586 0.000 0.000 0.000 0.000 334.180 0.000
561.324 0.000 0.000 976.048 0.000 0.000 949.605 676.438
407.525 0.000 537.268 0.000 659.731 0.000 387.256 0.000
497.389 729.275 802.431 0.000 0.000 0.000 714.129 0.000
0.000 0.000 0.000 567.472 584.120 753.133 0.000 894.325
0.000 546.279 0.000 0.000 0.000 559.263 963.428 0.000
0.000 541.963 465.930 0.000 0.000 929.279 0.000 922.761
0.000 0.000 0.000 729.895 0.000 0.000 0.000 383.556
0.000 687.529 0.000 981.885 345.810 0.000 622.570 756.742
472.795 729.793 466.343 621.758 0.000 444.474 0.000 0.000
311.885 0.000 765.634 942.997 665.670 0.000 857.869 0.000
0.000 889.609 0.000 584.578 0.000 0.000 0.000 0.000
650.571 576.032 0.000 0.000 0.000 0.000 424.050 982.445
0.000 495.290 0.000 0.000 429.242 0.000 740.435 671.140
0.000 0.000 991.585 0.000 0.000 0.000 0.000 970.609
0.000 521.731 0.000 0.000 0.000 0.000 0.000 636.987
968.467 0.000 0.000 883.472 0.000 0.000 0.000 0.000
0.000 0.000 0.000 0.000 0.000 476.786 790.102 0.000
822.863 0.000 0.000 682.222 0.000 0.000 0.000 570.728
0.000 0.000 0.000 519.037 617.685 0.000 331.117 0.000
0.000 421.042 0.000 0.000 0.000 0.000 0.000 410.902
425.132 0.000 0.000 0.000 813.027 0.000 884.472 988.483
609.337 0.000 0.000 0.000 0.000 770.613 0.000 0.000
391.813 0.000 0.000 556.796 737.636 0.000 539.966 841.010
302.548 0.000 959.156 641.450 567.528 331.434 0.000 0.000
0.000 0.000 685.038 945.990 911.265 0.000 619.255 811.562
0.000 0.000 0.000 647.892 831.863 0.000 0.000 374.503
375.522 0.000 992.212 0.000 440.641 0.000 728.369 996.125
0.000 482.930 0.000 951.055 441.227 0.000 981.937 686.691
365.480 794.900 0.000 758.207 0.000 0.000 0.000 613.220
0.000 0.000 0.000 0.000 0.000 714.468 0.000 0.000
0.000 656.692 686.557 323.793 998.357 450.014 0.000 0.000
668.032 504.147 340.927 0.000 326.247 304.806 0.000 0.000
303.618 0.000 877.909 373.286 848.430 636.520 415.692 381.359
0.000 778.745 441.204 544.798 780.049 865.616 564.135 0.000
0.000 0.000 0.000 650.577 0.000 422.412 393.299 698.906
0.000 402.752 961.917 0.000 0.000 0.000 0.000 0.000
0.000 964.320 0.000 0.000 532.825 0.000 394.584 0.000
0.000 0.000 0.000 964.148 0.000 996.806 0.000 0.000
616.035 343.428 0.000 301.556 0.000 963.436 321.931 0.000
0.000 0.000 879.792 0.000 760.279 752.886 0.000 655.794
970.815 484.733 577.272 0.000 552.479 0.000 480.170 0.000
0.000 611.809 0.000 0.000 0.000 0.000 609.256 903.846
503.170 0.000 0.000 784.451 929.665 0.000 0.000 0.000
368.051 757.880 862.798 0.000 945.275 0.000 0.000 0.000
972.039 839.954 0.000 0.000 310.379 809.772 0.000 0.000
0.000 750.533 433.977 0.000 0.000 0.000 0.000 545.520
933.937 376.041 538.951 547.087 0.000 871.703 776.698 0.000
0.000 0.000 0.000 728.018 0.000 0.000 0.000 0.000
494.929 0.000 0.000 0.000 770.560 392.558 811.395 0.000
0.000 857.116 854.551 0.000 0.000 797.895 731.746 977.244
660.920 586.367 0.000 371.118 0.000 747.884 733.288 0.000
470.673 0.000 874.534 483.159 844.250 494.509 0.000 811.381
0.000 0.000 0.000 387.267 0.000 0.000 0.000 0.000
0.000 818.869 0.000 0.000 470.111 0.000 662.028 0.000
816.029 680.070 0.000 680.918 0.000 0.000 695.315 0.000
0.000 968.859 0.000 0.000 0.000 0.000 0.000 703.225
0.000 0.000 888.024 0.000 462.610 475.147 0.000 855.259
890.290 0.000 728.642 525.091 733.379 585.281 0.000 0.000
0.000 0.000 0.000 972.107 460.830 0.000 0.000 0.000
0.000 913.662 430.709 911.417 724.179 0.000 497.203 0.000
0.000 962.553 961.848 0.000 904.066 976.590 567.301 320.446
603.689 522.015 772.396 879.797 596.289 0.000 969.293 0.000
370.507 572.549 0.000 0.000 0.000 0.000 0.000 850.707
0.000 0.000 0.000 0.000 0.000 559.141 520.959 565.540
404.777 899.810 464.247 303.131 447.336 0.000 0.000 440.502
901.397 0.000 0.000 677.143 0.000 789.238 659.710 643.484
318.431 0.000 0.000 0.000 0.000 0.000 826.223 759.147
0.000 0.000 0.000 0.000 0.000 433.485 392.284 0.000
0.000 321.420 907.280 0.000 0.000 0.000 0.000 614.103
0.000 0.000 0.000 0.000 0.000 0.000 537.976 0.000
793.351 0.000 0.000 0.000 967.719 346.834 750.110 907.492
525.125 301.770 0.000 822.432 856.965 0.000 428.550 0.000
0.000 489.111 925.053 0.000 861.036 0.000 581.750 406.243
0.000 0.000 396.019 0.000 0.000 801.469 0.000 0.000
0.000 967.337 0.000 302.538 0.000 687.213 0.000 0.000
0.000 525.803 0.000 567.406 861.876 965.698 315.389 667.442
625.675 0.000 938.758 669.884 0.000 738.570 0.000 0.000
0.000 906.916 301.606 0.000 0.000 0.000 0.000 0.000
896.344 0.000 0.000 843.564 947.893 0.000 0.000 0.000
586.403 0.000 309.463 863.685 0.000 0.000 0.000 0.000
888.948 713.867 0.000 609.287 0.000 354.446 0.000 767.496
606.469 722.246 832.967 0.000 0.000 638.049 0.000 908.229
0.000 374.047 309.171 469.065 0.000 0.000 757.060 0.000
985.864 0.000 883.249 0.000 315.764 0.000 384.316 413.304
705.486 565.799 0.000 0.000 851.038 0.000 425.710 0.000
350.278 476.591 0.000 0.000 0.000 0.000 391.088 0.000
0.000 0.000 0.000 0.000 750.064 513.081 825.569 301.844
697.420 579.692 0.000 0.000 450.751 646.737 0.000 0.000
0.000 0.000 0.000 0.000 350.588 0.000 0.000 0.000
987.609 674.668 0.000 643.617 0.000 0.000 750.723 0.000
0.000 737.485 309.968 980.715 0.000 0.000 356.716 778.038
0.000 0.000 0.000 808.978 339.634 0.000 0.000 0.000
929.516 0.000 708.302 928.911 0.000 0.000 768.271 0.000
0.000 0.000 758.772 0.000 983.732 0.000 0.000 950.652
0.000 0.000 453.964 0.000 819.984 770.512 925.441 939.520
0.000 813.105 641.370 851.277 875.443 0.000 0.000 0.000
690.645 0.000 915.945 485.999 0.000 0.000 0.000 912.197
764.241 0.000 0.000 466.416 726.292 323.270 716.884 785.695
