0.000 0.000 743.866 407.188 0.000 0.000 0.000 0.000
0.000 0.000 0.000 0.000 745.538 753.553 985.868 0.000
992.392 567.249 0.000 932.149 0.000 0.000 0.000 0.000
481.269 0.000 337.678 0.000 0.000 0.000 825.924 732.746
0.000 0.000 0.000 0.000 914.257 974.079 0.000 0.000
970.398 667.305 0.000 0.000 747.335 0.000 674.345 516.120
0.000 572.356 0.000 0.000 0.000 908.574 321.044 0.000
0.000 807.591 905.782 0.000 919.234 0.000 0.000 0.000
0.000 0.000 965.150 0.000 0.000 0.000 424.697 422.503
432.388 0.000 532.912 807.937 809.607 580.057 0.000 0.000
0.000 0.000 664.803 445.372 0.000 800.033 0.000 639.590
0.000 306.314 540.167 0.000 0.000 0.000 0.000 0.000
809.074 532.371 0.000 0.000 548.102 0.000 648.583 418.603
615.503 0.000 697.448 0.000 721.900 558.783 693.580 741.009
0.000 535.380 0.000 540.921 762.985 476.132 0.000 639.453
830.884 0.000 651.707 334.217 562.207 568.004 0.000 728.654
867.432 732.923 0.000 0.000 550.041 0.000 0.000 735.995
0.000 946.932 598.887 939.804 580.930 452.248 0.000 466.027
638.766 0.000 0.000 841.309 0.000 0.000 0.000 0.000
752.163 0.000 0.000 0.000 0.000 0.000 636.959 857.741
523.083 870.414 552.567 989.174 0.000 908.076 0.000 907.131
486.609 0.000 0.000 975.598 0.000 407.917 749.528 611.896
321.853 0.000 0.000 0.000 0.000 329.485 459.601 0.000
0.000 864.707 0.000 0.000 0.000 0.000 909.509 852.624
0.000 0.000 784.860 0.000 664.132 0.000 302.720 570.087
0.000 687.878 802.006 864.941 643.126 962.499 0.000 0.000
570.479 802.355 0.000 0.000 0.000 0.000 0.000 0.000
353.916 0.000 473.958 0.000 0.000 0.000 970.489 0.000
0.000 0.000 390.415 0.000 0.000 691.491 377.724 0.000
0.000 806.583 432.518 401.979 0.000 0.000 999.909 0.000
421.046 702.551 480.008 0.000 710.803 589.123 0.000 377.466
496.015 0.000 0.000 0.000 446.034 371.667 665.018 0.000
0.000 892.284 0.000 0.000 525.062 0.000 564.036 845.658
0.000 518.824 0.000 0.000 817.924 512.882 0.000 0.000
354.935 462.730 751.696 0.000 645.257 831.007 993.550 522.158
0.000 0.000 424.866 0.000 501.264 0.000 917.639 737.230
0.000 825.451 792.703 0.000 0.000 498.300 428.412 928.136
401.786 0.000 936.391 922.006 0.000 0.000 877.968 388.587
765.321 0.000 359.390 426.942 396.015 0.000 476.059 899.604
653.383 0.000 513.349 481.167 813.055 0.000 328.304 810.571
810.783 507.202 789.053 0.000 866.322 313.700 763.351 428.853
394.117 807.201 393.719 409.187 814.711 431.987 0.000 0.000
0.000 547.102 0.000 994.556 911.766 922.799 320.848 540.130
679.269 0.000 0.000 919.840 0.000 0.000 0.000 967.628
973.542 0.000 376.343 867.602 0.000 967.809 766.284 617.052
847.017 0.000 409.921 907.790 844.413 0.000 989.688 0.000
515.505 0.000 0.000 0.000 555.944 407.165 0.000 0.000
0.000 0.000 0.000 0.000 0.000 0.000 0.000 708.544
451.692 466.752 0.000 790.515 388.978 0.000 844.365 0.000
885.872 988.570 407.134 706.853 366.603 547.342 352.603 0.000
0.000 0.000 0.000 519.347 0.000 0.000 0.000 0.000
967.222 897.253 0.000 310.371 995.491 967.492 0.000 655.580
797.142 470.380 325.414 423.952 766.875 0.000 613.019 0.000
0.000 0.000 673.884 0.000 313.925 732.035 0.000 489.674
339.739 0.000 0.000 0.000 703.705 443.572 0.000 556.209
0.000 0.000 520.740 631.795 912.074 736.036 0.000 0.000
639.026 0.000 715.685 0.000 798.598 656.477 820.185 793.393
0.000 812.052 961.332 565.170 570.876 0.000 401.721 767.981
705.528 924.029 0.000 968.022 0.000 0.000 0.000 522.462
0.000 373.356 375.891 0.000 0.000 712.991 0.000 0.000
416.469 801.938 0.000 371.073 786.101 0.000 303.259 339.410
372.061 696.956 896.804 827.366 539.932 0.000 0.000 0.000
534.965 427.623 0.000 732.650 343.799 425.007 621.196 0.000
0.000 489.422 0.000 0.000 418.298 0.000 0.000 0.000
452.749 0.000 0.000 391.866 0.000 0.000 870.582 0.000
467.283 0.000 606.590 478.793 0.000 584.666 0.000 0.000
0.000 0.000 0.000 987.729 888.992 0.000 849.794 425.205
0.000 0.000 0.000 359.792 0.000 787.162 0.000 791.221
0.000 979.347 500.002 804.263 0.000 731.713 824.887 667.674
400.212 0.000 0.000 0.000 0.000 697.276 348.847 0.000
795.154 648.167 0.000 429.126 0.000 0.000 0.000 679.331
501.643 0.000 0.000 0.000 908.163 683.790 975.828 0.000
446.182 0.000 0.000 0.000 0.000 0.000 658.445 756.945
0.000 0.000 0.000 0.000 0.000 0.000 562.304 0.000
610.980 955.006 0.000 547.093 0.000 0.000 949.725 0.000
0.000 842.595 967.480 0.000 0.000 904.889 651.729 0.000
409.713 0.000 491.330 0.000 435.394 813.108 689.411 0.000
0.000 0.000 736.739 0.000 763.860 0.000 0.000 0.000
0.000 0.000 0.000 904.793 0.000 726.925 0.000 0.000
0.000 0.000 0.000 0.000 341.670 0.000 693.935 979.657
0.000 0.000 0.000 0.000 374.587 0.000 0.000 0.000
701.470 941.224 538.589 716.301 351.142 0.000 588.236 0.000
0.000 803.256 310.885 0.000 439.600 557.654 0.000 568.616
0.000 0.000 0.000 0.000 0.000 0.000 373.662 786.239
0.000 897.597 524.686 461.295 752.984 0.000 979.546 0.000
0.000 556.342 419.155 0.000 0.000 0.000 916.026 0.000
0.000 826.405 820.021 922.825 0.000 620.637 0.000 621.607
0.000 0.000 487.348 0.000 0.000 0.000 0.000 494.011
464.575 0.000 569.295 941.131 414.836 498.112 809.736 0.000
0.000 622.192 414.958 876.379 988.344 0.000 327.248 698.585
0.000 0.000 528.059 0.000 0.000 800.581 474.055 0.000
0.000 862.007 0.000 486.328 575.277 0.000 322.311 0.000
0.000 0.000 669.227 0.000 309.700 847.289 558.305 0.000
0.000 0.000 430.387 636.383 0.000 0.000 0.000 431.635
310.027 0.000 0.000 999.232 595.143 736.237 0.000 0.000
901.371 560.791 0.000 422.124 0.000 0.000 513.601 469.317
0.000 669.558 932.824 478.858 0.000 517.517 746.450 0.000
0.000 556.654 0.000 814.906 939.582 0.000 0.000 0.000
395.148 505.878 0.000 963.037 565.616 412.782 623.373 318.407
394.448 568.308 923.358 992.169 0.000 300.023 0.000 0.000
300.442 654.106 0.000 0.000 531.804 757.715 0.000 0.000
0.000 624.564 751.505 0.000 0.000 0.000 0.000 377.947
0.000 0.000 0.000 391.225 654.166 851.751 881.340 0.000
353.083 0.000 495.267 667.485 633.633 0.000 0.000 0.000
879.616 0.000 458.624 717.707 802.545 0.000 476.731 300.489
517.798 0.000 0.000 724.863 0.000 936.528 824.794 0.000
552.831 0.000 579.271 0.000 0.000 0.000 0.000 403.314
912.997 0.000 900.214 0.000 0.000 0.000 0.000 0.000
0.000 0.000 324.246 809.922 0.000 0.000 0.000 0.000
368.404 938.176 0.000 0.000 0.000 321.017 818.607 316.414
899.417 552.401 0.000 0.000 799.244 0.000 775.706 455.755
0.000 909.341 486.671 0.000 0.000 814.221 833.623 0.000
0.000 0.000 0.000 556.223 0.000 0.000 405.406 0.000
991.653 0.000 0.000 0.000 396.103 399.304 422.141 573.673
605.871 0.000 0.000 308.658 561.324 0.000 0.000 587.957
0.000 0.000 0.000 326.109 752.177 450.192 0.000 691.247
383.238 363.039 685.382 694.512 604.579 613.416 600.671 452.577
0.000 934.348 0.000 849.781 0.000 0.000 0.000 0.000
532.241 656.687 462.001 440.574 645.677 0.000 0.000 718.799
450.746 0.000 887.642 0.000 943.159 0.000 924.774 0.000
0.000 0.000 392.169 0.000 592.441 0.000 872.949 0.000
0.000 970.797 943.277 0.000 0.000 747.975 0.000 0.000
551.626 344.943 925.621 363.437 343.156 0.000 0.000 636.534
0.000 0.000 793.058 363.231 0.000 0.000 587.417 761.360
0.000 0.000 0.000 539.465 677.443 391.141 347.547 413.170
813.226 0.000 0.000 0.000 697.461 894.796 0.000 0.000
0.000 618.189 0.000 855.591 0.000 561.013 0.000 0.000
583.580 610.915 0.000 0.000 403.097 0.000 565.376 619.035
733.633 0.000 334.912 0.000 0.000 0.000 752.543 0.000
961.064 0.000 0.000 0.000 412.718 818.472 340.274 0.000
0.000 0.000 557.963 842.484 0.000 702.130 0.000 0.000
642.767 688.340 556.036 0.000 0.000 754.720 367.966 0.000
0.000 562.138 430.981 917.240 0.000 0.000 905.726 577.985
0.000 0.000 994.603 0.000 0.000 737.535 686.328 0.000
753.764 461.465 428.798 0.000 413.895 0.000 0.000 0.000
0.000 405.733 542.732 997.079 0.000 937.700 375.514 449.842
0.000 659.250 0.000 856.893 0.000 0.000 934.112 672.185
518.380 0.000 715.504 0.000 0.000 0.000 470.365 0.000
517.765 511.027 793.989 0.000 0.000 0.000 0.000 0.000
380.561 902.557 0.000 625.195 693.850 0.000 379.402 573.179
840.044 0.000 744.055 356.829 401.934 0.000 0.000 955.034
0.000 0.000 0.000 0.000 667.231 0.000 0.000 0.000
0.000 0.000 786.767 318.060 314.616 0.000 0.000 638.775
0.000 625.901 426.193 333.257 469.219 684.841 792.651 0.000
490.367 887.254 0.000 806.454 0.000 0.000 505.801 517.205
0.000 0.000 860.757 0.000 520.946 797.877 951.815 0.000
961.128 600.172 608.114 0.000 852.834 0.000 751.334 718.981
0.000 0.000 546.176 0.000 0.000 0.000 754.602 0.000
0.000 757.122 0.000 799.503 0.000 0.000 920.646 0.000
0.000 0.000 0.000 873.780 0.000 0.000 0.000 594.879
526.794 585.302 541.612 0.000 0.000 995.151 0.000 0.000
0.000 0.000 0.000 0.000 596.326 0.000 515.643 0.000
849.785 683.946 0.000 462.767 822.703 0.000 873.826 0.000
0.000 0.000 739.563 513.081 0.000 982.264 0.000 521.941
0.000 0.000 551.622 316.494 0.000 0.000 0.000 867.405
540.661 717.410 0.000 0.000 0.000 0.000 0.000 0.000
0.000 0.000 0.000 510.463 500.554 0.000 0.000 598.816
0.000 365.104 905.159 426.412 928.486 0.000 0.000 868.891
0.000 328.969 0.000 791.307 0.000 638.193 742.616 0.000
794.346 0.000 0.000 0.000 0.000 368.012 614.449 0.000
0.000 860.737 0.000 0.000 0.000 405.171 0.000 774.418
935.137 539.372 816.573 0.000 830.541 0.000 623.152 0.000
530.479 375.196 380.567 711.588 519.653 0.000 0.000 0.000
0.000 860.944 627.041 424.020 789.965 304.212 910.557 524.849
0.000 838.948 0.000 0.000 0.000 0.000 0.000 670.543
685.128 0.000 984.509 0.000 0.000 451.356 0.000 0.000
0.000 0.000 771.477 0.000 599.487 373.834 436.514 735.109
722.787 0.000 456.594 0.000 816.080 0.000 0.000 0.000
561.088 0.000 943.082 0.000 0.000 672.363 0.000 0.000
0.000 0.000 0.000 606.193 0.000 0.000 809.804 311.219
725.089 0.000 0.000 0.000 0.000 0.000 0.000 719.327
0.000 0.000 974.786 376.443 707.238 0.000 0.000 0.000
979.359 941.756 615.330 0.000 725.449 0.000 0.000 530.131
499.206 0.000 912.122 0.000 678.080 906.605 741.219 0.000
397.002 694.804 575.338 478.615 0.000 0.000 0.000 876.402
652.624 764.131 303.299 406.684 707.889 603.692 0.000 839.543
0.000 0.000 0.000 0.000 354.250 340.496 0.000 376.769
624.210 974.187 614.064 375.952 660.579 861.448 835.260 937.896
0.000 0.000 489.523 0.000 614.068 397.877 0.000 0.000
0.000 756.241 906.513 0.000 0.000 910.680 429.650 648.739
0.000 0.000 772.504 609.474 0.000 647.508 0.000 0.000
0.000 0.000 0.000 564.650 833.149 0.000 728.298 894.894
0.000 0.000 429.876 0.000 0.000 850.693 500.152 0.000
950.062 0.000 0.000 0.000 385.292 383.310 486.947 428.527
0.000 568.908 0.000 561.091 0.000 976.872 0.000 0.000
565.146 976.034 0.000 771.688 0.000 0.000 513.102 328.113
582.488 0.000 0.000 0.000 906.868 0.000 425.205 0.000
692.720 754.920 618.700 991.180 0.000 0.000 909.635 941.592
0.000 746.101 494.494 654.530 0.000 817.423 0.000 0.000
0.000 0.000 0.000 428.554 989.783 757.851 0.000 0.000
0.000 422.494 0.000 0.000 0.000 393.989 0.000 0.000
894.580 940.509 0.000 746.832 620.608 0.000 0.000 312.646
966.423 0.000 0.000 363.023 793.536 0.000 0.000 861.524
0.000 0.000 0.000 910.135 540.265 775.117 879.222 0.000
0.000 517.054 0.000 0.000 979.578 683.837 0.000 0.000
506.622 0.000 0.000 504.299 0.000 0.000 932.736 0.000
0.000 0.000 0.000 891.316 0.000 450.982 0.000 586.086
717.451 0.000 0.000 802.151 429.031 0.000 980.451 867.240
730.988 0.000 0.000 356.917 664.728 769.028 534.112 789.276
683.213 303.388 0.000 0.000 616.522 0.000 0.000 0.000
0.000 379.077 0.000 0.000 0.000 797.654 688.701 0.000
0.000 863.436 865.597 695.539 0.000 0.000 702.413 0.000
0.000 0.000 445.938 784.160 0.000 483.488 883.258 0.000
0.000 0.000 890.708 0.000 0.000 0.000 0.000 0.000
977.400 535.088 0.000 0.000 792.328 422.739 0.000 0.000
508.434 0.000 0.000 0.000 0.000 428.746 327.528 0.000
532.669 0.000 0.000 0.000 0.000 0.000 310.559 0.000
457.807 0.000 336.357 707.545 0.000 0.000 700.269 0.000
0.000 851.794 0.000 0.000 694.925 0.000 464.155 767.539
0.000 0.000 0.000 0.000 782.737 636.848 756.231 0.000
393.864 749.500 0.000 0.000 0.000 665.135 0.000 0.000
403.990 0.000 0.000 0.000 486.239 0.000 0.000 0.000
837.592 0.000 0.000 821.619 981.668 0.000 411.071 436.001
753.519 355.369 0.000 0.000 0.000 0.000 0.000 481.807
625.944 0.000 771.023 0.000 901.269 647.586 953.228 0.000
362.630 0.000 0.000 619.083 0.000 301.215 0.000 628.520
424.776 732.119 0.000 663.070 537.791 0.000 0.000 475.573
0.000 518.066 0.000 788.952 0.000 409.264 0.000 854.803
0.000 0.000 600.349 442.059 967.978 0.000 806.096 0.000
482.206 0.000 779.455 0.000 0.000 0.000 324.680 0.000
0.000 715.070 0.000 0.000 904.957 0.000 525.919 0.000
743.525 855.161 0.000 615.146 318.096 0.000 460.257 325.792
0.000 0.000 775.679 0.000 0.000 641.729 748.692 0.000
0.000 795.175 0.000 0.000 652.959 985.963 0.000 0.000
0.000 520.384 975.552 668.841 0.000 474.673 0.000 636.248
0.000 0.000 897.000 0.000 837.418 0.000 615.405 0.000
689.324 371.989 0.000 859.450 0.000 0.000 0.000 0.000
0.000 812.699 0.000 0.000 0.000 643.079 0.000 603.037
0.000 398.845 654.044 0.000 911.464 801.046 0.000 0.000
0.000 432.456 982.163 356.572 0.000 833.207 879.561 385.951
0.000 0.000 829.271 870.928 0.000 885.360 0.000 367.066
0.000 0.000 743.765 636.012 587.346 0.000 433.266 0.000
826.868 978.572 0.000 0.000 0.000 0.000 0.000 0.000
0.000 515.946 0.000 0.000 651.689 938.060 0.000 0.000
866.865 0.000 413.270 0.000 506.462 789.988 869.830 0.000
471.672 458.366 952.220 865.827 0.000 940.291 0.000 313.946
720.103 0.000 0.000 0.000 624.043 644.058 0.000 906.714
471.451 0.000 838.387 713.208 959.780 778.591 0.000 0.000
0.000 0.000 374.727 0.000 0.000 449.641 0.000 0.000
0.000 345.314 833.796 422.576 745.994 657.437 0.000 0.000
551.910 0.000 758.901 987.822 493.264 0.000 0.000 0.000
313.938 411.209 454.082 0.000 631.893 827.088 0.000 442.974
378.634 330.787 396.843 0.000 722.495 665.893 506.091 380.798
0.000 0.000 413.889 0.000 0.000 0.000 815.509 552.981
847.471 0.000 462.312 0.000 641.524 0.000 497.802 0.000
0.000 0.000 736.154 476.261 862.112 886.016 0.000 917.340
819.132 510.231 307.561 652.236 0.000 767.851 0.000 843.842
989.531 0.000 0.000 737.630 654.898 0.000 650.757 0.000
781.279 0.000 0.000 655.092 0.000 928.610 595.777 0.000
377.387 725.388 0.000 980.544 0.000 0.000 886.087 447.659
375.127 644.581 0.000 0.000 0.000 0.000 777.043 401.688
701.572 0.000 0.000 0.000 0.000 0.000 547.909 612.174
748.573 0.000 0.000 396.446 889.201 0.000 0.000 992.837
894.600 608.180 0.000 316.415 951.128 0.000 887.028 885.598
0.000 798.618 0.000 701.185 0.000 414.781 0.000 815.967
866.619 0.000 0.000 713.817 997.021 0.000 0.000 0.000
997.714 667.740 721.857 0.000 398.755 881.318 0.000 850.375
0.000 0.000 0.000 0.000 715.461 0.000 778.349 0.000
582.514 349.369 0.000 486.088 357.591 979.420 0.000 0.000
512.203 408.027 815.070 903.279 808.711 0.000 907.147 374.249
0.000 0.000 709.216 569.895 0.000 902.241 0.000 0.000
0.000 0.000 0.000 0.000 709.253 959.149 979.397 0.000
322.717 0.000 399.862 929.030 690.463 0.000 871.122 306.548
712.990 669.974 0.000 0.000 931.644 997.003 499.407 705.593
702.091 0.000 813.506 0.000 0.000 0.000 336.930 0.000
0.000 0.000 370.631 835.528 319.012 0.000 0.000 967.000
0.000 0.000 410.119 0.000 924.446 649.633 746.428 0.000
315.256 626.919 0.000 741.504 913.339 0.000 623.405 856.509
0.000 0.000 0.000 0.000 347.457 0.000 0.000 0.000
793.582 535.391 994.725 0.000 908.592 0.000 425.983 835.950
0.000 0.000 422.360 0.000 0.000 795.880 0.000 0.000
500.540 637.765 0.000 0.000 0.000 596.846 0.000 0.000
0.000 0.000 538.129 716.402 988.896 0.000 667.826 767.586
343.750 804.725 724.530 0.000 382.941 537.612 0.000 466.469
596.330 0.000 0.000 747.495 0.000 402.701 0.000 921.969
853.063 513.137 531.626 0.000 541.108 0.000 0.000 427.073
524.943 637.402 458.186 0.000 972.192 0.000 0.000 0.000
0.000 0.000 884.238 552.541 523.395 0.000 0.000 586.778
0.000 0.000 881.598 0.000 548.383 595.388 787.744 612.507
0.000 657.595 0.000 355.019 0.000 677.915 0.000 413.562
0.000 0.000 0.000 746.644 0.000 0.000 0.000 0.000
0.000 0.000 725.584 0.000 992.594 0.000 680.682 633.896
0.000 744.733 564.261 907.281 0.000 0.000 0.000 0.000
390.259 865.789 0.000 798.038 645.937 0.000 0.000 0.000
506.471 767.657 547.747 373.271 757.361 417.716 0.000 622.471
966.609 469.785 895.077 900.219 996.970 450.128 0.000 0.000
0.000 813.932 0.000 0.000 708.596 0.000 0.000 925.812
0.000 423.769 0.000 780.339 401.067 0.000 552.152 0.000
981.302 605.291 628.660 361.135 709.147 0.000 0.000 667.217
967.299 0.000 863.648 482.239 0.000 0.000 0.000 0.000
585.503 0.000 480.008 745.044 828.906 838.561 0.000 0.000
0.000 696.560 0.000 747.786 663.525 800.366 0.000 0.000
0.000 0.000 741.808 494.840 805.690 0.000 616.878 803.373
0.000 506.707 0.000 488.302 0.000 374.540 0.000 0.000
0.000 531.499 0.000 0.000 365.845 0.000 0.000 415.720
707.448 0.000 0.000 0.000 0.000 0.000 954.626 583.867
647.369 0.000 0.000 0.000 981.157 0.000 0.000 0.000
616.130 852.606 0.000 691.383 579.423 584.139 0.000 0.000
0.000 643.334 544.432 536.669 0.000 0.000 845.410 0.000
306.116 0.000 0.000 555.247 944.680 851.835 814.226 0.000
955.999 0.000 0.000 0.000 0.000 0.000 848.256 831.121
0.000 0.000 0.000 0.000 336.725 765.928 0.000 358.841
0.000 417.497 0.000 740.582 882.328 882.526 414.266 628.554
385.259 494.267 301.323 0.000 0.000 0.000 507.533 0.000
0.000 0.000 0.000 0.000 0.000 0.000 884.421 611.762
345.063 0.000 0.000 0.000 0.000 0.000 0.000 583.326
0.000 0.000 610.830 793.340 785.017 0.000 0.000 0.000
625.820 0.000 753.692 818.790 0.000 0.000 416.699 0.000
834.605 0.000 0.000 425.771 0.000 672.655 0.000 313.775
409.279 908.361 0.000 0.000 904.186 466.668 0.000 755.561
446.657 718.716 0.000 0.000 828.283 984.697 912.547 444.239
0.000 980.784 0.000 0.000 0.000 0.000 408.601 0.000
0.000 0.000 958.612 0.000 784.766 0.000 0.000 0.000
0.000 0.000 0.000 581.299 0.000 0.000 851.145 0.000
0.000 0.000 0.000 635.148 653.060 685.488 653.352 396.720
0.000 0.000 849.616 0.000 0.000 0.000 877.867 994.962
0.000 0.000 0.000 0.000 867.025 876.705 0.000 688.960
0.000 865.832 560.534 0.000 500.721 0.000 0.000 0.000
0.000 850.496 744.650 0.000 0.000 498.471 687.622 633.540
0.000 0.000 0.000 418.941 0.000 0.000 0.000 416.688
304.428 842.833 481.190 0.000 303.762 361.695 0.000 894.816
0.000 0.000 0.000 0.000 731.459 0.000 967.798 0.000
0.000 439.377 444.138 0.000 901.349 0.000 0.000 0.000
467.543 757.786 0.000 340.227 837.139 0.000 0.000 369.615
365.037 817.265 915.107 0.000 0.000 0.000 778.230 492.966
445.578 387.698 341.966 761.891 678.995 0.000 806.169 932.773
821.609 0.000 0.000 446.098 0.000 851.653 843.221 906.106
955.183 0.000 635.644 405.659 517.206 868.654 0.000 588.229
0.000 0.000 609.185 0.000 0.000 505.962 647.250 873.703
0.000 822.500 0.000 957.277 976.455 0.000 0.000 0.000
0.000 648.297 749.665 969.749 534.700 0.000 0.000 978.576
0.000 0.000 728.295 0.000 310.429 0.000 0.000 0.000
611.290 0.000 0.000 0.000 661.998 0.000 0.000 0.000
0.000 826.376 0.000 613.497 0.000 698.828 557.678 682.927
528.430 656.363 0.000 612.621 638.013 0.000 0.000 0.000
318.732 0.000 503.117 561.710 390.221 875.110 481.878 0.000
0.000 0.000 590.958 757.020 0.000 406.115 515.401 0.000
0.000 786.157 0.000 0.000 0.000 974.490 0.000 0.000
0.000 0.000 486.643 950.743 0.000 961.243 0.000 555.467
515.166 0.000 0.000 0.000 0.000 0.000 0.000 373.705
0.000 0.000 899.010 627.702 344.566 0.000 946.502 0.000
0.000 0.000 0.000 359.321 363.885 0.000 347.661 0.000
0.000 631.541 0.000 669.755 804.188 814.641 0.000 410.764
572.897 0.000 0.000 0.000 0.000 0.000 395.659 495.578
805.424 0.000 887.269 0.000 743.510 0.000 0.000 0.000
0.000 511.307 945.371 734.768 723.479 0.000 0.000 0.000
592.557 0.000 545.659 0.000 859.236 347.598 380.057 810.349
360.659 0.000 0.000 0.000 0.000 0.000 978.356 353.316
714.333 0.000 0.000 541.560 898.264 418.803 772.873 675.600
808.124 0.000 0.000 0.000 843.485 0.000 489.637 689.587
0.000 407.848 571.021 0.000 0.000 0.000 657.879 0.000
423.844 812.557 700.027 0.000 0.000 995.306 321.866 393.438
0.000 0.000 0.000 0.000 802.498 0.000 730.135 933.011
448.634 404.559 0.000 0.000 618.891 0.000 462.947 694.914
617.248 0.000 555.895 405.719 763.514 0.000 437.798 520.798
0.000 0.000 0.000 0.000 464.287 587.629 0.000 0.000
615.051 913.830 0.000 0.000 749.919 949.716 0.000 0.000
510.124 872.014 393.736 0.000 716.625 0.000 668.689 0.000
0.000 0.000 0.000 0.000 0.000 566.282 0.000 746.052
0.000 901.729 0.000 0.000 0.000 0.000 905.804 0.000
767.409 860.146 675.738 427.707 500.126 464.761 0.000 0.000
334.343 584.488 542.376 918.162 338.879 0.000 465.049 846.784
954.086 0.000 698.442 0.000 0.000 373.344 0.000 0.000
311.971 663.400 0.000 847.874 0.000 0.000 0.000 314.049
615.975 0.000 0.000 785.320 0.000 0.000 491.945 519.064
0.000 0.000 0.000 0.000 0.000 0.000 393.096 0.000
0.000 0.000 911.691 0.000 0.000 419.405 0.000 953.061
0.000 696.898 0.000 323.767 518.459 0.000 0.000 789.176
0.000 0.000 392.152 0.000 0.000 300.377 871.294 0.000
0.000 0.000 0.000 0.000 351.085 0.000 797.226 571.350
0.000 848.710 0.000 348.241 881.530 362.688 952.398 343.078
0.000 0.000 0.000 0.000 825.906 433.115 0.000 515.077
868.726 0.000 0.000 761.349 690.660 964.762 0.000 853.144
682.150 0.000 0.000 998.154 709.095 0.000 979.702 0.000
0.000 654.623 745.783 879.867 0.000 0.000 0.000 466.687
0.000 598.494 0.000 0.000 727.027 0.000 420.666 707.127
738.523 960.079 917.885 701.602 0.000 0.000 0.000 0.000
0.000 795.815 965.552 0.000 325.454 945.281 518.435 377.374
0.000 785.418 799.290 988.556 440.088 0.000 436.841 789.261
568.072 0.000 0.000 310.931 0.000 644.267 0.000 457.197
0.000 0.000 0.000 732.692 0.000 0.000 727.193 0.000
520.183 789.736 0.000 519.082 782.254 544.685 377.375 892.158
0.000 0.000 925.059 0.000 0.000 0.000 0.000 0.000
0.000 0.000 0.000 542.645 0.000 904.694 689.024 0.000
0.000 0.000 445.338 0.000 0.000 813.428 0.000 916.534
539.863 0.000 0.000 546.736 529.798 0.000 993.528 923.822
0.000 351.987 0.000 0.000 0.000 300.352 675.865 648.207
802.535 0.000 470.725 0.000 0.000 0.000 0.000 0.000
807.361 471.869 0.000 0.000 384.770 0.000 362.822 713.436
838.034 317.932 703.727 0.000 0.000 0.000 0.000 0.000
871.640 528.947 0.000 0.000 0.000 687.115 374.861 0.000
963.438 0.000 885.651 0.000 0.000 0.000 0.000 0.000
0.000 0.000 437.574 0.000 994.693 957.358 0.000 0.000
0.000 460.717 0.000 331.681 638.917 0.000 0.000 0.000
0.000 0.000 0.000 819.942 0.000 0.000 692.254 0.000
778.652 649.287 0.000 782.568 648.835 0.000 515.151 572.277
0.000 539.436 493.964 0.000 0.000 0.000 789.148 501.577
0.000 0.000 0.000 394.486 871.486 0.000 0.000 0.000
0.000 597.508 820.495 976.196 0.000 496.595 903.811 0.000
719.105 0.000 0.000 0.000 366.985 661.688 0.000 0.000
836.904 0.000 0.000 0.000 525.762 892.416 0.000 596.435
413.031 649.952 0.000 0.000 933.244 0.000 0.000 0.000
532.647 590.539 0.000 0.000 767.064 615.135 0.000 557.523
510.150 780.889 0.000 0.000 0.000 651.840 0.000 844.551
0.000 0.000 0.000 0.000 936.614 0.000 0.000 0.000
0.000 0.000 787.568 0.000 0.000 0.000 0.000 625.036
0.000 674.175 0.000 378.197 775.611 963.563 614.230 397.002
757.805 625.283 754.762 945.725 0.000 462.846 636.920 416.384
643.134 0.000 491.335 607.385 416.059 458.252 504.509 0.000
0.000 367.267 0.000 339.883 0.000 0.000 0.000 0.000
932.973 0.000 835.866 0.000 0.000 0.000 655.730 954.555
940.432 335.040 0.000 840.651 0.000 0.000 601.677 837.208
0.000 478.301 825.037 0.000 0.000 769.154 0.000 563.976
809.515 732.812 990.789 356.157 897.024 857.216 631.030 508.788
678.825 0.000 671.824 501.424 500.764 0.000 0.000 614.317
0.000 480.962 446.310 481.748 0.000 922.419 508.038 778.260
0.000 0.000 0.000 0.000 0.000 493.790 0.000 0.000
0.000 0.000 0.000 0.000 0.000 459.679 637.036 0.000
0.000 0.000 0.000 0.000 975.301 817.370 0.000 0.000
758.978 949.188 430.582 0.000 0.000 0.000 0.000 649.996
0.000 0.000 365.184 758.461 0.000 928.713 0.000 0.000
967.361 0.000 0.000 0.000 0.000 824.889 709.167 0.000
941.481 614.552 533.862 0.000 0.000 689.454 646.276 363.027
0.000 0.000 0.000 787.939 0.000 788.926 0.000 472.015
0.000 0.000 0.000 0.000 935.444 544.235 739.630 415.438
919.964 491.797 0.000 0.000 838.577 876.939 0.000 353.438
0.000 0.000 858.147 434.617 430.090 670.139 0.000 0.000
0.000 616.931 0.000 0.000 0.000 0.000 600.292 605.274
862.673 551.968 0.000 867.031 0.000 0.000 996.382 554.183
0.000 863.728 873.494 767.354 482.136 0.000 928.380 0.000
0.000 454.425 947.597 663.743 0.000 0.000 0.000 381.623
825.083 415.296 563.828 746.027 0.000 0.000 500.925 0.000
0.000 0.000 842.640 381.827 942.087 452.235 867.247 553.800
922.917 0.000 0.000 715.937 589.326 0.000 495.268 649.985
737.119 722.067 590.037 920.454 0.000 0.000 0.000 0.000
0.000 996.257 947.328 0.000 0.000 0.000 0.000 749.274
0.000 682.754 657.338 0.000 842.987 0.000 976.271 0.000
686.939 572.968 0.000 933.511 938.223 0.000 635.015 721.962
0.000 431.118 0.000 382.510 0.000 0.000 331.693 0.000
0.000 0.000 960.087 451.529 0.000 393.216 703.552 387.558
0.000 718.879 0.000 0.000 535.078 0.000 0.000 0.000
972.058 309.056 0.000 834.635 0.000 0.000 727.467 356.275
0.000 748.827 0.000 457.077 390.329 860.369 0.000 476.242
0.000 636.610 332.493 795.547 802.157 639.573 0.000 430.947
0.000 0.000 0.000 858.617 0.000 0.000 937.380 317.044
0.000 0.000 0.000 390.477 0.000 0.000 0.000 0.000
482.166 918.327 0.000 0.000 0.000 471.581 0.000 330.956
0.000 769.468 0.000 588.136 599.927 715.350 859.597 359.956
553.150 564.181 911.346 0.000 0.000 831.246 0.000 388.928
0.000 0.000 0.000 690.080 0.000 0.000 954.980 0.000
0.000 0.000 933.037 319.218 441.820 0.000 410.288 632.365
683.635 914.801 442.519 924.241 391.835 890.132 361.263 0.000
0.000 826.649 322.298 717.147 0.000 584.819 0.000 630.159
0.000 0.000 534.184 923.350 377.083 602.111 472.244 567.409
0.000 608.485 397.129 810.085 461.771 937.565 0.000 328.727
770.651 0.000 510.836 0.000 470.266 932.594 615.477 0.000
0.000 997.401 0.000 910.089 0.000 915.365 0.000 0.000
868.106 806.413 0.000 362.548 452.820 0.000 798.847 0.000
673.352 310.720 622.997 436.922 0.000 883.593 0.000 0.000
848.328 641.490 0.000 0.000 0.000 0.000 452.773 528.575
0.000 810.713 543.999 0.000 522.812 0.000 0.000 691.408
0.000 0.000 0.000 795.400 0.000 0.000 0.000 0.000
0.000 0.000 775.828 0.000 0.000 873.025 925.802 998.771
0.000 495.846 0.000 339.547 616.165 0.000 305.103 321.991
939.242 503.543 0.000 0.000 980.729 0.000 0.000 717.896
851.527 0.000 347.384 374.343 999.095 0.000 590.101 971.035
684.319 0.000 589.576 761.452 0.000 0.000 364.194 449.966
334.898 877.464 0.000 639.121 891.103 719.762 774.626 0.000
356.608 632.071 0.000 531.220 879.015 0.000 0.000 0.000
603.408 0.000 828.027 0.000 960.073 809.150 709.229 0.000
0.000 350.477 0.000 0.000 347.120 384.412 356.231 0.000
0.000 381.484 332.239 336.131 0.000 332.817 0.000 0.000
952.131 0.000 0.000 580.115 666.980 0.000 947.115 826.276
994.519 0.000 0.000 524.653 814.337 0.000 0.000 0.000
0.000 0.000 697.350 0.000 0.000 0.000 0.000 0.000
691.275 0.000 688.450 643.725 690.312 695.576 0.000 764.349
0.000 0.000 759.516 753.810 0.000 541.863 705.931 0.000
454.445 0.000 783.934 838.256 0.000 0.000 0.000 0.000
499.989 449.799 701.392 0.000 0.000 897.338 0.000 0.000
0.000 0.000 0.000 0.000 0.000 0.000 796.849 333.966
0.000 963.797 403.342 481.697 887.616 0.000 429.954 310.919
775.684 0.000 386.460 0.000 0.000 0.000 0.000 0.000
799.625 0.000 929.527 0.000 552.907 0.000 759.334 0.000
363.014 592.845 419.582 0.000 996.384 0.000 562.236 0.000
0.000 0.000 0.000 636.259 0.000 438.753 0.000 0.000
726.583 0.000 604.516 0.000 0.000 0.000 751.265 0.000
0.000 0.000 491.853 0.000 341.478 352.825 748.542 692.617
439.212 0.000 0.000 350.085 976.983 715.976 0.000 800.774
0.000 449.921 0.000 488.665 915.730 0.000 0.000 0.000
0.000 366.359 763.280 0.000 786.831 839.688 0.000 0.000
528.861 0.000 710.428 0.000 642.041 0.000 774.485 0.000
645.364 0.000 826.937 0.000 353.533 0.000 0.000 408.028
596.177 443.834 0.000 0.000 0.000 502.123 0.000 0.000
0.000 0.000 0.000 0.000 0.000 321.097 0.000 0.000
802.449 0.000 0.000 0.000 0.000 0.000 0.000 533.220
0.000 0.000 876.101 448.485 0.000 441.478 0.000 0.000
0.000 0.000 0.000 659.274 580.464 0.000 0.000 0.000
794.955 0.000 0.000 0.000 0.000 0.000 0.000 0.000
486.350 0.000 963.778 908.674 653.080 0.000 510.269 640.293
0.000 766.981 0.000 0.000 0.000 0.000 0.000 821.412
