625.007 0.000 0.000 548.855 0.000 720.039 0.000 0.000
0.000 0.000 0.000 0.000 571.351 0.000 0.000 859.360
0.000 0.000 518.784 620.637 947.418 823.245 649.027 839.812
654.112 380.107 302.864 0.000 0.000 0.000 472.181 382.456
0.000 0.000 709.581 0.000 0.000 494.759 789.293 601.875
0.000 792.441 746.908 0.000 643.823 0.000 470.897 0.000
0.000 725.113 0.000 917.730 0.000 0.000 0.000 0.000
0.000 391.236 541.568 0.000 335.721 980.709 0.000 942.814
438.869 0.000 0.000 436.233 0.000 805.546 965.717 0.000
936.245 897.738 735.903 0.000 706.208 0.000 0.000 915.015
0.000 364.078 849.386 0.000 714.970 0.000 0.000 0.000
723.070 507.923 564.820 821.030 973.654 0.000 0.000 847.755
0.000 443.870 818.465 0.000 359.508 0.000 0.000 0.000
699.327 481.245 316.476 0.000 0.000 592.327 525.031 0.000
0.000 876.355 472.402 651.317 0.000 0.000 0.000 0.000
915.286 0.000 0.000 914.516 0.000 688.091 496.906 0.000
898.718 0.000 639.663 570.069 681.377 0.000 435.571 356.670
0.000 0.000 377.735 0.000 0.000 766.229 502.259 679.171
913.422 343.719 0.000 0.000 798.496 0.000 946.114 425.840
594.437 941.239 731.101 439.910 935.178 540.003 616.945 0.000
0.000 0.000 0.000 957.195 617.557 0.000 540.984 0.000
0.000 0.000 0.000 0.000 646.568 552.548 740.979 725.360
0.000 0.000 437.255 499.665 891.149 557.199 0.000 0.000
673.185 0.000 0.000 568.185 0.000 0.000 851.697 906.879
700.242 0.000 318.924 314.151 0.000 0.000 392.047 0.000
406.905 971.130 913.562 0.000 486.267 0.000 0.000 672.868
314.746 0.000 316.059 0.000 0.000 0.000 619.233 0.000
300.322 929.915 0.000 0.000 0.000 974.068 0.000 0.000
0.000 0.000 675.608 0.000 0.000 0.000 688.114 481.931
617.824 0.000 934.251 702.715 0.000 599.980 984.498 0.000
0.000 434.163 605.180 548.840 0.000 849.893 0.000 468.491
0.000 620.547 322.723 826.640 0.000 0.000 319.881 853.297
0.000 0.000 814.452 0.000 302.484 317.363 0.000 0.000
876.826 0.000 980.582 474.863 493.439 0.000 795.059 0.000
952.238 588.321 0.000 0.000 719.320 972.120 747.766 667.740
0.000 934.392 0.000 776.948 608.631 474.938 911.689 412.012
891.771 628.675 505.912 0.000 0.000 484.750 924.387 343.912
0.000 907.345 537.703 990.046 927.615 446.078 0.000 645.401
0.000 330.685 0.000 482.923 961.299 0.000 0.000 0.000
0.000 0.000 628.381 411.574 995.406 941.540 0.000 0.000
0.000 0.000 0.000 0.000 0.000 661.079 978.376 0.000
0.000 0.000 768.534 0.000 977.216 739.887 817.750 0.000
0.000 0.000 828.720 0.000 0.000 355.911 0.000 456.796
0.000 547.235 424.003 570.994 732.395 641.602 669.535 0.000
0.000 0.000 540.828 0.000 0.000 818.904 546.334 694.988
802.568 0.000 0.000 0.000 0.000 0.000 0.000 427.717
0.000 0.000 803.283 912.492 729.112 0.000 725.782 0.000
691.874 0.000 0.000 864.653 0.000 0.000 702.703 0.000
977.626 884.075 943.593 0.000 0.000 302.800 0.000 995.706
0.000 0.000 0.000 571.985 0.000 922.778 923.224 0.000
494.882 428.296 684.166 0.000 853.346 0.000 859.797 830.689
667.943 0.000 489.237 355.335 0.000 418.757 894.645 0.000
926.138 0.000 0.000 0.000 789.899 823.752 836.453 995.260
0.000 454.569 351.451 0.000 0.000 803.674 0.000 602.569
0.000 813.468 0.000 0.000 0.000 928.482 725.965 937.888
442.747 441.423 0.000 0.000 886.015 316.326 0.000 0.000
0.000 0.000 932.263 608.653 0.000 323.919 0.000 0.000
0.000 0.000 358.191 980.595 793.780 0.000 462.395 0.000
389.037 969.908 467.026 394.982 0.000 0.000 633.401 0.000
480.897 850.980 0.000 0.000 492.811 0.000 0.000 959.443
799.694 301.463 0.000 0.000 697.102 782.511 0.000 695.729
914.405 482.343 928.600 906.197 820.327 0.000 0.000 306.344
0.000 752.597 0.000 915.310 968.553 655.519 624.710 0.000
0.000 455.646 0.000 0.000 519.161 0.000 567.373 336.939
0.000 761.997 0.000 0.000 475.406 956.516 904.790 881.548
480.269 0.000 570.698 0.000 787.244 0.000 438.349 329.665
0.000 0.000 403.497 0.000 613.895 0.000 0.000 314.560
622.839 544.191 664.859 496.222 0.000 480.027 469.939 839.091
579.079 0.000 441.212 954.555 967.384 0.000 365.000 672.718
856.081 0.000 342.158 872.164 0.000 350.725 0.000 0.000
688.830 0.000 632.568 0.000 0.000 0.000 866.600 803.419
737.217 776.987 917.645 0.000 0.000 0.000 959.207 426.187
0.000 0.000 0.000 367.518 574.367 0.000 0.000 0.000
0.000 0.000 0.000 0.000 0.000 0.000 550.901 795.517
0.000 593.112 0.000 0.000 347.310 0.000 323.476 0.000
0.000 607.543 362.968 0.000 0.000 541.413 0.000 478.076
769.371 326.312 0.000 0.000 555.500 0.000 302.209 792.130
0.000 0.000 0.000 0.000 0.000 941.813 572.811 939.964
317.932 488.138 0.000 922.184 593.398 879.090 0.000 0.000
0.000 373.626 0.000 0.000 0.000 0.000 0.000 570.519
373.235 788.151 906.553 0.000 0.000 469.561 982.121 844.842
731.033 785.553 705.740 426.667 463.424 703.684 686.693 848.903
0.000 0.000 0.000 781.947 0.000 423.606 835.835 953.921
849.523 643.077 0.000 561.305 981.576 759.563 351.886 613.823
607.924 0.000 830.785 0.000 505.331 684.320 460.523 0.000
0.000 419.846 734.699 957.344 0.000 410.424 788.106 0.000
478.264 366.076 0.000 0.000 853.546 640.848 410.913 843.782
348.892 453.524 0.000 744.361 815.883 0.000 462.689 587.067
602.560 553.443 601.890 0.000 650.890 0.000 729.301 569.311
629.933 0.000 0.000 478.825 0.000 692.081 0.000 0.000
0.000 0.000 0.000 0.000 0.000 992.369 0.000 844.749
0.000 0.000 676.128 812.603 703.789 0.000 403.587 701.817
0.000 0.000 627.305 0.000 868.223 359.765 359.543 999.749
0.000 0.000 702.552 783.680 0.000 0.000 905.810 626.337
783.242 838.729 868.956 0.000 0.000 0.000 307.470 667.877
0.000 978.365 491.130 0.000 0.000 0.000 412.743 0.000
0.000 0.000 999.589 0.000 0.000 0.000 0.000 826.031
0.000 0.000 0.000 0.000 402.096 970.267 0.000 699.762
940.731 0.000 943.448 0.000 484.888 974.065 552.510 0.000
0.000 0.000 0.000 0.000 676.975 931.540 425.924 312.453
817.589 0.000 386.499 0.000 934.270 0.000 975.615 547.968
842.722 0.000 358.371 553.148 340.819 0.000 0.000 0.000
0.000 0.000 0.000 829.385 0.000 0.000 982.276 405.155
0.000 0.000 0.000 963.716 0.000 318.244 0.000 0.000
990.070 742.344 979.688 0.000 0.000 342.499 306.408 0.000
0.000 0.000 528.209 537.999 0.000 0.000 935.857 338.177
0.000 745.390 455.500 0.000 881.316 746.291 916.053 0.000
0.000 838.228 804.390 300.664 0.000 702.615 0.000 607.895
496.143 676.149 0.000 624.892 0.000 531.371 706.984 483.777
741.041 0.000 0.000 0.000 696.782 0.000 415.455 820.291
563.520 0.000 0.000 0.000 0.000 724.304 717.215 0.000
738.321 0.000 666.839 756.373 872.645 878.101 0.000 766.743
0.000 904.681 0.000 0.000 628.673 465.371 409.189 560.236
0.000 0.000 352.554 459.521 0.000 0.000 0.000 0.000
714.718 707.518 757.904 0.000 882.379 0.000 888.819 0.000
0.000 368.961 0.000 732.488 834.363 0.000 304.440 313.948
510.699 824.958 0.000 0.000 0.000 814.434 0.000 704.011
0.000 0.000 0.000 0.000 0.000 951.257 0.000 400.394
796.121 842.631 797.417 803.743 621.898 0.000 466.127 705.976
0.000 610.998 0.000 0.000 862.383 937.415 526.003 0.000
456.825 0.000 0.000 874.722 0.000 921.910 928.183 0.000
647.042 577.082 580.660 0.000 464.679 357.604 772.504 996.949
0.000 0.000 840.317 305.628 0.000 0.000 822.169 513.154
0.000 0.000 831.321 0.000 0.000 711.029 0.000 932.287
0.000 0.000 0.000 0.000 866.817 0.000 724.993 0.000
894.548 486.674 0.000 0.000 415.778 0.000 448.423 0.000
474.164 569.024 0.000 0.000 754.941 0.000 543.993 0.000
636.118 937.148 762.780 0.000 381.078 0.000 638.634 849.817
0.000 354.333 0.000 0.000 0.000 0.000 311.890 829.097
707.035 0.000 0.000 0.000 325.146 0.000 0.000 640.063
793.825 0.000 974.523 759.258 463.950 0.000 305.832 0.000
0.000 0.000 0.000 826.844 711.965 488.053 690.974 448.825
624.209 784.270 701.014 0.000 662.964 0.000 0.000 932.811
0.000 567.875 0.000 392.677 0.000 673.865 873.260 0.000
614.123 640.083 450.293 0.000 707.582 0.000 0.000 404.089
0.000 0.000 697.501 0.000 952.493 0.000 778.605 0.000
314.034 506.443 449.745 574.493 547.188 0.000 0.000 0.000
340.381 0.000 937.194 0.000 0.000 716.104 344.182 0.000
926.265 0.000 0.000 928.473 601.572 566.849 0.000 0.000
642.142 0.000 619.430 0.000 863.203 559.822 0.000 708.866
355.014 537.914 554.809 0.000 637.083 0.000 730.264 0.000
0.000 527.640 709.373 890.300 481.147 556.615 930.046 432.132
0.000 0.000 0.000 381.269 0.000 0.000 398.766 0.000
904.892 0.000 346.325 346.954 334.218 0.000 0.000 943.159
0.000 708.449 0.000 815.405 811.443 479.574 329.050 626.505
0.000 664.573 0.000 0.000 0.000 0.000 0.000 0.000
0.000 0.000 0.000 364.705 0.000 0.000 0.000 0.000
0.000 0.000 315.713 315.892 734.124 0.000 348.107 503.418
789.180 0.000 366.094 565.668 0.000 811.444 663.956 557.381
0.000 0.000 377.280 774.680 0.000 413.285 0.000 813.612
0.000 0.000 0.000 0.000 626.179 0.000 0.000 380.995
883.209 0.000 0.000 755.046 0.000 0.000 742.745 402.323
856.032 0.000 456.597 971.524 339.986 336.601 384.842 424.126
538.428 0.000 490.813 596.006 0.000 0.000 0.000 0.000
0.000 849.767 561.733 422.578 382.884 0.000 0.000 0.000
872.793 0.000 869.376 994.360 400.994 0.000 925.714 0.000
0.000 799.084 0.000 0.000 980.602 861.362 680.794 317.371
0.000 958.122 0.000 592.685 0.000 0.000 745.606 0.000
849.903 0.000 990.973 754.917 396.699 0.000 779.951 0.000
621.437 705.862 379.031 0.000 0.000 584.526 0.000 398.256
0.000 0.000 0.000 0.000 0.000 626.082 0.000 483.793
335.280 0.000 0.000 397.019 0.000 682.318 748.400 331.121
0.000 641.078 0.000 0.000 0.000 0.000 0.000 690.395
418.145 0.000 460.222 849.529 356.568 0.000 0.000 0.000
0.000 399.707 0.000 315.766 0.000 881.724 0.000 0.000
557.651 623.083 0.000 0.000 0.000 0.000 464.216 0.000
543.795 0.000 581.673 705.116 367.519 0.000 520.850 0.000
591.769 0.000 546.993 830.036 0.000 0.000 583.275 0.000
0.000 809.562 950.090 621.700 680.795 0.000 0.000 0.000
806.037 919.345 0.000 0.000 0.000 750.922 0.000 972.119
388.850 514.802 0.000 0.000 0.000 0.000 0.000 0.000
750.716 0.000 0.000 0.000 0.000 395.700 944.032 516.988
0.000 0.000 0.000 644.644 0.000 860.686 673.425 0.000
0.000 452.822 461.914 793.135 0.000 987.845 358.947 840.013
612.362 0.000 778.701 0.000 0.000 0.000 0.000 0.000
0.000 0.000 480.144 546.221 0.000 309.237 356.106 917.995
0.000 0.000 0.000 0.000 840.860 0.000 903.353 0.000
790.804 850.213 700.362 0.000 0.000 354.380 357.592 633.639
686.170 605.182 770.953 342.659 0.000 0.000 320.231 427.413
595.819 0.000 0.000 907.916 0.000 316.306 707.966 0.000
584.297 306.233 0.000 501.072 725.169 0.000 0.000 0.000
443.110 0.000 344.252 529.383 0.000 842.207 830.400 0.000
655.121 0.000 0.000 0.000 350.422 370.729 0.000 393.327
490.128 0.000 0.000 712.165 556.661 0.000 505.842 843.343
956.127 726.133 0.000 0.000 0.000 901.073 848.016 732.292
0.000 971.687 520.668 524.514 963.210 589.233 0.000 579.363
576.948 0.000 0.000 0.000 749.783 511.461 0.000 391.379
0.000 657.921 304.746 626.574 0.000 0.000 480.544 0.000
613.168 916.076 609.620 0.000 447.487 471.302 0.000 0.000
964.728 786.215 491.226 981.667 0.000 609.874 0.000 479.428
0.000 931.541 0.000 0.000 767.635 0.000 690.992 924.655
0.000 0.000 0.000 0.000 801.852 0.000 0.000 809.068
0.000 0.000 0.000 795.103 959.740 0.000 972.691 780.543
601.174 941.093 0.000 0.000 0.000 985.711 961.460 345.661
0.000 436.489 0.000 0.000 619.956 0.000 0.000 726.380
968.888 0.000 0.000 0.000 330.996 0.000 0.000 770.539
350.770 949.628 536.385 0.000 773.661 0.000 983.906 860.560
0.000 0.000 0.000 534.936 0.000 0.000 307.240 0.000
759.362 951.749 929.276 0.000 969.644 544.715 345.079 334.649
0.000 636.588 0.000 0.000 0.000 0.000 0.000 553.730
899.694 0.000 544.605 0.000 0.000 813.770 0.000 0.000
0.000 978.448 0.000 774.565 0.000 745.001 0.000 326.216
526.989 675.808 0.000 724.216 0.000 0.000 818.768 858.657
0.000 340.443 529.018 0.000 0.000 0.000 0.000 0.000
0.000 763.325 979.007 471.082 560.161 920.506 0.000 0.000
0.000 440.862 351.433 0.000 892.410 597.367 709.559 313.194
666.875 0.000 0.000 0.000 664.316 501.901 978.307 0.000
507.702 0.000 0.000 0.000 0.000 0.000 0.000 540.742
449.975 999.264 0.000 710.907 842.450 871.489 935.169 937.364
300.906 536.895 0.000 317.290 491.895 0.000 620.215 0.000
0.000 624.587 333.936 0.000 0.000 0.000 355.408 0.000
899.538 0.000 0.000 619.979 886.873 610.344 707.750 462.838
829.079 883.865 476.515 0.000 355.031 740.651 0.000 0.000
0.000 715.198 832.531 0.000 0.000 762.976 616.221 908.291
0.000 542.151 0.000 0.000 607.738 965.648 555.782 0.000
0.000 403.323 0.000 0.000 653.585 0.000 0.000 0.000
920.600 482.038 0.000 0.000 0.000 0.000 0.000 0.000
925.630 704.749 0.000 667.726 538.759 0.000 0.000 0.000
420.474 0.000 0.000 0.000 0.000 840.279 0.000 0.000
0.000 0.000 0.000 0.000 766.642 0.000 726.684 880.735
0.000 0.000 0.000 0.000 722.129 0.000 0.000 0.000
768.815 677.299 771.322 0.000 0.000 530.890 0.000 485.949
0.000 0.000 711.909 0.000 705.529 0.000 0.000 0.000
863.327 0.000 419.744 989.017 0.000 893.408 790.334 0.000
0.000 0.000 685.462 0.000 0.000 0.000 0.000 0.000
887.381 0.000 0.000 0.000 577.915 0.000 0.000 560.768
376.675 840.098 859.637 587.177 0.000 429.415 0.000 0.000
419.698 526.255 0.000 743.900 974.559 923.259 639.895 432.517
450.626 0.000 0.000 677.474 0.000 447.225 0.000 348.673
0.000 537.648 582.559 530.831 325.114 423.887 335.101 964.850
0.000 463.500 489.879 740.013 455.477 834.698 950.665 0.000
460.394 0.000 903.604 903.580 990.589 891.772 0.000 0.000
597.139 0.000 0.000 0.000 390.094 0.000 0.000 0.000
726.986 352.187 0.000 0.000 0.000 512.380 0.000 402.364
961.049 457.333 966.570 0.000 951.215 547.076 470.185 0.000
0.000 0.000 0.000 770.577 0.000 571.617 729.965 686.750
0.000 417.428 415.387 0.000 0.000 0.000 947.631 0.000
642.101 0.000 0.000 0.000 933.341 0.000 0.000 691.086
0.000 0.000 0.000 0.000 340.183 397.932 677.011 894.222
391.634 362.344 0.000 0.000 0.000 338.927 590.796 645.815
881.522 875.138 0.000 0.000 430.888 0.000 0.000 860.994
0.000 549.259 0.000 718.310 0.000 640.652 0.000 0.000
502.511 997.805 797.111 0.000 583.603 827.602 403.444 761.637
0.000 382.960 0.000 0.000 687.034 568.507 0.000 829.955
0.000 702.774 0.000 0.000 723.776 571.634 0.000 811.171
0.000 930.574 959.097 0.000 543.209 0.000 638.451 418.366
504.685 655.923 515.397 0.000 599.296 870.532 0.000 0.000
0.000 0.000 0.000 0.000 0.000 846.126 808.618 0.000
404.214 0.000 0.000 0.000 0.000 0.000 0.000 0.000
701.875 490.981 402.473 0.000 0.000 430.343 603.601 544.814
0.000 0.000 680.790 474.966 0.000 857.381 0.000 0.000
796.233 0.000 737.932 333.926 677.771 640.129 0.000 0.000
0.000 0.000 0.000 0.000 506.332 0.000 998.308 613.707
0.000 0.000 881.778 0.000 942.546 0.000 0.000 0.000
376.767 700.836 0.000 0.000 949.192 0.000 0.000 0.000
0.000 0.000 519.695 553.715 557.525 673.118 527.984 321.729
734.766 0.000 0.000 891.994 528.791 834.525 0.000 908.755
0.000 443.810 0.000 999.091 0.000 674.020 0.000 526.709
0.000 541.594 0.000 755.601 0.000 0.000 0.000 0.000
510.927 0.000 930.017 0.000 0.000 365.937 845.202 0.000
0.000 707.283 0.000 427.896 0.000 0.000 0.000 802.631
882.553 624.235 0.000 473.641 0.000 0.000 392.130 0.000
479.691 0.000 856.986 0.000 906.102 0.000 782.258 0.000
0.000 0.000 0.000 757.034 458.440 575.665 709.045 920.943
651.181 454.341 318.784 0.000 0.000 0.000 790.412 0.000
410.228 645.110 0.000 565.652 678.726 909.809 0.000 0.000
0.000 0.000 0.000 567.980 675.303 0.000 0.000 0.000
0.000 0.000 367.811 432.236 0.000 726.282 874.808 349.470
897.535 410.125 0.000 652.914 512.527 340.180 0.000 0.000
0.000 326.133 0.000 0.000 690.718 0.000 0.000 723.965
0.000 929.539 615.014 447.468 472.448 745.019 0.000 0.000
634.847 834.390 0.000 0.000 764.924 361.621 804.935 971.073
0.000 378.885 0.000 650.893 866.676 0.000 0.000 0.000
464.284 673.340 665.623 0.000 372.207 646.680 382.059 907.321
698.841 0.000 537.956 620.197 470.648 767.799 944.390 732.691
573.484 0.000 0.000 919.708 769.874 328.013 0.000 0.000
840.097 772.635 0.000 402.977 930.364 552.964 0.000 522.576
695.960 0.000 0.000 0.000 0.000 0.000 0.000 818.668
893.812 493.722 333.241 857.723 794.064 783.327 541.591 0.000
928.886 0.000 659.832 0.000 956.624 0.000 925.351 0.000
0.000 938.218 795.094 0.000 342.576 0.000 0.000 527.347
0.000 0.000 0.000 0.000 449.735 599.137 560.000 472.197
0.000 609.271 825.780 861.503 356.124 600.575 0.000 0.000
0.000 0.000 0.000 0.000 0.000 0.000 873.136 974.253
0.000 0.000 0.000 0.000 0.000 0.000 646.023 606.092
0.000 0.000 0.000 0.000 441.660 0.000 903.022 768.032
446.038 0.000 0.000 683.847 358.588 0.000 0.000 744.654
0.000 0.000 0.000 654.020 397.271 997.730 0.000 970.620
413.934 661.634 0.000 0.000 828.023 0.000 0.000 312.278
802.220 983.323 421.594 531.845 951.411 0.000 0.000 0.000
0.000 939.178 0.000 671.134 0.000 405.213 0.000 376.247
0.000 880.337 0.000 834.734 566.778 700.762 0.000 0.000
328.746 0.000 934.785 681.579 626.044 0.000 0.000 0.000
480.324 0.000 477.611 0.000 690.462 0.000 472.517 518.313
582.573 877.934 977.816 0.000 0.000 0.000 0.000 855.352
833.717 735.989 0.000 0.000 407.216 0.000 0.000 0.000
794.564 931.862 674.530 553.823 0.000 0.000 0.000 869.782
0.000 0.000 0.000 475.013 0.000 872.832 0.000 477.532
637.659 370.991 837.233 918.593 0.000 746.826 654.795 782.154
566.507 453.505 961.341 0.000 0.000 0.000 0.000 0.000
961.631 0.000 596.174 627.108 0.000 800.660 0.000 0.000
501.198 719.596 859.058 0.000 0.000 0.000 0.000 0.000
0.000 328.860 0.000 0.000 777.965 551.711 727.276 746.012
0.000 611.907 0.000 836.135 661.956 0.000 0.000 430.477
962.474 0.000 408.639 533.406 0.000 747.671 509.725 457.374
987.360 0.000 0.000 430.626 0.000 764.357 636.893 0.000
717.007 0.000 773.462 426.427 0.000 0.000 795.741 0.000
805.779 0.000 0.000 0.000 0.000 529.322 907.791 457.293
821.364 0.000 0.000 0.000 0.000 0.000 801.090 743.533
934.175 753.377 0.000 353.546 0.000 0.000 0.000 0.000
0.000 0.000 0.000 0.000 0.000 0.000 755.272 0.000
0.000 0.000 0.000 741.638 373.072 670.128 442.774 357.777
835.717 431.985 0.000 577.634 0.000 520.336 365.700 811.202
544.307 369.321 0.000 0.000 0.000 362.062 565.866 834.858
0.000 790.897 0.000 0.000 0.000 369.544 736.559 456.927
784.249 0.000 0.000 301.439 714.669 751.909 722.162 966.461
0.000 760.225 459.025 898.657 471.750 428.982 0.000 745.749
733.084 701.983 735.606 0.000 0.000 738.427 0.000 713.618
0.000 0.000 0.000 0.000 0.000 0.000 915.794 0.000
0.000 0.000 837.257 0.000 329.926 0.000 0.000 0.000
0.000 750.702 0.000 0.000 654.502 455.763 0.000 914.144
435.628 0.000 437.580 0.000 0.000 322.595 0.000 653.107
0.000 600.819 437.958 0.000 0.000 0.000 970.721 0.000
540.013 0.000 0.000 813.503 0.000 826.713 328.801 621.535
358.059 735.527 0.000 0.000 0.000 0.000 0.000 763.787
0.000 689.325 892.626 0.000 569.151 667.863 0.000 537.039
0.000 740.943 0.000 0.000 0.000 0.000 0.000 0.000
550.865 0.000 0.000 0.000 0.000 446.989 0.000 347.301
562.126 0.000 0.000 0.000 907.160 0.000 871.708 0.000
606.604 456.037 480.476 0.000 566.253 0.000 592.708 0.000
0.000 761.282 833.269 420.944 0.000 0.000 665.943 0.000
860.779 787.663 380.044 423.600 633.975 873.751 668.144 323.313
987.726 0.000 0.000 0.000 899.234 485.542 0.000 0.000
909.946 0.000 787.939 0.000 324.011 933.650 679.530 0.000
0.000 0.000 0.000 563.752 0.000 895.307 895.590 0.000
0.000 0.000 0.000 601.296 0.000 811.962 0.000 0.000
620.228 0.000 629.460 0.000 0.000 0.000 539.860 0.000
0.000 466.508 838.648 0.000 602.384 449.423 0.000 630.012
376.599 0.000 786.046 388.449 496.702 0.000 0.000 0.000
731.855 0.000 0.000 0.000 0.000 0.000 0.000 353.685
0.000 0.000 511.246 641.407 327.974 825.268 0.000 992.396
309.004 738.058 496.807 440.433 996.967 759.325 676.980 0.000
340.875 0.000 998.244 403.672 635.938 910.316 0.000 0.000
317.792 413.371 0.000 605.262 0.000 881.007 635.437 792.900
446.053 0.000 587.644 913.682 0.000 0.000 938.645 0.000
0.000 688.998 0.000 0.000 0.000 495.401 614.439 443.192
917.353 775.478 0.000 0.000 415.928 0.000 0.000 753.798
949.876 519.092 0.000 429.269 317.829 0.000 760.654 0.000
0.000 572.366 355.504 388.509 0.000 839.530 715.716 834.858
0.000 634.432 949.860 0.000 0.000 0.000 969.029 0.000
0.000 752.890 659.931 537.540 0.000 588.491 567.043 0.000
853.663 0.000 0.000 685.849 0.000 448.341 704.618 318.332
872.321 0.000 805.133 0.000 993.083 818.071 0.000 0.000
0.000 730.205 0.000 0.000 446.936 760.852 0.000 357.552
315.590 0.000 354.423 0.000 775.737 0.000 0.000 748.836
889.412 0.000 828.017 884.695 867.802 674.122 0.000 0.000
486.042 648.482 0.000 356.941 381.242 314.272 0.000 0.000
0.000 598.117 850.665 0.000 0.000 0.000 0.000 0.000
697.643 974.164 428.790 359.346 0.000 976.264 0.000 0.000
0.000 541.229 0.000 514.317 0.000 517.200 0.000 765.395
556.281 0.000 529.197 0.000 521.935 426.968 0.000 395.249
0.000 0.000 0.000 0.000 958.994 0.000 0.000 0.000
0.000 732.922 634.056 896.659 483.505 565.058 0.000 0.000
0.000 529.938 0.000 0.000 476.093 368.417 0.000 853.895
0.000 0.000 0.000 986.711 496.954 785.324 942.213 0.000
0.000 767.791 0.000 0.000 564.946 494.801 456.956 809.753
0.000 388.514 0.000 691.131 534.526 0.000 0.000 359.326
0.000 837.880 724.370 0.000 0.000 911.672 442.435 467.749
0.000 927.465 0.000 0.000 654.903 0.000 551.211 0.000
0.000 523.272 835.978 844.776 398.416 634.590 651.023 0.000
887.075 0.000 978.405 835.224 751.140 0.000 0.000 968.558
0.000 0.000 552.436 424.628 0.000 741.831 0.000 721.386
0.000 935.705 699.956 0.000 0.000 624.915 971.984 0.000
0.000 558.739 0.000 0.000 915.965 0.000 642.821 0.000
0.000 944.410 351.811 967.873 0.000 0.000 0.000 728.872
478.344 0.000 0.000 0.000 0.000 431.305 740.853 0.000
429.850 362.676 947.644 0.000 0.000 0.000 475.076 0.000
0.000 832.314 0.000 661.022 551.254 0.000 0.000 446.553
936.059 902.660 0.000 0.000 0.000 763.314 946.940 749.249
0.000 387.472 607.842 807.767 442.665 872.038 0.000 435.162
0.000 410.569 467.282 0.000 558.751 397.167 0.000 996.372
0.000 742.668 0.000 0.000 0.000 0.000 0.000 0.000
0.000 0.000 702.015 993.851 0.000 0.000 716.218 410.418
0.000 526.789 419.442 838.777 420.708 305.247 388.315 939.939
0.000 0.000 0.000 0.000 0.000 773.537 334.507 0.000
868.974 0.000 971.804 390.218 0.000 778.300 0.000 0.000
829.734 997.840 0.000 600.210 0.000 632.255 322.088 787.463
0.000 751.126 597.273 792.052 0.000 387.132 0.000 636.355
0.000 841.640 880.779 0.000 0.000 490.465 0.000 0.000
429.592 0.000 0.000 782.970 716.947 945.479 0.000 858.039
925.264 0.000 768.970 0.000 0.000 783.908 0.000 0.000
0.000 830.596 0.000 834.486 0.000 761.900 0.000 651.927
494.591 0.000 0.000 707.940 333.990 633.813 678.891 821.482
0.000 353.064 0.000 855.537 0.000 0.000 812.585 0.000
644.074 0.000 0.000 828.027 0.000 523.761 995.405 0.000
0.000 0.000 0.000 0.000 0.000 886.571 0.000 848.177
818.311 469.007 0.000 0.000 322.915 440.412 531.632 0.000
784.772 0.000 0.000 0.000 0.000 0.000 860.688 581.564
0.000 884.385 461.296 484.795 427.335 742.269 590.366 0.000
346.367 0.000 599.038 970.689 589.684 949.188 320.230 0.000
0.000 0.000 564.076 0.000 0.000 0.000 0.000 882.264
817.795 0.000 0.000 0.000 735.082 0.000 559.524 0.000
606.962 722.014 758.478 0.000 474.669 0.000 0.000 0.000
0.000 616.807 0.000 0.000 0.000 0.000 0.000 0.000
0.000 0.000 0.000 0.000 0.000 758.201 646.975 329.296
777.442 0.000 620.043 417.581 0.000 0.000 959.839 0.000
480.962 660.408 0.000 497.114 647.234 423.218 0.000 0.000
0.000 338.591 0.000 0.000 0.000 319.954 718.979 0.000
0.000 0.000 539.148 0.000 930.880 0.000 0.000 549.298
0.000 806.014 821.430 914.619 393.010 0.000 0.000 0.000
382.327 846.512 477.376 0.000 0.000 544.192 670.723 612.599
0.000 928.159 0.000 0.000 0.000 984.307 0.000 0.000
0.000 0.000 0.000 622.373 0.000 628.215 0.000 613.355
0.000 0.000 613.436 572.266 885.184 360.525 0.000 368.192
0.000 0.000 432.168 868.152 711.170 607.202 0.000 0.000
398.890 0.000 492.748 447.239 0.000 0.000 0.000 0.000
0.000 584.682 974.774 686.576 384.450 0.000 473.990 0.000
513.849 994.034 553.909 0.000 649.219 309.299 340.283 914.367
0.000 0.000 0.000 0.000 654.090 483.129 0.000 0.000
508.130 0.000 0.000 566.445 847.016 933.889 999.820 740.754
655.160 959.975 315.440 457.375 477.912 0.000 532.354 0.000
472.352 808.952 0.000 0.000 931.066 629.799 0.000 686.093
0.000 0.000 427.393 862.006 0.000 528.047 0.000 984.857
920.997 638.016 0.000 0.000 0.000 0.000 0.000 989.874
0.000 0.000 0.000 351.962 0.000 0.000 953.147 685.196
597.136 370.669 418.867 651.423 739.606 0.000 0.000 0.000
983.537 0.000 0.000 799.457 834.448 0.000 0.000 0.000
575.280 0.000 960.779 896.419 350.413 0.000 751.737 997.035
0.000 539.283 0.000 484.245 408.561 318.899 0.000 0.000
0.000 0.000 848.608 969.188 495.326 0.000 0.000 0.000
328.471 0.000 668.164 837.976 0.000 0.000 0.000 0.000
696.631 665.873 0.000 0.000 585.326 0.000 0.000 929.907
0.000 0.000 0.000 0.000 653.686 0.000 0.000 0.000
0.000 0.000 350.345 313.000 0.000 0.000 0.000 0.000
0.000 0.000 0.000 0.000 0.000 539.176 0.000 371.036
504.890 714.760 451.790 0.000 0.000 0.000 0.000 588.781
364.458 503.513 0.000 0.000 0.000 458.451 657.500 702.143
0.000 0.000 0.000 0.000 0.000 0.000 795.789 0.000
0.000 0.000 0.000 0.000 0.000 0.000 0.000 542.319
541.914 526.686 0.000 856.827 806.404 359.095 480.131 719.201
0.000 780.202 0.000 0.000 888.669 0.000 0.000 938.005
0.000 966.272 0.000 488.064 0.000 685.770 581.284 0.000
510.618 613.139 0.000 731.313 601.345 0.000 661.370 978.908
0.000 0.000 605.510 0.000 0.000 747.437 0.000 0.000
373.922 596.018 0.000 0.000 806.717 669.373 735.455 499.051
0.000 792.812 809.379 0.000 714.735 408.301 875.313 878.348
0.000 702.724 0.000 433.951 557.777 0.000 0.000 797.483
0.000 0.000 0.000 782.958 0.000 981.047 0.000 648.987
0.000 308.315 990.229 0.000 951.387 0.000 727.495 500.848
0.000 346.752 0.000 783.822 0.000 947.661 0.000 0.000
325.359 0.000 848.433 329.503 0.000 0.000 695.882 0.000
0.000 0.000 0.000 0.000 0.000 0.000 508.876 942.496
0.000 487.376 672.535 304.912 558.272 579.989 638.377 0.000
523.464 0.000 0.000 0.000 916.863 0.000 0.000 0.000
0.000 0.000 890.922 0.000 0.000 622.793 903.349 0.000
0.000 487.932 804.545 0.000 0.000 905.973 0.000 0.000
847.594 0.000 0.000 940.511 466.613 0.000 0.000 0.000
464.004 388.574 0.000 0.000 0.000 0.000 341.317 402.210
665.527 0.000 964.707 0.000 0.000 782.079 0.000 0.000
407.778 0.000 0.000 304.020 0.000 677.129 0.000 699.303
512.178 0.000 927.645 820.895 806.653 0.000 381.413 0.000
443.555 0.000 0.000 0.000 545.918 0.000 0.000 979.587
0.000 654.280 941.884 0.000 949.241 768.425 0.000 0.000
982.741 617.788 569.270 943.502 664.995 314.359 786.515 0.000
0.000 679.190 974.238 924.986 672.855 494.467 955.964 979.418
406.865 0.000 0.000 890.917 452.625 0.000 941.054 0.000
0.000 0.000 945.046 0.000 956.904 0.000 0.000 336.033
0.000 0.000 0.000 590.053 433.602 499.555 649.821 0.000
0.000 0.000 0.000 0.000 0.000 676.478 777.205 0.000
0.000 0.000 0.000 796.739 676.668 840.778 0.000 0.000
0.000 0.000 0.000 0.000 0.000 0.000 0.000 940.367
0.000 442.018 897.807 881.483 0.000 309.817 590.507 720.849
0.000 0.000 0.000 778.936 0.000 0.000 0.000 816.016
0.000 345.558 506.661 943.475 379.028 765.694 598.138 528.530
0.000 937.934 684.494 0.000 0.000 797.248 0.000 946.226
0.000 0.000 0.000 0.000 792.838 0.000 0.000 0.000
0.000 846.486 584.481 723.288 450.040 438.219 564.413 349.584
604.384 418.340 0.000 0.000 772.250 0.000 324.508 844.453
869.731 696.749 0.000 0.000 397.153 398.344 832.731 538.452
0.000 532.607 0.000 0.000 0.000 0.000 0.000 0.000
968.511 0.000 629.679 478.390 578.638 0.000 0.000 0.000
914.391 597.894 653.741 766.374 0.000 687.309 0.000 526.997
772.849 894.104 691.287 0.000 786.141 0.000 0.000 731.158
0.000 827.126 0.000 0.000 0.000 372.674 0.000 0.000
768.534 583.472 655.376 554.238 0.000 501.593 0.000 746.875
419.517 0.000 0.000 0.000 573.209 0.000 361.111 353.860
0.000 981.876 0.000 0.000 0.000 463.725 0.000 0.000
814.459 960.920 0.000 604.995 0.000 306.013 0.000 0.000
0.000 0.000 0.000 0.000 0.000 0.000 0.000 571.260
0.000 0.000 768.047 0.000 0.000 0.000 0.000 0.000
585.045 0.000 0.000 0.000 583.508 300.544 0.000 0.000
667.514 308.848 0.000 802.151 917.114 721.869 0.000 0.000
0.000 0.000 0.000 0.000 0.000 0.000 533.903 0.000
0.000 0.000 0.000 0.000 588.601 0.000 0.000 579.830
0.000 985.074 495.196 716.887 694.646 0.000 0.000 0.000
0.000 0.000 366.293 657.363 0.000 550.020 0.000 305.899
334.564 350.262 0.000 0.000 843.328 472.532 500.189 988.856
0.000 0.000 523.624 0.000 677.157 0.000 624.566 0.000
656.405 0.000 0.000 546.746 0.000 0.000 856.396 0.000
0.000 853.698 545.570 0.000 568.039 342.094 909.959 604.823
