898.468 500.163 655.441 0.000 0.000 950.681 833.142 546.475
501.481 643.650 516.675 0.000 0.000 0.000 0.000 0.000
494.080 0.000 397.630 361.575 848.960 629.878 787.783 0.000
539.461 772.343 0.000 569.410 0.000 993.557 991.399 432.576
0.000 839.191 520.309 711.752 0.000 0.000 363.003 0.000
576.472 0.000 585.199 670.337 628.872 0.000 823.775 0.000
410.283 0.000 0.000 758.277 759.819 0.000 767.541 0.000
407.982 305.267 363.121 945.335 463.942 0.000 814.999 0.000
963.617 408.471 344.186 909.209 897.992 471.348 0.000 0.000
0.000 0.000 357.965 773.877 583.693 980.603 800.784 404.436
0.000 465.952 0.000 562.655 840.368 0.000 303.486 533.477
356.188 818.491 850.798 917.817 0.000 655.344 0.000 0.000
0.000 0.000 0.000 0.000 711.396 728.929 0.000 0.000
0.000 829.542 819.725 0.000 450.844 0.000 707.838 586.522
0.000 332.022 495.273 0.000 436.127 301.474 0.000 635.739
363.029 0.000 641.091 624.335 891.475 0.000 0.000 0.000
473.123 0.000 762.356 522.947 0.000 475.933 412.456 788.674
519.897 0.000 569.555 450.357 841.253 730.829 0.000 0.000
0.000 0.000 578.774 0.000 848.680 0.000 313.011 0.000
781.205 0.000 964.231 0.000 0.000 0.000 0.000 0.000
0.000 0.000 0.000 494.119 0.000 831.316 755.089 866.688
333.864 678.881 543.610 662.601 0.000 0.000 779.970 0.000
575.727 0.000 0.000 0.000 573.563 0.000 0.000 0.000
0.000 0.000 0.000 0.000 0.000 947.361 916.191 0.000
0.000 803.062 0.000 0.000 0.000 0.000 0.000 346.023
653.486 885.992 0.000 802.547 0.000 847.406 0.000 639.770
0.000 923.433 330.659 960.409 0.000 0.000 403.177 0.000
613.283 906.146 0.000 0.000 626.906 0.000 573.284 786.739
896.135 454.799 0.000 0.000 379.542 311.815 0.000 525.293
909.046 0.000 490.550 0.000 889.865 0.000 715.888 471.903
758.649 0.000 0.000 0.000 959.470 348.393 465.279 0.000
863.680 666.578 0.000 0.000 0.000 0.000 0.000 840.220
0.000 0.000 427.310 0.000 767.298 444.312 438.993 0.000
0.000 0.000 422.850 544.806 0.000 0.000 743.232 379.368
0.000 692.980 413.862 0.000 0.000 0.000 0.000 510.005
891.177 812.464 0.000 0.000 468.438 0.000 815.393 0.000
0.000 811.088 909.244 0.000 588.059 830.996 712.401 511.610
949.639 0.000 537.621 0.000 816.457 588.572 910.531 0.000
832.512 0.000 815.037 0.000 831.693 0.000 0.000 407.913
0.000 0.000 0.000 0.000 415.664 0.000 956.767 971.282
0.000 0.000 352.729 0.000 0.000 333.199 786.228 0.000
0.000 0.000 870.952 0.000 407.836 0.000 0.000 0.000
0.000 999.562 0.000 0.000 0.000 0.000 0.000 642.615
823.472 615.604 0.000 691.200 0.000 732.945 468.959 452.775
0.000 0.000 763.526 0.000 683.199 0.000 903.339 0.000
488.799 0.000 0.000 0.000 0.000 0.000 0.000 970.929
351.493 574.618 0.000 0.000 470.790 943.937 0.000 0.000
699.845 0.000 364.295 823.733 0.000 0.000 0.000 630.395
786.265 0.000 561.445 0.000 744.414 609.198 516.731 0.000
0.000 987.291 709.683 0.000 0.000 528.370 384.733 413.310
0.000 726.183 458.057 998.497 0.000 626.975 829.110 860.340
0.000 985.885 471.943 0.000 451.214 0.000 0.000 406.466
0.000 661.969 784.979 705.631 0.000 0.000 0.000 822.910
565.341 400.199 516.937 0.000 0.000 0.000 622.776 771.703
0.000 589.047 0.000 998.157 0.000 931.996 521.128 0.000
0.000 802.750 484.243 826.801 505.295 0.000 0.000 0.000
0.000 0.000 798.129 635.545 800.116 324.015 797.748 0.000
0.000 0.000 0.000 0.000 0.000 517.213 0.000 0.000
0.000 0.000 0.000 0.000 0.000 352.634 0.000 392.681
0.000 0.000 936.936 0.000 613.781 0.000 604.017 0.000
0.000 652.431 578.183 416.343 0.000 421.138 0.000 484.344
0.000 775.918 0.000 0.000 0.000 0.000 540.324 0.000
941.976 606.173 467.577 0.000 810.639 0.000 589.606 950.128
0.000 0.000 0.000 0.000 533.206 436.924 0.000 856.456
0.000 0.000 656.218 0.000 0.000 0.000 473.888 785.796
0.000 916.002 0.000 0.000 0.000 375.024 814.301 0.000
628.940 492.664 0.000 746.905 897.547 364.510 0.000 758.203
0.000 0.000 686.913 310.112 840.439 539.976 799.091 667.350
0.000 885.437 0.000 0.000 0.000 781.032 448.767 0.000
0.000 965.973 556.115 455.000 0.000 0.000 618.283 0.000
0.000 393.088 0.000 305.558 0.000 529.878 727.708 0.000
657.601 0.000 0.000 0.000 0.000 582.492 0.000 315.888
946.139 644.081 849.410 501.744 0.000 0.000 680.795 0.000
0.000 506.759 834.893 877.570 345.686 992.805 0.000 636.291
974.715 0.000 0.000 0.000 0.000 991.176 865.579 0.000
0.000 939.052 0.000 0.000 0.000 920.771 620.023 773.727
0.000 0.000 835.275 0.000 0.000 0.000 0.000 965.038
730.064 477.120 0.000 0.000 0.000 0.000 0.000 0.000
739.249 641.363 664.706 0.000 403.430 509.295 829.528 779.107
332.005 0.000 0.000 494.583 866.595 0.000 707.169 370.032
638.027 0.000 0.000 0.000 0.000 679.658 0.000 0.000
969.283 0.000 366.037 665.040 0.000 763.620 0.000 0.000
0.000 0.000 315.697 0.000 0.000 587.849 339.586 0.000
0.000 791.566 0.000 0.000 0.000 0.000 0.000 941.226
0.000 870.171 0.000 981.398 856.770 677.741 699.465 0.000
0.000 0.000 567.761 0.000 0.000 0.000 815.741 781.032
0.000 0.000 0.000 440.428 0.000 0.000 800.002 0.000
584.312 0.000 749.712 0.000 570.256 739.917 0.000 0.000
411.174 736.890 0.000 583.655 584.148 308.794 0.000 0.000
307.972 955.171 0.000 0.000 332.237 677.165 0.000 800.724
460.993 0.000 486.332 735.539 964.520 0.000 634.140 0.000
416.802 547.746 0.000 800.214 0.000 502.474 0.000 893.180
0.000 607.397 892.547 0.000 0.000 0.000 966.955 761.061
0.000 635.795 0.000 0.000 514.755 810.614 774.867 448.047
0.000 438.061 998.339 949.508 582.987 688.878 0.000 0.000
580.314 0.000 0.000 0.000 0.000 0.000 418.833 0.000
833.278 302.364 0.000 969.793 0.000 0.000 474.711 945.089
841.418 671.053 651.525 694.266 853.792 528.928 0.000 0.000
0.000 804.236 0.000 655.123 920.767 0.000 348.649 0.000
569.255 815.581 0.000 793.274 738.894 0.000 0.000 0.000
0.000 615.486 757.852 394.086 544.945 988.270 740.384 0.000
0.000 0.000 0.000 316.450 664.617 339.824 837.406 445.016
0.000 0.000 621.981 575.192 0.000 0.000 319.702 416.076
300.529 709.810 0.000 715.384 909.686 949.734 0.000 557.774
544.755 768.223 0.000 0.000 0.000 0.000 863.482 618.993
0.000 0.000 0.000 0.000 650.212 0.000 0.000 0.000
949.252 394.280 0.000 0.000 0.000 879.105 427.302 0.000
731.676 0.000 0.000 751.243 0.000 768.308 965.084 764.868
537.231 337.289 702.424 819.616 744.224 434.219 850.890 0.000
0.000 0.000 992.083 0.000 0.000 335.546 0.000 357.952
905.770 645.795 531.075 995.968 0.000 727.122 0.000 0.000
764.304 0.000 358.162 962.401 549.206 0.000 0.000 0.000
983.052 471.144 998.210 0.000 0.000 0.000 0.000 444.724
819.130 995.400 672.668 993.408 941.712 0.000 0.000 0.000
0.000 0.000 0.000 0.000 0.000 0.000 640.594 399.656
0.000 563.412 919.673 0.000 0.000 0.000 588.730 0.000
0.000 515.530 778.587 0.000 985.466 0.000 0.000 0.000
0.000 917.066 0.000 0.000 0.000 0.000 0.000 0.000
0.000 0.000 865.541 0.000 594.565 535.137 0.000 707.458
0.000 0.000 0.000 0.000 0.000 0.000 435.948 853.162
0.000 495.367 0.000 501.603 660.938 0.000 384.175 646.534
0.000 861.967 469.135 442.434 756.175 0.000 0.000 0.000
0.000 0.000 0.000 735.501 558.114 0.000 659.726 327.360
616.348 615.043 577.291 611.348 847.111 526.045 903.376 393.795
0.000 0.000 329.602 0.000 344.600 0.000 612.412 662.695
0.000 0.000 0.000 0.000 0.000 0.000 0.000 904.354
0.000 0.000 0.000 300.834 0.000 465.819 527.870 983.318
0.000 905.204 958.692 595.810 0.000 0.000 716.706 0.000
541.688 916.527 0.000 758.968 0.000 0.000 0.000 0.000
471.640 0.000 0.000 0.000 733.415 0.000 0.000 0.000
433.029 0.000 0.000 0.000 0.000 0.000 0.000 623.773
0.000 799.346 0.000 541.011 747.785 0.000 0.000 0.000
755.561 382.114 0.000 0.000 0.000 669.685 0.000 963.270
368.349 0.000 0.000 517.297 0.000 347.223 0.000 368.215
0.000 444.461 0.000 0.000 0.000 436.693 0.000 510.965
0.000 0.000 0.000 0.000 863.263 848.821 901.551 0.000
460.336 0.000 983.802 0.000 814.558 341.851 384.398 0.000
0.000 375.676 0.000 681.138 0.000 0.000 0.000 444.195
0.000 516.746 0.000 0.000 751.407 809.734 677.150 790.747
0.000 894.899 537.901 0.000 0.000 0.000 856.711 0.000
0.000 633.698 419.873 0.000 0.000 0.000 0.000 0.000
0.000 0.000 772.486 959.040 0.000 0.000 991.372 0.000
0.000 874.985 0.000 313.495 956.690 0.000 897.463 0.000
0.000 980.982 515.658 571.414 0.000 0.000 559.290 0.000
0.000 797.221 607.741 0.000 0.000 0.000 0.000 948.134
0.000 620.608 741.411 759.477 341.567 979.993 798.187 829.987
0.000 0.000 0.000 364.520 430.136 678.078 779.629 959.497
0.000 329.463 0.000 529.736 777.867 962.108 0.000 653.323
0.000 544.447 964.035 861.639 0.000 0.000 0.000 675.591
0.000 0.000 0.000 0.000 0.000 533.722 0.000 0.000
328.482 0.000 512.189 0.000 493.465 576.575 541.679 738.508
723.157 0.000 0.000 387.214 898.089 0.000 337.138 0.000
0.000 0.000 0.000 722.414 648.388 0.000 0.000 0.000
0.000 589.517 0.000 988.055 842.841 0.000 718.088 739.545
803.649 0.000 539.225 327.933 0.000 0.000 599.816 388.607
0.000 543.632 0.000 787.087 784.749 0.000 831.390 910.080
0.000 0.000 0.000 859.840 0.000 564.879 518.064 0.000
409.484 439.044 492.941 471.330 0.000 470.216 401.057 0.000
0.000 770.728 327.660 0.000 377.932 0.000 496.847 316.802
432.878 0.000 932.682 469.741 0.000 0.000 0.000 0.000
0.000 434.851 0.000 430.076 538.338 785.841 696.785 0.000
384.608 0.000 0.000 0.000 0.000 0.000 0.000 0.000
0.000 822.474 352.942 0.000 0.000 0.000 331.288 409.620
0.000 0.000 339.822 0.000 0.000 536.801 888.102 582.137
368.714 0.000 0.000 0.000 0.000 0.000 334.975 490.140
0.000 0.000 0.000 0.000 549.493 725.663 434.330 0.000
0.000 0.000 0.000 717.460 789.731 778.815 809.992 0.000
0.000 341.423 0.000 0.000 347.918 0.000 0.000 0.000
707.421 985.959 757.022 0.000 0.000 719.109 815.747 891.262
382.382 405.172 0.000 416.241 0.000 0.000 0.000 0.000
0.000 318.817 952.043 0.000 0.000 0.000 0.000 0.000
932.892 807.563 0.000 442.031 814.000 415.991 865.466 0.000
716.686 0.000 0.000 418.458 0.000 0.000 0.000 0.000
0.000 621.723 0.000 0.000 704.883 806.710 0.000 0.000
913.026 0.000 0.000 931.435 551.027 0.000 0.000 697.991
0.000 0.000 0.000 0.000 0.000 0.000 514.956 0.000
0.000 0.000 0.000 0.000 894.799 349.118 880.372 0.000
0.000 0.000 664.578 0.000 0.000 0.000 603.204 693.262
780.830 0.000 855.143 820.625 0.000 825.569 329.007 325.755
313.285 763.391 856.493 0.000 0.000 775.901 471.919 493.341
434.879 0.000 0.000 0.000 452.800 0.000 0.000 935.405
776.108 0.000 917.635 939.390 0.000 457.556 758.205 354.771
0.000 687.093 978.200 0.000 0.000 0.000 0.000 0.000
0.000 0.000 0.000 701.579 0.000 0.000 829.094 430.270
0.000 0.000 0.000 0.000 445.476 0.000 0.000 786.899
837.343 0.000 0.000 0.000 0.000 0.000 0.000 0.000
534.749 0.000 621.472 0.000 841.804 825.721 0.000 0.000
0.000 0.000 0.000 440.052 0.000 0.000 485.685 0.000
823.949 366.494 388.758 561.222 0.000 0.000 0.000 559.911
0.000 0.000 838.758 520.182 746.853 0.000 529.347 747.919
0.000 915.343 575.208 0.000 0.000 0.000 918.272 412.654
0.000 650.488 687.023 713.314 0.000 0.000 0.000 585.741
0.000 0.000 773.817 623.779 772.230 0.000 915.239 0.000
0.000 741.345 379.163 0.000 0.000 699.968 470.892 0.000
0.000 362.184 657.577 666.768 575.281 0.000 778.499 0.000
412.898 389.980 0.000 745.259 0.000 0.000 615.736 628.547
0.000 627.413 767.622 310.997 0.000 808.512 477.831 480.203
0.000 0.000 0.000 0.000 0.000 337.853 0.000 357.664
0.000 0.000 0.000 667.383 0.000 0.000 885.063 0.000
436.121 0.000 0.000 324.599 387.819 0.000 829.766 864.249
499.956 0.000 428.356 659.202 0.000 548.563 0.000 426.021
546.697 317.915 831.934 700.828 456.166 0.000 437.621 0.000
761.329 0.000 0.000 0.000 0.000 0.000 0.000 900.967
882.859 880.164 929.489 0.000 0.000 0.000 0.000 455.281
724.418 0.000 0.000 894.222 832.651 0.000 0.000 754.168
0.000 0.000 0.000 0.000 0.000 435.215 0.000 0.000
552.273 0.000 539.194 0.000 647.342 322.620 785.818 364.541
495.734 533.240 0.000 0.000 625.716 559.161 706.534 841.392
875.929 0.000 0.000 988.464 333.426 0.000 305.611 433.954
0.000 0.000 512.981 327.752 0.000 0.000 974.075 704.587
0.000 944.897 413.330 0.000 337.554 624.390 348.689 735.530
640.677 0.000 0.000 0.000 492.687 559.498 0.000 0.000
463.236 782.950 332.869 493.754 996.954 394.845 457.393 420.688
0.000 753.047 0.000 599.975 0.000 0.000 330.951 954.996
0.000 358.637 0.000 415.869 0.000 0.000 769.077 0.000
696.598 0.000 0.000 565.223 462.116 943.249 873.929 0.000
951.744 476.465 826.001 0.000 0.000 959.252 0.000 449.988
0.000 0.000 969.680 0.000 388.505 421.534 0.000 772.145
810.093 0.000 594.052 633.972 916.314 0.000 0.000 0.000
997.388 0.000 0.000 0.000 604.820 857.316 0.000 0.000
0.000 0.000 0.000 711.120 793.871 601.489 0.000 961.236
653.045 0.000 0.000 0.000 0.000 0.000 629.349 0.000
0.000 0.000 0.000 0.000 344.823 0.000 0.000 0.000
400.612 370.774 445.428 774.797 370.536 0.000 447.645 0.000
0.000 0.000 0.000 453.788 608.546 0.000 0.000 669.745
314.426 946.460 815.621 0.000 0.000 916.816 0.000 330.378
0.000 0.000 0.000 630.199 915.413 418.765 0.000 0.000
926.965 0.000 792.923 620.437 0.000 886.777 499.098 0.000
0.000 0.000 966.139 0.000 0.000 0.000 0.000 0.000
0.000 0.000 679.352 941.461 0.000 675.609 997.586 594.096
302.567 0.000 914.665 0.000 433.502 0.000 0.000 0.000
959.059 0.000 853.583 0.000 0.000 0.000 824.971 0.000
0.000 432.851 781.850 0.000 866.592 566.499 507.176 0.000
0.000 0.000 0.000 0.000 0.000 792.464 351.093 472.460
917.350 906.248 539.587 833.820 855.517 0.000 0.000 379.972
547.689 960.724 893.976 0.000 723.162 0.000 535.751 0.000
641.726 0.000 0.000 422.003 0.000 566.532 0.000 0.000
573.429 419.696 880.789 0.000 0.000 0.000 0.000 730.053
0.000 675.554 590.764 0.000 985.350 741.271 919.084 0.000
0.000 0.000 710.677 449.028 0.000 0.000 0.000 0.000
572.904 0.000 0.000 706.296 840.062 632.943 0.000 0.000
0.000 600.195 835.641 0.000 0.000 895.922 0.000 782.912
0.000 0.000 0.000 825.475 0.000 868.729 0.000 0.000
0.000 593.661 852.174 0.000 522.533 919.811 860.832 809.657
434.799 0.000 819.583 868.175 0.000 0.000 0.000 0.000
581.493 0.000 0.000 0.000 852.220 0.000 0.000 946.844
0.000 0.000 0.000 385.557 814.465 0.000 0.000 739.700
865.486 404.483 685.266 738.094 0.000 0.000 397.520 0.000
719.668 906.625 0.000 0.000 749.287 0.000 540.832 543.202
415.156 0.000 0.000 0.000 0.000 0.000 0.000 941.856
514.050 0.000 726.284 610.324 0.000 0.000 716.028 959.938
657.557 0.000 0.000 0.000 0.000 0.000 587.059 0.000
537.260 644.079 976.393 750.723 0.000 0.000 0.000 0.000
528.305 535.885 0.000 612.145 0.000 0.000 0.000 0.000
799.323 0.000 0.000 409.954 559.383 403.791 0.000 0.000
782.204 501.143 0.000 0.000 0.000 0.000 929.079 0.000
421.717 0.000 0.000 0.000 675.312 755.257 0.000 585.755
584.804 0.000 907.969 0.000 0.000 834.775 594.125 0.000
0.000 496.109 0.000 579.613 0.000 529.556 545.719 0.000
0.000 546.988 0.000 400.767 0.000 935.788 359.923 0.000
0.000 0.000 300.584 760.245 582.245 0.000 306.821 0.000
627.890 0.000 959.303 885.797 963.842 824.907 0.000 419.319
688.591 0.000 916.630 0.000 981.907 0.000 503.644 0.000
0.000 756.988 765.355 0.000 0.000 0.000 0.000 580.799
0.000 509.481 0.000 515.240 501.971 675.062 684.981 825.854
0.000 558.797 814.057 0.000 0.000 935.625 0.000 0.000
0.000 0.000 0.000 746.878 455.875 428.001 0.000 460.414
0.000 456.188 0.000 918.790 0.000 687.982 0.000 0.000
0.000 0.000 0.000 817.160 899.915 334.821 0.000 817.399
0.000 871.600 498.878 931.887 0.000 649.547 460.627 0.000
553.968 0.000 0.000 0.000 302.148 0.000 0.000 0.000
0.000 0.000 0.000 637.285 747.303 456.900 942.966 0.000
370.627 0.000 0.000 348.709 978.737 745.440 523.723 516.284
325.044 0.000 0.000 0.000 0.000 333.387 428.999 0.000
0.000 0.000 954.888 302.445 941.163 0.000 0.000 942.037
415.344 559.673 0.000 0.000 418.338 0.000 856.502 0.000
614.170 0.000 786.182 0.000 731.110 0.000 0.000 807.737
603.690 887.226 911.777 0.000 876.688 437.823 919.444 0.000
886.673 0.000 0.000 455.279 0.000 0.000 0.000 431.480
0.000 598.558 0.000 906.057 0.000 451.401 0.000 610.966
334.149 0.000 673.406 0.000 809.621 0.000 0.000 0.000
837.858 0.000 0.000 686.298 0.000 306.085 812.760 0.000
881.632 737.449 0.000 328.873 994.530 0.000 0.000 0.000
959.042 0.000 0.000 0.000 824.975 0.000 777.510 0.000
854.391 0.000 0.000 0.000 0.000 610.899 826.358 0.000
998.988 727.858 0.000 531.197 0.000 882.083 391.008 0.000
0.000 0.000 0.000 0.000 424.278 508.882 0.000 680.017
0.000 377.144 0.000 0.000 0.000 0.000 0.000 318.670
0.000 866.078 0.000 515.154 0.000 877.279 0.000 0.000
890.820 0.000 528.779 424.356 0.000 457.368 0.000 0.000
940.953 0.000 667.324 0.000 598.858 861.359 456.536 0.000
0.000 317.870 0.000 0.000 757.867 0.000 0.000 355.473
797.630 336.154 817.018 337.232 884.481 0.000 0.000 613.868
0.000 694.360 649.358 323.303 0.000 0.000 0.000 0.000
355.052 923.155 358.700 0.000 520.635 0.000 0.000 0.000
0.000 0.000 0.000 0.000 0.000 640.516 0.000 0.000
0.000 862.581 0.000 0.000 708.925 0.000 0.000 616.851
949.769 0.000 607.355 884.906 0.000 0.000 0.000 0.000
863.411 0.000 578.691 0.000 0.000 811.714 662.551 977.598
795.929 0.000 0.000 410.847 0.000 364.342 0.000 921.672
0.000 0.000 557.018 632.555 386.369 0.000 0.000 798.875
953.358 0.000 317.665 0.000 0.000 0.000 0.000 0.000
512.233 0.000 0.000 0.000 0.000 0.000 0.000 539.380
314.138 0.000 0.000 775.057 795.555 576.739 0.000 408.040
983.158 0.000 310.715 460.761 339.634 416.593 525.099 560.349
0.000 0.000 0.000 0.000 314.471 0.000 0.000 0.000
0.000 899.902 0.000 0.000 419.064 340.931 659.526 0.000
0.000 0.000 0.000 0.000 0.000 393.314 0.000 0.000
331.420 0.000 602.494 0.000 0.000 0.000 0.000 902.900
871.870 0.000 0.000 722.512 0.000 998.699 700.229 354.502
487.655 0.000 557.502 0.000 503.783 0.000 924.804 0.000
0.000 729.653 0.000 536.093 0.000 0.000 618.621 576.773
887.729 492.636 0.000 0.000 0.000 0.000 0.000 0.000
344.216 0.000 977.868 650.897 0.000 624.995 768.460 0.000
0.000 599.426 0.000 679.044 0.000 0.000 0.000 758.943
0.000 544.098 719.161 0.000 511.023 747.822 0.000 460.213
0.000 653.245 0.000 0.000 621.417 0.000 578.951 672.965
0.000 701.984 397.031 0.000 0.000 487.628 0.000 507.903
380.847 0.000 887.512 391.227 778.741 0.000 987.199 0.000
0.000 799.102 929.534 714.920 0.000 501.357 920.996 0.000
372.409 484.472 0.000 492.742 0.000 373.424 641.955 625.951
0.000 524.624 475.798 811.060 688.910 0.000 0.000 0.000
468.707 471.172 512.915 553.443 708.405 0.000 659.904 576.184
743.923 0.000 388.755 0.000 0.000 629.071 786.444 0.000
0.000 522.530 0.000 577.357 326.964 0.000 0.000 543.980
0.000 691.771 443.469 440.046 408.554 436.686 0.000 673.108
0.000 819.252 0.000 577.285 630.258 0.000 734.004 0.000
322.080 0.000 300.730 0.000 644.619 827.070 871.166 312.200
0.000 556.457 0.000 941.814 766.592 0.000 0.000 388.605
0.000 688.415 625.773 0.000 704.044 0.000 0.000 0.000
947.397 0.000 517.496 0.000 494.760 0.000 0.000 533.443
0.000 0.000 662.496 559.906 0.000 999.364 629.701 0.000
0.000 893.025 434.173 908.646 800.774 863.102 807.587 0.000
0.000 0.000 0.000 342.942 886.193 467.883 0.000 380.335
686.749 0.000 905.331 912.644 0.000 356.237 863.165 772.658
0.000 0.000 0.000 594.784 360.596 0.000 0.000 0.000
408.136 0.000 0.000 916.127 685.885 0.000 367.448 0.000
0.000 0.000 362.142 0.000 457.499 703.829 0.000 335.522
0.000 695.399 407.156 615.045 0.000 938.854 952.261 0.000
773.032 583.520 534.137 0.000 0.000 965.801 607.733 308.154
809.091 327.141 750.040 659.660 0.000 542.874 0.000 402.362
305.110 525.783 602.399 0.000 0.000 0.000 682.005 0.000
811.478 501.239 731.742 0.000 0.000 0.000 876.372 645.915
759.083 718.311 799.104 0.000 0.000 0.000 872.921 0.000
390.093 0.000 0.000 894.988 0.000 492.756 0.000 321.711
423.952 0.000 825.384 914.431 859.783 0.000 810.741 0.000
0.000 0.000 812.321 846.612 0.000 838.134 0.000 608.010
760.665 0.000 959.245 872.512 447.952 0.000 544.751 0.000
0.000 0.000 766.070 0.000 745.585 0.000 0.000 0.000
0.000 631.424 0.000 769.225 470.327 342.046 334.052 0.000
734.442 0.000 845.421 0.000 0.000 0.000 0.000 0.000
0.000 0.000 916.388 0.000 983.458 642.667 0.000 644.832
0.000 748.402 0.000 505.829 472.622 894.864 943.751 0.000
0.000 732.507 948.104 0.000 446.461 424.115 0.000 0.000
967.134 637.318 598.520 449.223 374.773 0.000 990.942 0.000
0.000 512.208 458.691 860.203 0.000 501.047 0.000 0.000
427.479 0.000 0.000 0.000 0.000 880.667 635.796 925.204
625.003 623.560 0.000 0.000 986.850 416.724 0.000 345.835
0.000 0.000 0.000 752.013 346.284 0.000 0.000 755.489
0.000 409.887 386.555 0.000 639.795 322.073 0.000 496.949
0.000 650.844 0.000 0.000 0.000 838.281 924.858 856.479
0.000 345.912 384.858 526.079 716.959 0.000 398.260 0.000
951.177 0.000 690.244 0.000 488.409 0.000 562.723 668.452
0.000 430.371 0.000 721.897 483.127 0.000 0.000 0.000
813.089 704.028 0.000 978.597 374.722 808.142 359.090 589.637
516.365 795.221 0.000 899.685 0.000 0.000 0.000 0.000
0.000 864.520 0.000 0.000 0.000 804.081 834.723 922.374
369.653 370.432 862.672 619.917 0.000 751.648 403.972 0.000
0.000 0.000 0.000 668.835 0.000 954.867 0.000 0.000
663.444 372.431 0.000 0.000 0.000 420.562 0.000 0.000
0.000 0.000 825.571 543.394 825.253 344.955 0.000 0.000
0.000 307.774 0.000 0.000 0.000 0.000 732.553 0.000
996.994 925.497 492.885 0.000 0.000 835.686 0.000 0.000
0.000 0.000 0.000 419.646 0.000 739.849 0.000 0.000
0.000 0.000 341.022 0.000 682.476 743.421 0.000 0.000
894.189 0.000 0.000 904.206 0.000 0.000 869.341 0.000
466.256 0.000 476.284 0.000 311.934 957.067 0.000 0.000
592.829 0.000 0.000 0.000 0.000 0.000 0.000 0.000
381.843 854.318 370.910 306.455 621.669 383.926 573.802 366.597
968.400 0.000 0.000 0.000 380.621 0.000 433.598 655.895
0.000 926.900 781.588 0.000 0.000 395.673 0.000 0.000
0.000 0.000 0.000 928.169 0.000 344.766 0.000 0.000
0.000 516.479 888.189 0.000 0.000 0.000 0.000 792.336
0.000 0.000 0.000 0.000 0.000 898.293 0.000 0.000
338.083 897.582 0.000 980.259 682.182 0.000 0.000 0.000
836.156 648.051 0.000 0.000 928.630 0.000 416.023 0.000
640.693 0.000 0.000 0.000 580.925 0.000 0.000 676.183
0.000 834.928 744.165 0.000 419.491 0.000 0.000 309.145
611.672 0.000 485.014 0.000 545.220 630.316 0.000 339.900
329.139 948.258 0.000 0.000 0.000 426.088 0.000 547.095
364.291 703.904 0.000 0.000 664.679 0.000 650.670 493.204
903.303 0.000 553.702 0.000 528.793 645.232 0.000 584.332
0.000 0.000 303.180 0.000 0.000 0.000 815.603 0.000
835.994 0.000 0.000 0.000 0.000 539.838 867.495 0.000
640.291 0.000 838.660 0.000 623.642 0.000 0.000 0.000
622.418 0.000 0.000 690.930 997.022 0.000 0.000 719.171
483.779 939.119 0.000 0.000 0.000 358.983 860.325 441.549
391.782 0.000 380.793 702.699 0.000 784.780 0.000 0.000
0.000 0.000 812.279 898.635 0.000 420.232 0.000 793.729
636.677 755.557 0.000 966.300 0.000 568.523 666.136 0.000
631.801 0.000 0.000 551.954 571.462 369.636 837.012 806.646
0.000 0.000 0.000 0.000 0.000 0.000 0.000 563.947
0.000 0.000 529.132 685.154 337.641 830.832 0.000 0.000
470.416 0.000 409.799 0.000 0.000 0.000 984.216 0.000
812.707 957.082 594.604 0.000 738.621 769.714 805.688 312.517
0.000 0.000 890.804 977.087 0.000 0.000 0.000 893.962
935.169 0.000 0.000 634.580 0.000 396.898 0.000 901.822
587.982 0.000 0.000 0.000 702.525 857.097 350.157 821.726
0.000 388.800 360.770 0.000 0.000 673.788 342.419 0.000
0.000 0.000 913.057 813.303 0.000 0.000 546.563 991.930
759.248 665.058 0.000 536.394 0.000 0.000 555.459 0.000
0.000 0.000 380.943 537.319 780.917 753.394 535.846 400.401
0.000 0.000 0.000 954.017 981.614 654.153 481.633 0.000
450.336 0.000 886.904 632.930 0.000 664.111 0.000 607.198
659.661 444.842 0.000 630.070 0.000 0.000 892.843 979.563
0.000 0.000 897.939 0.000 0.000 779.269 0.000 0.000
476.291 0.000 0.000 944.172 722.212 0.000 676.790 0.000
385.739 0.000 978.043 0.000 0.000 0.000 0.000 0.000
0.000 0.000 310.365 924.639 0.000 370.978 0.000 0.000
0.000 617.958 0.000 0.000 378.926 0.000 0.000 325.120
0.000 0.000 0.000 0.000 717.726 0.000 0.000 0.000
0.000 0.000 0.000 0.000 0.000 815.541 950.085 523.470
0.000 0.000 961.161 0.000 0.000 939.056 465.844 319.146
450.810 0.000 999.542 0.000 0.000 599.630 0.000 917.123
0.000 803.989 332.152 0.000 0.000 0.000 0.000 0.000
0.000 0.000 622.350 0.000 0.000 0.000 0.000 0.000
793.885 0.000 0.000 0.000 785.366 592.604 0.000 0.000
493.033 814.299 0.000 0.000 695.016 0.000 313.363 0.000
397.487 0.000 666.686 0.000 895.345 375.138 876.670 996.060
0.000 0.000 0.000 0.000 853.754 0.000 0.000 0.000
0.000 0.000 504.632 0.000 0.000 0.000 0.000 556.978
0.000 0.000 0.000 849.336 0.000 372.626 0.000 0.000
324.816 965.743 795.488 921.265 978.418 593.684 753.366 0.000
0.000 895.711 0.000 0.000 637.479 454.494 527.941 0.000
0.000 0.000 930.425 0.000 454.558 592.476 803.247 861.164
607.167 0.000 0.000 0.000 495.552 530.269 841.714 351.507
0.000 710.435 890.074 0.000 377.441 313.411 636.934 0.000
0.000 0.000 0.000 479.248 309.218 513.013 0.000 0.000
358.719 818.463 0.000 681.878 456.787 300.659 436.912 0.000
651.445 773.758 0.000 784.167 930.882 0.000 0.000 0.000
0.000 397.542 393.398 536.872 505.663 476.518 0.000 0.000
575.356 0.000 785.851 0.000 0.000 879.752 384.557 387.205
460.585 365.694 0.000 0.000 0.000 0.000 620.858 441.386
0.000 0.000 316.691 574.548 430.393 333.759 0.000 683.688
0.000 459.019 580.786 936.468 685.382 0.000 0.000 770.069
803.537 899.646 0.000 0.000 0.000 500.244 0.000 841.642
0.000 0.000 0.000 0.000 702.964 0.000 347.164 0.000
566.708 0.000 0.000 923.417 0.000 775.546 813.966 732.629
0.000 0.000 542.804 348.524 967.132 641.199 525.723 619.244
941.193 341.869 0.000 522.664 0.000 0.000 0.000 0.000
0.000 0.000 904.758 348.638 0.000 347.279 576.473 0.000
547.084 929.798 461.382 550.315 408.179 0.000 0.000 508.651
680.580 0.000 691.903 646.106 0.000 374.915 745.053 0.000
621.866 0.000 0.000 0.000 0.000 931.055 0.000 686.709
0.000 486.421 857.622 0.000 0.000 0.000 0.000 0.000
0.000 0.000 832.409 0.000 0.000 0.000 0.000 0.000
0.000 336.897 0.000 705.615 0.000 940.179 0.000 338.042
936.576 676.470 793.721 500.801 0.000 951.578 391.393 644.855
710.209 988.743 589.324 775.228 0.000 0.000 707.676 421.828
0.000 0.000 0.000 0.000 759.858 593.871 840.108 706.375
0.000 0.000 0.000 0.000 0.000 709.902 662.077 839.737
753.345 647.154 763.236 0.000 0.000 0.000 434.571 0.000
608.561 884.930 0.000 653.398 417.743 0.000 541.483 537.135
0.000 839.716 0.000 668.203 0.000 0.000 913.886 0.000
0.000 523.043 0.000 684.747 0.000 0.000 470.646 964.258
0.000 366.104 680.802 814.609 0.000 999.305 0.000 0.000
370.431 712.647 0.000 0.000 0.000 898.944 708.369 0.000
0.000 521.682 0.000 415.224 0.000 549.280 0.000 708.751
0.000 569.414 0.000 899.784 738.059 461.224 507.642 347.914
0.000 673.253 0.000 448.618 405.125 0.000 0.000 0.000
0.000 503.065 0.000 706.516 0.000 885.151 0.000 955.221
0.000 316.754 0.000 0.000 497.136 401.418 817.810 0.000
0.000 0.000 0.000 542.315 0.000 0.000 0.000 960.597
0.000 0.000 328.406 0.000 0.000 0.000 0.000 0.000
524.733 0.000 691.819 769.717 380.729 566.296 829.085 0.000
468.774 961.701 0.000 810.832 0.000 0.000 472.047 498.169
879.417 723.265 0.000 542.770 940.488 896.598 0.000 0.000
0.000 0.000 0.000 981.698 741.289 0.000 0.000 0.000
0.000 697.194 0.000 0.000 531.174 848.296 0.000 0.000
520.361 0.000 0.000 0.000 800.033 541.911 0.000 395.226
0.000 843.238 0.000 379.328 0.000 0.000 480.599 0.000
529.016 491.644 0.000 872.722 0.000 0.000 509.567 0.000
774.439 703.472 356.466 0.000 318.402 0.000 0.000 0.000
636.901 413.628 0.000 833.410 656.078 0.000 556.435 0.000
0.000 494.071 0.000 0.000 579.116 584.911 931.938 0.000
0.000 0.000 0.000 645.381 402.062 0.000 670.172 478.555
321.569 0.000 487.735 0.000 0.000 872.069 518.210 0.000
630.334 0.000 542.572 0.000 576.222 592.365 0.000 491.831
0.000 0.000 0.000 465.798 865.299 981.877 0.000 602.786
0.000 0.000 0.000 0.000 870.661 0.000 0.000 320.821
916.013 0.000 0.000 0.000 0.000 892.482 464.235 853.353
0.000 0.000 0.000 664.704 0.000 0.000 0.000 0.000
0.000 0.000 723.774 850.361 0.000 657.262 914.390 807.615
949.644 0.000 0.000 0.000 881.425 604.322 0.000 697.100
0.000 390.888 0.000 791.036 370.396 799.780 544.135 687.417
361.618 609.020 582.537 442.189 854.485 0.000 367.992 0.000
0.000 416.237 0.000 679.124 0.000 0.000 0.000 654.739
691.112 0.000 0.000 0.000 0.000 0.000 891.086 0.000
509.346 0.000 951.930 0.000 934.752 947.092 972.741 826.533
955.721 424.279 0.000 861.256 0.000 998.316 0.000 761.840
