0.000 0.000 628.283 548.762 382.078 0.000 433.817 0.000
0.000 0.000 588.079 0.000 0.000 327.868 639.159 710.810
0.000 0.000 564.002 0.000 0.000 502.845 0.000 0.000
0.000 0.000 618.823 793.408 719.884 0.000 405.609 0.000
725.715 0.000 462.645 0.000 0.000 0.000 0.000 0.000
356.381 839.254 0.000 0.000 535.525 628.043 971.848 0.000
804.453 0.000 0.000 0.000 736.722 349.214 0.000 0.000
0.000 738.686 0.000 800.039 689.663 480.213 925.652 988.737
0.000 0.000 0.000 0.000 601.859 530.187 0.000 0.000
0.000 0.000 673.700 478.065 568.684 966.749 0.000 0.000
0.000 634.463 0.000 0.000 451.905 336.210 823.435 925.215
0.000 538.611 802.888 0.000 0.000 0.000 746.942 0.000
371.006 583.424 0.000 0.000 990.614 0.000 311.919 0.000
508.676 0.000 519.588 0.000 518.934 0.000 354.117 389.305
384.839 463.635 0.000 454.225 335.336 976.898 0.000 0.000
395.027 469.414 550.206 0.000 0.000 560.124 392.135 0.000
318.881 0.000 0.000 0.000 779.329 0.000 0.000 551.171
0.000 0.000 895.313 0.000 648.939 0.000 0.000 0.000
437.824 0.000 0.000 519.518 416.612 724.220 483.362 0.000
897.103 0.000 0.000 0.000 0.000 324.607 0.000 891.679
0.000 699.325 0.000 513.263 0.000 0.000 519.256 555.021
0.000 0.000 346.994 0.000 0.000 336.339 0.000 853.742
0.000 750.497 0.000 0.000 995.380 0.000 0.000 0.000
0.000 816.487 724.433 883.432 924.673 0.000 0.000 517.226
0.000 550.135 794.296 543.662 0.000 804.215 987.495 0.000
380.623 0.000 0.000 0.000 0.000 507.387 0.000 0.000
0.000 803.132 0.000 736.633 0.000 0.000 0.000 0.000
558.829 671.600 636.970 839.629 607.519 593.868 994.536 904.309
868.198 0.000 480.967 0.000 447.107 455.524 761.486 667.620
0.000 0.000 0.000 0.000 0.000 637.272 0.000 0.000
0.000 955.227 0.000 443.855 0.000 908.584 566.760 0.000
0.000 748.426 892.768 356.637 0.000 565.656 0.000 0.000
590.428 0.000 381.555 0.000 491.995 0.000 344.600 589.816
714.580 439.208 0.000 0.000 722.939 0.000 306.868 0.000
0.000 998.895 0.000 0.000 0.000 0.000 542.363 501.739
0.000 0.000 771.091 760.573 842.576 864.652 0.000 947.999
0.000 0.000 0.000 732.362 547.221 0.000 941.663 0.000
419.386 0.000 0.000 0.000 0.000 0.000 0.000 0.000
0.000 491.321 0.000 876.467 530.604 392.224 356.192 775.689
0.000 451.689 0.000 0.000 0.000 619.740 996.155 820.352
0.000 0.000 0.000 0.000 886.338 768.898 634.754 768.313
0.000 556.329 690.867 905.105 583.042 0.000 0.000 0.000
0.000 0.000 392.304 424.449 544.147 0.000 0.000 0.000
940.067 531.799 0.000 818.379 694.701 0.000 0.000 0.000
879.856 0.000 373.596 417.456 476.524 709.390 414.506 426.117
0.000 0.000 879.320 563.767 0.000 909.766 751.874 0.000
705.516 0.000 0.000 885.632 332.066 0.000 0.000 0.000
0.000 422.501 0.000 0.000 0.000 0.000 521.715 697.437
729.811 0.000 0.000 0.000 398.217 0.000 961.521 0.000
0.000 0.000 0.000 342.560 854.693 0.000 0.000 0.000
0.000 639.520 746.670 0.000 638.948 749.295 377.972 546.388
0.000 656.998 0.000 357.606 924.141 0.000 0.000 667.883
582.497 964.060 0.000 732.716 752.550 623.634 0.000 0.000
0.000 353.330 308.885 0.000 374.906 0.000 0.000 0.000
0.000 305.350 0.000 0.000 348.359 0.000 0.000 0.000
301.570 0.000 427.490 0.000 722.890 0.000 417.533 537.547
0.000 0.000 0.000 0.000 879.210 0.000 0.000 352.321
0.000 0.000 0.000 892.697 931.190 0.000 0.000 882.030
995.864 563.217 0.000 0.000 0.000 874.281 0.000 478.290
774.900 863.590 0.000 349.333 860.638 0.000 0.000 330.442
778.804 0.000 0.000 0.000 0.000 915.075 381.699 946.170
0.000 0.000 0.000 0.000 660.121 0.000 0.000 993.905
0.000 392.548 0.000 0.000 0.000 0.000 0.000 0.000
0.000 885.588 0.000 991.428 0.000 828.890 422.321 0.000
0.000 650.077 0.000 0.000 0.000 0.000 891.775 0.000
529.655 0.000 815.454 0.000 0.000 841.023 0.000 0.000
0.000 0.000 958.432 0.000 826.731 0.000 0.000 0.000
665.370 0.000 498.740 638.735 526.899 0.000 0.000 532.733
0.000 494.646 565.694 766.158 736.448 654.309 990.658 493.247
764.637 0.000 795.475 729.383 0.000 0.000 977.715 0.000
511.426 0.000 0.000 717.107 0.000 0.000 597.690 0.000
0.000 0.000 0.000 0.000 0.000 801.987 876.727 364.111
563.132 473.055 932.069 357.136 0.000 771.400 0.000 744.621
0.000 903.970 944.053 0.000 650.743 0.000 0.000 0.000
0.000 417.903 855.646 472.336 0.000 0.000 843.885 369.517
324.170 0.000 943.250 0.000 0.000 989.439 0.000 0.000
0.000 708.951 0.000 518.017 0.000 0.000 630.128 889.047
0.000 0.000 0.000 0.000 626.505 509.306 652.605 0.000
325.568 768.055 0.000 0.000 0.000 937.090 0.000 0.000
527.288 0.000 0.000 485.314 826.156 0.000 0.000 306.690
797.350 0.000 0.000 769.642 0.000 0.000 0.000 758.302
0.000 407.334 0.000 0.000 367.173 0.000 568.376 0.000
378.579 922.439 773.281 335.236 0.000 0.000 915.099 0.000
0.000 958.337 981.801 0.000 0.000 580.627 0.000 0.000
0.000 0.000 375.789 0.000 0.000 952.915 0.000 0.000
0.000 0.000 980.182 0.000 632.698 519.736 0.000 0.000
0.000 628.990 0.000 712.382 978.326 923.059 0.000 0.000
596.878 0.000 0.000 584.556 649.071 0.000 0.000 958.449
688.160 426.672 677.993 569.609 0.000 0.000 0.000 689.794
0.000 408.020 427.043 508.928 301.150 0.000 0.000 889.519
946.942 0.000 749.101 773.364 0.000 0.000 416.425 431.154
0.000 0.000 0.000 898.294 0.000 413.138 0.000 985.181
0.000 0.000 0.000 470.986 0.000 429.252 601.526 894.504
593.697 757.948 0.000 0.000 397.982 0.000 406.434 391.997
437.363 0.000 794.983 0.000 640.410 423.703 0.000 348.609
389.405 0.000 579.131 0.000 507.076 0.000 0.000 323.093
803.342 0.000 699.835 0.000 0.000 788.925 0.000 421.260
949.450 0.000 827.234 391.642 0.000 524.143 0.000 0.000
0.000 900.391 873.078 468.468 568.216 0.000 0.000 871.010
0.000 0.000 0.000 0.000 686.139 612.440 516.393 0.000
919.010 434.415 459.820 717.297 438.430 639.217 0.000 0.000
0.000 0.000 0.000 813.677 0.000 0.000 739.945 0.000
0.000 666.503 936.655 0.000 580.814 588.243 543.070 0.000
467.710 503.945 785.265 515.210 905.533 0.000 0.000 405.938
0.000 0.000 592.705 0.000 0.000 972.212 309.423 0.000
0.000 824.667 552.164 522.430 927.925 467.259 0.000 511.751
952.858 0.000 0.000 0.000 813.599 574.553 0.000 0.000
0.000 0.000 0.000 856.340 0.000 0.000 345.281 0.000
713.878 679.858 560.068 901.221 0.000 0.000 589.877 0.000
0.000 367.125 664.635 664.162 907.403 0.000 640.884 565.424
411.422 611.484 0.000 557.368 0.000 836.032 0.000 0.000
628.029 0.000 0.000 657.676 0.000 310.740 0.000 301.604
374.623 614.681 502.478 557.562 596.549 0.000 0.000 0.000
0.000 0.000 847.440 0.000 0.000 408.720 769.490 498.731
0.000 527.405 421.626 579.174 0.000 963.066 0.000 492.960
0.000 0.000 528.619 934.847 0.000 0.000 756.324 817.569
402.727 0.000 0.000 0.000 0.000 303.853 915.616 819.082
714.554 0.000 0.000 0.000 730.410 0.000 0.000 364.860
0.000 0.000 477.637 0.000 950.443 479.937 518.952 680.208
0.000 309.259 775.711 0.000 578.198 0.000 0.000 0.000
0.000 651.108 435.305 832.851 906.482 406.317 883.150 907.937
533.029 0.000 0.000 599.789 341.519 0.000 0.000 826.626
0.000 0.000 0.000 775.911 0.000 0.000 390.207 758.043
0.000 0.000 0.000 912.071 929.737 601.088 698.026 0.000
0.000 0.000 690.300 597.600 0.000 0.000 0.000 401.174
0.000 0.000 368.507 848.869 0.000 746.366 0.000 557.256
0.000 610.220 0.000 0.000 0.000 0.000 853.139 374.596
0.000 587.621 479.292 0.000 0.000 313.990 405.188 848.124
928.881 0.000 991.847 0.000 0.000 301.100 877.083 609.415
788.349 0.000 0.000 0.000 416.044 0.000 0.000 0.000
0.000 321.247 560.847 0.000 0.000 355.125 0.000 0.000
612.704 819.937 967.332 0.000 0.000 640.004 713.450 636.967
379.651 867.476 649.547 0.000 620.282 982.626 945.542 665.126
949.739 0.000 819.849 0.000 686.460 500.741 0.000 0.000
0.000 351.134 970.942 0.000 936.199 543.131 782.907 738.728
683.483 0.000 0.000 0.000 496.016 0.000 0.000 0.000
0.000 633.978 0.000 363.656 0.000 834.890 607.035 0.000
0.000 371.025 0.000 685.509 316.833 461.902 0.000 0.000
0.000 0.000 0.000 0.000 846.784 963.095 0.000 0.000
0.000 670.241 774.780 0.000 874.292 0.000 0.000 0.000
590.943 320.815 601.935 837.918 886.266 0.000 0.000 346.645
485.755 0.000 777.526 0.000 0.000 736.575 0.000 482.019
0.000 461.402 0.000 0.000 0.000 437.782 527.482 0.000
944.719 0.000 0.000 464.718 0.000 520.759 0.000 476.865
0.000 0.000 302.670 0.000 0.000 0.000 823.014 855.183
0.000 896.974 0.000 440.723 0.000 0.000 0.000 0.000
0.000 0.000 0.000 934.824 532.430 960.080 0.000 0.000
0.000 0.000 0.000 0.000 0.000 0.000 745.831 796.613
0.000 653.813 652.261 338.171 0.000 716.916 0.000 607.347
0.000 808.295 487.960 0.000 598.295 0.000 397.728 702.122
0.000 0.000 466.930 0.000 0.000 0.000 0.000 0.000
396.699 0.000 601.543 302.879 0.000 564.625 0.000 0.000
0.000 854.067 0.000 541.083 671.777 879.714 477.819 762.630
0.000 0.000 924.854 0.000 386.721 0.000 613.859 0.000
0.000 0.000 0.000 867.819 0.000 785.181 496.793 396.259
0.000 300.207 370.298 0.000 934.420 684.639 902.372 943.001
730.623 0.000 941.300 0.000 0.000 693.794 0.000 941.555
0.000 0.000 0.000 892.781 0.000 844.133 302.636 0.000
473.695 880.561 0.000 0.000 471.549 767.794 0.000 480.732
0.000 0.000 611.212 0.000 0.000 0.000 0.000 487.381
890.627 0.000 0.000 0.000 747.087 865.160 0.000 0.000
974.127 359.030 0.000 0.000 347.717 0.000 0.000 0.000
982.102 947.382 0.000 680.873 0.000 0.000 572.684 0.000
747.634 490.142 0.000 345.317 780.594 0.000 0.000 0.000
0.000 905.367 0.000 0.000 0.000 0.000 0.000 0.000
321.846 967.676 600.564 782.216 911.725 0.000 843.762 757.431
0.000 0.000 0.000 443.641 0.000 0.000 0.000 0.000
783.232 596.571 0.000 0.000 0.000 0.000 468.519 889.458
0.000 0.000 0.000 0.000 678.387 558.367 861.193 418.375
0.000 893.203 0.000 671.672 0.000 0.000 621.194 0.000
606.213 0.000 798.005 0.000 0.000 418.788 694.329 0.000
0.000 0.000 0.000 0.000 0.000 786.023 720.767 0.000
969.082 892.469 986.024 987.443 0.000 0.000 0.000 0.000
893.838 781.694 626.378 546.281 0.000 576.664 550.667 0.000
376.557 0.000 930.322 0.000 0.000 446.026 0.000 0.000
0.000 546.952 955.684 0.000 978.655 644.946 527.056 0.000
0.000 944.940 0.000 711.042 302.450 927.656 0.000 0.000
0.000 575.283 0.000 511.145 711.342 0.000 765.717 0.000
392.533 735.308 0.000 883.654 0.000 530.023 0.000 0.000
0.000 0.000 0.000 0.000 0.000 0.000 682.214 308.514
0.000 0.000 0.000 776.453 840.120 0.000 0.000 834.265
0.000 0.000 0.000 963.298 709.702 995.088 0.000 0.000
0.000 0.000 421.287 657.302 0.000 0.000 0.000 468.644
0.000 815.095 0.000 321.619 0.000 914.547 0.000 400.166
0.000 714.984 0.000 0.000 666.343 684.297 0.000 0.000
353.063 387.288 0.000 0.000 0.000 0.000 699.947 357.060
0.000 0.000 651.692 0.000 0.000 892.625 866.685 0.000
381.987 0.000 0.000 0.000 0.000 0.000 0.000 0.000
0.000 0.000 0.000 0.000 925.499 0.000 0.000 902.036
961.687 0.000 0.000 692.102 0.000 736.430 594.944 506.168
820.232 0.000 0.000 507.167 0.000 0.000 428.928 0.000
0.000 0.000 0.000 0.000 590.531 0.000 477.302 741.794
0.000 0.000 805.561 0.000 0.000 0.000 0.000 0.000
0.000 492.378 0.000 0.000 927.151 908.610 759.107 462.371
0.000 0.000 0.000 909.565 0.000 569.351 0.000 0.000
0.000 460.533 0.000 591.015 0.000 0.000 376.074 907.614
0.000 662.253 0.000 0.000 462.967 816.610 752.467 872.384
0.000 492.764 500.813 0.000 522.151 475.840 847.740 0.000
0.000 571.760 477.891 453.380 0.000 0.000 0.000 0.000
0.000 353.778 841.651 965.457 893.230 0.000 471.898 0.000
364.279 0.000 884.522 0.000 0.000 538.972 0.000 622.517
305.646 412.367 0.000 578.277 542.041 829.962 712.465 401.639
347.392 821.598 447.287 0.000 0.000 449.954 0.000 325.389
610.001 0.000 0.000 505.514 0.000 0.000 0.000 0.000
0.000 0.000 833.587 0.000 712.989 0.000 0.000 366.340
691.815 863.145 0.000 0.000 0.000 347.430 656.979 0.000
496.597 914.187 0.000 715.848 0.000 592.148 0.000 434.374
699.305 667.717 818.071 0.000 408.450 0.000 0.000 0.000
0.000 729.777 0.000 486.166 0.000 491.638 0.000 471.616
0.000 0.000 908.672 0.000 366.608 426.994 924.519 0.000
0.000 705.840 0.000 417.280 0.000 918.961 0.000 575.726
0.000 0.000 825.412 0.000 0.000 885.132 335.161 0.000
0.000 568.054 369.787 526.073 682.726 0.000 0.000 815.598
359.651 0.000 621.900 0.000 810.860 353.665 0.000 515.442
0.000 0.000 796.951 0.000 587.851 466.344 0.000 526.813
610.479 904.703 0.000 896.730 0.000 0.000 0.000 385.346
976.241 797.914 0.000 0.000 786.139 0.000 0.000 0.000
854.037 408.942 770.752 0.000 0.000 667.977 961.224 0.000
714.706 504.885 0.000 476.960 376.887 0.000 412.113 0.000
0.000 416.406 541.589 910.567 0.000 0.000 518.087 646.668
717.551 0.000 581.474 799.306 491.537 808.061 0.000 424.482
0.000 406.000 719.660 0.000 317.287 0.000 0.000 0.000
0.000 0.000 0.000 0.000 0.000 897.953 0.000 473.921
0.000 0.000 565.799 548.644 764.604 857.845 994.246 0.000
0.000 0.000 650.975 0.000 0.000 0.000 0.000 342.208
0.000 762.481 0.000 665.536 613.954 427.491 0.000 0.000
809.929 439.812 0.000 736.314 0.000 842.975 0.000 886.028
744.310 935.788 0.000 487.534 852.436 0.000 0.000 0.000
0.000 496.743 447.152 304.735 824.199 0.000 0.000 0.000
358.624 0.000 349.810 723.634 0.000 566.608 0.000 0.000
796.476 305.360 0.000 552.249 0.000 0.000 408.980 0.000
0.000 0.000 756.258 0.000 726.639 0.000 397.998 842.047
541.862 472.186 797.011 0.000 525.889 0.000 0.000 994.931
0.000 459.039 580.620 808.899 943.914 0.000 0.000 0.000
950.601 752.808 905.188 698.318 551.013 599.568 803.180 416.905
772.281 0.000 0.000 766.859 0.000 567.398 473.570 0.000
0.000 453.591 0.000 0.000 0.000 0.000 0.000 630.912
777.741 533.040 0.000 0.000 0.000 549.966 0.000 739.321
889.539 732.287 959.738 922.400 0.000 0.000 0.000 0.000
394.947 671.454 0.000 877.628 341.978 572.452 0.000 593.167
0.000 0.000 941.799 0.000 0.000 983.199 0.000 927.468
911.191 0.000 723.209 659.580 707.434 496.236 0.000 0.000
0.000 851.901 0.000 971.891 945.674 0.000 311.712 745.347
590.637 0.000 430.556 910.709 320.091 370.104 0.000 0.000
0.000 0.000 511.834 0.000 852.087 0.000 0.000 0.000
0.000 886.314 818.791 0.000 0.000 857.742 0.000 820.445
609.032 455.955 0.000 815.606 302.589 0.000 0.000 838.752
577.247 0.000 0.000 785.756 527.294 422.492 781.284 0.000
0.000 0.000 0.000 0.000 0.000 720.237 591.575 386.577
946.764 0.000 432.387 602.698 0.000 956.298 0.000 952.104
0.000 0.000 0.000 0.000 0.000 0.000 413.302 0.000
0.000 307.274 0.000 0.000 0.000 0.000 457.589 573.412
0.000 907.239 0.000 0.000 0.000 0.000 634.516 0.000
691.595 821.737 0.000 0.000 322.831 0.000 877.722 0.000
409.111 0.000 0.000 0.000 442.380 0.000 912.808 445.323
0.000 0.000 0.000 571.274 403.761 802.433 0.000 0.000
746.100 0.000 391.151 0.000 950.180 0.000 0.000 820.476
0.000 878.492 540.173 0.000 0.000 0.000 381.350 0.000
625.266 0.000 0.000 0.000 977.187 0.000 893.101 381.824
330.008 483.141 0.000 913.408 0.000 386.744 0.000 953.294
966.722 537.651 0.000 493.288 0.000 0.000 494.823 0.000
828.288 776.361 579.151 533.121 0.000 0.000 0.000 0.000
0.000 571.862 355.083 0.000 0.000 0.000 0.000 483.445
548.962 0.000 0.000 0.000 522.233 0.000 0.000 0.000
595.866 457.469 0.000 0.000 0.000 949.619 772.304 928.961
786.588 0.000 0.000 0.000 484.101 0.000 785.579 0.000
966.215 470.338 324.262 611.487 0.000 0.000 341.425 414.237
0.000 0.000 0.000 0.000 907.823 971.943 303.676 0.000
0.000 0.000 0.000 0.000 684.297 0.000 470.758 0.000
0.000 565.333 476.997 0.000 0.000 818.292 0.000 371.032
834.335 0.000 974.322 844.882 668.217 0.000 0.000 0.000
0.000 0.000 852.171 704.369 575.781 0.000 314.876 0.000
563.915 928.972 308.614 0.000 492.866 690.086 375.477 452.511
0.000 679.621 0.000 0.000 0.000 0.000 0.000 0.000
359.633 0.000 818.455 317.334 646.225 932.473 0.000 364.035
0.000 630.857 0.000 471.155 0.000 0.000 0.000 960.374
810.643 360.944 701.160 791.672 574.524 0.000 0.000 0.000
943.025 0.000 0.000 805.900 0.000 0.000 0.000 426.855
0.000 553.204 969.941 0.000 0.000 0.000 952.282 524.340
0.000 600.321 0.000 375.791 861.179 0.000 0.000 0.000
0.000 968.245 0.000 0.000 444.493 599.045 874.280 0.000
0.000 636.542 0.000 0.000 0.000 398.913 874.880 0.000
0.000 0.000 754.559 392.070 900.548 0.000 340.647 561.942
821.122 599.848 497.002 0.000 0.000 688.651 0.000 507.474
382.209 0.000 0.000 0.000 956.826 0.000 0.000 565.535
499.915 0.000 0.000 617.812 591.058 486.653 356.146 0.000
0.000 0.000 0.000 0.000 0.000 689.607 732.300 0.000
307.556 384.913 0.000 672.528 765.076 0.000 755.120 445.859
0.000 0.000 0.000 321.021 855.514 711.927 719.273 866.197
0.000 998.443 492.706 0.000 0.000 0.000 0.000 0.000
743.397 591.306 919.342 0.000 0.000 393.411 597.196 0.000
609.931 0.000 0.000 0.000 0.000 0.000 0.000 0.000
933.538 647.683 731.867 0.000 609.609 0.000 0.000 625.891
724.112 0.000 451.200 555.694 0.000 0.000 895.085 906.925
0.000 997.324 655.115 0.000 0.000 0.000 0.000 0.000
0.000 0.000 0.000 0.000 563.129 524.225 0.000 0.000
778.966 0.000 564.782 0.000 753.095 0.000 0.000 0.000
787.119 0.000 0.000 0.000 0.000 709.373 0.000 0.000
656.356 546.087 697.150 463.576 591.172 0.000 655.671 0.000
693.382 0.000 0.000 867.541 0.000 0.000 581.035 0.000
0.000 0.000 0.000 0.000 602.670 0.000 0.000 783.650
0.000 969.549 0.000 0.000 0.000 0.000 0.000 349.452
0.000 0.000 758.273 0.000 804.310 993.084 745.325 564.013
937.161 0.000 0.000 0.000 0.000 0.000 472.874 0.000
0.000 0.000 385.440 0.000 784.785 0.000 687.139 560.187
376.740 824.090 0.000 852.765 578.417 683.069 0.000 0.000
549.290 857.661 0.000 0.000 478.362 0.000 934.123 416.743
506.516 669.342 607.961 991.566 967.027 0.000 984.172 604.330
443.367 662.600 0.000 522.779 469.859 486.672 572.600 588.084
0.000 0.000 0.000 0.000 0.000 0.000 720.528 0.000
0.000 647.823 891.940 801.675 869.217 0.000 603.186 962.979
0.000 0.000 0.000 894.780 0.000 748.870 0.000 0.000
0.000 465.322 0.000 519.146 0.000 546.149 471.017 928.019
904.650 0.000 0.000 0.000 0.000 0.000 706.369 0.000
777.602 0.000 0.000 0.000 959.768 0.000 460.722 831.078
0.000 556.039 0.000 0.000 949.177 619.979 510.647 0.000
0.000 0.000 473.823 864.434 744.736 0.000 0.000 0.000
770.625 883.607 438.088 0.000 427.812 648.457 972.397 0.000
0.000 677.736 0.000 0.000 0.000 0.000 0.000 829.805
0.000 0.000 686.583 0.000 0.000 0.000 455.190 322.065
0.000 0.000 0.000 454.485 0.000 702.344 0.000 0.000
0.000 438.986 660.966 0.000 585.488 652.910 0.000 0.000
926.538 362.068 880.891 0.000 0.000 663.209 0.000 506.540
0.000 0.000 0.000 0.000 712.302 973.098 521.978 0.000
922.007 0.000 716.589 635.794 0.000 664.487 322.043 0.000
337.364 617.299 844.091 435.066 413.220 0.000 449.875 0.000
0.000 879.305 0.000 0.000 727.887 401.903 438.911 734.561
985.729 419.264 869.107 578.095 487.968 0.000 582.755 675.819
0.000 0.000 0.000 814.778 0.000 0.000 0.000 0.000
633.208 685.947 459.954 0.000 0.000 908.900 0.000 0.000
0.000 579.023 899.313 0.000 787.333 792.252 0.000 826.220
618.077 0.000 591.871 348.710 0.000 0.000 0.000 0.000
523.286 0.000 0.000 0.000 0.000 0.000 0.000 0.000
659.981 997.965 411.371 0.000 496.269 0.000 0.000 0.000
592.897 0.000 710.942 455.142 767.523 794.651 627.302 783.660
0.000 0.000 0.000 0.000 0.000 0.000 0.000 392.369
609.405 0.000 900.555 998.994 527.441 792.227 0.000 708.485
865.187 0.000 0.000 0.000 907.137 960.617 0.000 355.947
0.000 0.000 0.000 354.680 703.597 0.000 357.400 0.000
0.000 642.073 0.000 897.974 736.679 583.832 0.000 0.000
0.000 0.000 0.000 532.761 0.000 408.465 874.718 771.255
0.000 0.000 0.000 0.000 0.000 365.665 0.000 488.610
0.000 0.000 0.000 593.662 620.581 496.113 917.212 724.860
988.361 0.000 0.000 718.282 397.729 0.000 474.253 0.000
0.000 465.466 815.575 956.889 730.325 313.101 683.344 772.888
374.609 0.000 640.681 0.000 348.100 329.289 882.534 0.000
687.091 570.208 0.000 0.000 966.750 578.016 0.000 366.895
741.898 502.855 0.000 0.000 0.000 0.000 0.000 652.120
731.313 0.000 0.000 0.000 754.722 893.296 0.000 632.459
403.334 748.599 0.000 0.000 0.000 516.640 0.000 426.307
595.570 0.000 0.000 0.000 0.000 628.131 943.261 0.000
623.325 0.000 0.000 0.000 546.896 411.629 0.000 0.000
618.175 0.000 0.000 0.000 0.000 679.296 947.115 488.425
439.098 0.000 761.897 969.598 0.000 0.000 0.000 664.058
546.463 482.313 0.000 0.000 0.000 300.449 308.706 529.931
0.000 0.000 0.000 0.000 0.000 320.586 834.288 396.499
400.322 303.030 840.625 0.000 862.990 0.000 0.000 673.188
558.689 606.954 0.000 0.000 0.000 0.000 0.000 0.000
0.000 606.387 0.000 929.693 0.000 0.000 706.634 658.174
936.146 0.000 0.000 0.000 688.872 0.000 536.079 768.807
0.000 0.000 0.000 0.000 902.523 405.249 765.889 839.281
0.000 0.000 701.463 340.563 315.377 0.000 643.672 0.000
0.000 0.000 927.111 0.000 422.562 0.000 619.551 0.000
0.000 0.000 907.799 381.705 0.000 397.592 735.999 0.000
806.772 0.000 893.806 0.000 337.355 0.000 395.151 0.000
613.504 306.778 0.000 0.000 500.919 0.000 0.000 501.421
0.000 0.000 511.312 672.526 0.000 0.000 0.000 664.341
0.000 0.000 714.775 402.555 814.977 859.642 813.358 443.185
0.000 0.000 438.243 449.740 644.325 0.000 0.000 0.000
0.000 520.935 524.147 0.000 0.000 927.313 0.000 0.000
0.000 560.055 0.000 0.000 857.837 0.000 697.966 918.286
0.000 777.736 885.022 0.000 407.900 0.000 486.064 0.000
0.000 0.000 0.000 0.000 0.000 591.271 451.186 796.054
0.000 484.753 826.462 860.747 0.000 771.327 598.705 0.000
0.000 0.000 313.688 0.000 0.000 0.000 0.000 0.000
375.423 0.000 0.000 0.000 939.851 0.000 723.819 702.893
0.000 774.154 761.139 0.000 0.000 0.000 0.000 589.376
0.000 0.000 772.352 0.000 818.010 0.000 525.654 482.871
0.000 756.731 947.514 667.382 747.437 0.000 364.133 0.000
868.858 694.535 0.000 0.000 0.000 0.000 369.807 0.000
674.143 0.000 713.118 0.000 0.000 0.000 426.510 450.544
778.359 546.648 450.977 0.000 772.515 853.694 0.000 0.000
0.000 0.000 915.873 402.642 631.070 0.000 0.000 0.000
961.003 490.031 0.000 625.236 0.000 584.375 0.000 965.541
0.000 0.000 0.000 0.000 492.103 323.114 313.872 486.592
0.000 601.778 0.000 0.000 0.000 0.000 890.996 0.000
0.000 710.021 422.877 0.000 0.000 0.000 0.000 892.537
0.000 0.000 477.044 668.626 0.000 808.130 543.597 0.000
0.000 370.886 365.563 937.202 0.000 415.086 0.000 0.000
896.872 974.648 0.000 310.181 0.000 0.000 652.037 527.621
508.173 679.447 0.000 0.000 447.908 0.000 0.000 0.000
918.599 952.235 0.000 0.000 342.369 0.000 400.860 963.601
459.538 0.000 745.637 502.759 0.000 0.000 0.000 0.000
0.000 0.000 355.425 0.000 919.354 0.000 0.000 871.278
0.000 0.000 429.003 0.000 993.509 0.000 0.000 413.563
393.005 0.000 901.354 932.449 0.000 0.000 0.000 0.000
0.000 0.000 749.842 798.515 0.000 684.452 483.357 520.619
0.000 839.970 0.000 645.576 0.000 838.028 0.000 853.346
0.000 0.000 0.000 780.498 0.000 0.000 0.000 0.000
0.000 910.385 665.563 0.000 0.000 382.031 0.000 948.921
0.000 332.376 543.897 0.000 838.134 0.000 0.000 0.000
692.677 0.000 343.985 0.000 0.000 359.597 470.571 324.807
971.755 0.000 952.516 991.803 478.373 933.724 0.000 939.355
0.000 0.000 0.000 986.090 0.000 684.821 0.000 0.000
876.099 0.000 552.793 0.000 0.000 0.000 0.000 309.780
0.000 0.000 332.246 0.000 0.000 0.000 365.198 678.162
612.278 0.000 0.000 391.411 857.510 987.997 905.024 580.517
866.797 312.414 0.000 0.000 901.884 0.000 352.793 668.130
445.413 0.000 0.000 0.000 0.000 0.000 733.043 0.000
0.000 0.000 373.677 0.000 0.000 0.000 928.575 800.998
640.020 816.915 514.133 0.000 0.000 944.182 650.610 0.000
610.659 0.000 717.499 0.000 0.000 453.462 728.277 653.579
0.000 0.000 890.258 0.000 0.000 418.086 752.302 949.716
842.794 792.357 511.275 920.235 0.000 0.000 0.000 912.145
538.518 543.517 0.000 497.375 468.429 657.976 0.000 644.493
0.000 584.017 0.000 607.600 0.000 927.819 0.000 0.000
0.000 0.000 0.000 0.000 818.617 0.000 446.030 0.000
332.198 765.627 831.389 397.980 406.353 533.796 966.488 548.029
376.732 806.073 679.065 511.543 661.745 614.157 860.916 863.612
668.182 754.951 0.000 724.891 0.000 995.718 0.000 858.912
0.000 0.000 672.764 769.104 0.000 0.000 640.806 607.250
512.459 308.130 370.329 0.000 905.187 0.000 0.000 0.000
720.489 0.000 730.047 723.814 0.000 912.162 0.000 0.000
680.067 567.048 462.565 0.000 505.941 552.689 456.689 790.214
916.879 418.015 0.000 606.998 598.498 850.453 0.000 887.692
305.812 445.977 0.000 811.438 0.000 811.569 0.000 488.209
0.000 0.000 756.652 539.829 0.000 821.219 842.508 0.000
0.000 680.113 0.000 429.826 738.986 575.538 698.443 348.136
849.465 991.817 0.000 0.000 0.000 0.000 843.296 0.000
0.000 470.682 0.000 0.000 614.309 0.000 0.000 363.538
883.478 0.000 718.406 470.735 0.000 359.973 436.295 0.000
0.000 0.000 736.147 774.957 407.413 0.000 0.000 0.000
775.725 0.000 0.000 439.785 0.000 782.682 414.414 407.404
478.694 830.094 0.000 0.000 425.411 0.000 774.070 0.000
0.000 413.885 795.109 0.000 0.000 392.862 538.637 0.000
627.983 559.050 689.323 0.000 526.182 944.577 931.551 700.984
300.651 870.534 0.000 673.652 0.000 954.909 0.000 0.000
576.402 559.332 618.747 0.000 0.000 787.103 0.000 0.000
631.745 821.215 0.000 0.000 0.000 737.032 0.000 581.206
453.984 891.061 0.000 804.260 0.000 463.343 526.390 598.860
337.160 0.000 387.237 840.602 369.137 0.000 306.221 0.000
0.000 0.000 575.944 415.692 521.050 342.540 0.000 392.614
0.000 0.000 480.590 514.072 0.000 0.000 0.000 328.111
617.973 710.681 0.000 0.000 0.000 395.510 0.000 513.206
0.000 0.000 0.000 353.690 0.000 982.580 0.000 0.000
343.353 517.636 716.957 345.509 0.000 846.576 0.000 0.000
0.000 0.000 0.000 0.000 0.000 0.000 691.738 849.858
784.753 0.000 0.000 0.000 367.071 704.457 824.391 0.000
0.000 0.000 0.000 899.724 0.000 480.498 859.755 0.000
775.838 545.783 0.000 0.000 0.000 309.993 0.000 362.364
369.642 0.000 984.703 0.000 0.000 0.000 436.566 0.000
0.000 0.000 417.732 0.000 0.000 0.000 818.224 349.868
0.000 0.000 0.000 0.000 0.000 0.000 935.144 377.247
0.000 627.017 0.000 0.000 492.864 0.000 0.000 0.000
912.259 0.000 0.000 430.238 532.745 771.799 0.000 0.000
543.221 311.497 0.000 425.969 891.855 784.202 0.000 0.000
0.000 490.824 0.000 766.329 0.000 580.208 0.000 811.090
0.000 353.441 409.525 808.698 681.609 0.000 0.000 0.000
512.643 986.372 633.761 0.000 0.000 354.856 310.136 0.000
0.000 0.000 460.351 0.000 0.000 444.481 0.000 538.819
967.881 0.000 0.000 0.000 0.000 427.712 0.000 366.996
738.977 0.000 594.299 304.224 0.000 0.000 0.000 0.000
0.000 0.000 955.563 907.715 0.000 842.949 724.609 748.336
733.582 789.902 454.239 0.000 859.332 0.000 471.859 340.933
365.356 479.550 304.905 687.429 0.000 554.172 428.586 937.194
796.037 509.234 0.000 554.598 765.287 847.561 0.000 0.000
0.000 575.046 505.752 0.000 0.000 364.719 0.000 618.707
0.000 535.674 0.000 0.000 853.114 0.000 0.000 0.000
792.895 0.000 0.000 318.766 0.000 0.000 0.000 0.000
915.884 0.000 0.000 0.000 659.623 452.397 0.000 0.000
591.430 0.000 458.008 0.000 848.874 0.000 0.000 457.450
469.331 0.000 391.481 309.167 600.406 0.000 460.798 719.477
0.000 457.113 627.100 0.000 0.000 864.247 543.704 932.012
692.235 341.079 0.000 0.000 0.000 0.000 853.662 0.000
397.415 307.071 771.343 636.027 0.000 665.900 0.000 0.000
0.000 914.492 691.795 0.000 800.259 407.802 906.016 0.000
789.211 753.400 0.000 918.031 0.000 0.000 0.000 0.000
412.301 0.000 0.000 0.000 817.199 997.920 616.873 917.064
313.139 863.894 0.000 0.000 0.000 513.341 0.000 0.000
587.716 0.000 0.000 772.404 0.000 899.020 0.000 723.715
0.000 498.855 0.000 714.734 968.653 684.447 492.508 0.000
0.000 509.064 0.000 0.000 410.488 395.373 310.843 0.000
492.240 0.000 560.600 0.000 0.000 731.280 342.398 975.157
635.636 0.000 920.960 0.000 880.295 0.000 0.000 0.000
443.529 0.000 0.000 0.000 0.000 936.496 0.000 528.706
0.000 0.000 0.000 858.971 0.000 0.000 0.000 403.326
370.909 559.793 808.669 0.000 480.734 0.000 851.757 0.000
0.000 0.000 0.000 0.000 0.000 0.000 0.000 345.417
0.000 425.993 0.000 0.000 0.000 0.000 796.654 0.000
0.000 0.000 0.000 0.000 0.000 0.000 0.000 459.973
0.000 398.149 0.000 0.000 0.000 0.000 0.000 0.000
460.265 0.000 662.433 788.511 560.597 0.000 0.000 0.000
0.000 0.000 0.000 418.976 907.695 652.451 0.000 424.520
0.000 0.000 0.000 736.977 614.931 0.000 0.000 0.000
335.853 817.820 0.000 895.576 0.000 558.502 968.078 0.000
0.000 984.581 0.000 0.000 626.328 0.000 0.000 0.000
676.362 0.000 617.432 394.122 0.000 0.000 0.000 0.000
722.766 844.623 852.274 659.036 375.069 981.628 0.000 888.942
0.000 0.000 0.000 0.000 0.000 721.070 799.845 547.427
0.000 0.000 386.235 912.215 970.907 757.669 904.678 725.760
