0.000 502.770 0.000 939.067 652.294 667.245 957.362 711.760
0.000 351.327 0.000 314.311 620.122 0.000 0.000 402.931
710.045 0.000 0.000 0.000 0.000 799.915 404.896 312.489
0.000 716.286 532.988 0.000 974.973 0.000 414.582 0.000
0.000 512.051 0.000 979.788 624.797 0.000 924.668 405.822
0.000 0.000 0.000 439.100 0.000 974.034 629.538 0.000
647.612 0.000 0.000 0.000 0.000 0.000 0.000 0.000
0.000 0.000 609.708 0.000 0.000 0.000 851.770 0.000
789.779 0.000 0.000 765.403 0.000 697.181 0.000 0.000
0.000 0.000 982.860 0.000 0.000 0.000 0.000 0.000
762.607 599.529 0.000 0.000 456.011 0.000 0.000 0.000
921.515 0.000 524.321 636.025 836.147 321.151 0.000 0.000
0.000 539.312 0.000 0.000 0.000 0.000 0.000 0.000
567.622 0.000 309.769 0.000 405.284 773.292 912.294 0.000
412.857 0.000 0.000 471.041 921.492 0.000 0.000 666.416
0.000 0.000 0.000 577.115 0.000 0.000 0.000 0.000
0.000 0.000 0.000 961.869 0.000 0.000 0.000 0.000
479.406 379.064 0.000 798.684 380.573 617.746 0.000 0.000
0.000 0.000 0.000 0.000 0.000 384.976 0.000 0.000
477.549 571.263 664.586 0.000 0.000 472.303 0.000 0.000
0.000 0.000 639.157 401.849 0.000 0.000 588.461 0.000
382.490 427.041 393.455 0.000 0.000 882.637 840.756 0.000
595.516 0.000 0.000 0.000 382.086 651.196 0.000 0.000
0.000 512.180 717.691 0.000 887.960 717.371 737.635 0.000
0.000 0.000 0.000 913.282 0.000 626.738 0.000 998.737
491.064 725.994 945.475 917.834 501.117 669.008 0.000 0.000
814.553 470.307 0.000 804.085 822.912 0.000 410.563 545.496
993.874 981.717 0.000 0.000 315.488 744.624 0.000 0.000
446.644 980.158 0.000 0.000 0.000 0.000 0.000 918.381
701.391 0.000 889.891 0.000 779.278 0.000 0.000 434.967
671.675 361.883 0.000 0.000 564.862 0.000 0.000 0.000
0.000 0.000 301.086 386.336 541.328 0.000 0.000 0.000
687.988 611.435 0.000 301.932 0.000 921.274 737.786 0.000
0.000 354.635 890.555 0.000 0.000 987.760 0.000 0.000
623.355 926.414 840.749 0.000 0.000 0.000 0.000 696.121
0.000 308.185 0.000 0.000 0.000 0.000 0.000 797.489
0.000 0.000 549.601 922.501 0.000 805.360 0.000 0.000
0.000 0.000 0.000 0.000 0.000 592.103 0.000 0.000
0.000 683.782 913.282 0.000 300.931 0.000 0.000 0.000
681.522 927.072 462.209 0.000 679.914 0.000 691.649 582.735
805.705 484.444 0.000 0.000 0.000 501.723 314.849 828.855
471.944 0.000 0.000 0.000 534.057 780.679 429.475 0.000
0.000 721.856 0.000 0.000 0.000 0.000 424.813 395.886
537.089 651.789 649.064 330.349 0.000 0.000 0.000 0.000
617.478 0.000 0.000 0.000 0.000 0.000 0.000 478.339
481.650 0.000 0.000 853.302 530.236 0.000 712.904 414.378
589.719 0.000 0.000 492.693 0.000 0.000 0.000 0.000
478.482 843.115 851.086 743.002 0.000 0.000 510.224 0.000
0.000 435.208 0.000 0.000 978.624 628.920 770.758 354.539
719.570 0.000 0.000 302.305 0.000 0.000 0.000 650.513
0.000 813.325 0.000 0.000 0.000 356.816 505.694 337.093
0.000 0.000 841.396 482.439 374.898 456.006 0.000 0.000
573.716 948.585 0.000 0.000 0.000 460.815 0.000 699.392
416.095 0.000 710.148 0.000 964.224 977.542 642.300 0.000
918.381 450.563 0.000 308.909 744.191 0.000 0.000 658.778
356.754 916.542 0.000 581.319 748.807 0.000 0.000 0.000
0.000 732.525 590.587 623.045 0.000 0.000 351.454 0.000
0.000 0.000 368.426 930.282 0.000 0.000 0.000 0.000
574.484 780.748 0.000 678.931 444.705 300.018 0.000 0.000
0.000 0.000 0.000 900.394 803.093 0.000 0.000 417.597
704.146 0.000 836.935 0.000 0.000 0.000 618.250 0.000
0.000 0.000 915.375 685.677 742.126 0.000 0.000 592.664
0.000 973.740 0.000 0.000 0.000 0.000 0.000 0.000
587.871 0.000 0.000 0.000 0.000 0.000 0.000 849.545
302.452 0.000 819.964 0.000 0.000 0.000 0.000 600.912
0.000 0.000 0.000 0.000 0.000 0.000 852.995 877.434
637.326 979.771 0.000 0.000 0.000 511.388 0.000 0.000
0.000 0.000 521.436 0.000 0.000 355.811 0.000 616.960
0.000 0.000 0.000 0.000 531.271 0.000 0.000 0.000
0.000 865.977 370.715 871.395 0.000 481.974 0.000 0.000
0.000 748.484 570.187 0.000 0.000 0.000 806.180 304.129
507.295 0.000 0.000 848.742 886.410 422.045 821.890 812.268
527.870 565.133 499.093 777.619 0.000 343.338 430.806 872.846
0.000 434.239 363.026 0.000 0.000 638.930 453.775 317.209
593.302 501.599 0.000 688.470 535.650 575.822 0.000 978.848
0.000 0.000 0.000 700.903 0.000 0.000 715.128 417.697
868.832 0.000 586.977 0.000 597.087 361.679 0.000 0.000
0.000 802.548 0.000 661.842 443.040 0.000 0.000 0.000
568.736 881.920 577.276 0.000 0.000 0.000 0.000 328.969
0.000 645.622 0.000 409.500 0.000 0.000 0.000 531.601
340.414 450.564 0.000 0.000 0.000 0.000 0.000 330.926
883.620 480.080 771.331 815.103 377.078 0.000 0.000 423.986
699.666 0.000 0.000 0.000 302.687 357.606 537.502 302.192
0.000 0.000 0.000 433.425 0.000 0.000 0.000 0.000
0.000 507.790 377.875 748.798 0.000 0.000 0.000 0.000
570.703 669.560 0.000 0.000 0.000 0.000 689.600 0.000
0.000 0.000 0.000 440.089 0.000 519.474 0.000 0.000
0.000 498.905 668.092 436.266 356.198 0.000 973.392 0.000
0.000 328.445 542.563 0.000 451.732 0.000 678.927 649.981
337.960 0.000 0.000 739.864 610.660 0.000 941.346 0.000
0.000 842.963 0.000 0.000 787.383 0.000 416.729 668.796
0.000 666.299 595.742 0.000 0.000 0.000 0.000 736.098
956.659 391.637 442.399 705.230 774.466 0.000 357.154 333.092
0.000 0.000 0.000 604.036 0.000 0.000 0.000 0.000
440.183 732.946 645.570 0.000 771.957 743.488 0.000 813.960
871.740 959.064 0.000 358.997 638.551 387.801 865.489 668.785
896.637 0.000 0.000 518.457 630.224 0.000 0.000 0.000
0.000 0.000 442.335 653.478 0.000 0.000 0.000 0.000
0.000 0.000 0.000 705.147 0.000 813.395 0.000 560.859
0.000 0.000 728.527 778.846 0.000 726.711 0.000 745.483
828.773 0.000 740.334 0.000 677.385 928.714 304.909 633.981
428.044 825.359 425.840 989.771 800.698 315.274 907.865 0.000
0.000 881.874 467.566 963.690 0.000 0.000 362.511 0.000
0.000 0.000 0.000 762.746 488.935 410.535 794.379 812.199
0.000 0.000 424.613 580.893 0.000 0.000 0.000 753.233
381.767 375.444 576.330 0.000 0.000 0.000 0.000 0.000
443.207 541.095 954.234 0.000 585.036 478.702 891.167 0.000
0.000 736.478 0.000 0.000 0.000 0.000 0.000 0.000
0.000 0.000 660.894 0.000 0.000 861.618 802.676 0.000
0.000 981.552 922.630 808.631 0.000 0.000 557.262 0.000
522.001 830.840 356.764 0.000 392.903 761.465 602.995 0.000
0.000 0.000 0.000 0.000 649.588 0.000 704.114 711.168
540.111 361.825 526.205 0.000 0.000 0.000 0.000 554.564
0.000 0.000 0.000 806.100 720.881 0.000 853.766 0.000
0.000 0.000 323.462 659.907 0.000 0.000 0.000 0.000
510.331 409.955 631.407 0.000 0.000 501.727 0.000 439.298
345.545 0.000 935.229 838.936 0.000 857.674 307.760 0.000
975.748 452.396 689.623 367.038 513.620 628.491 0.000 577.309
0.000 446.893 461.386 845.113 0.000 805.858 0.000 0.000
916.506 0.000 0.000 0.000 0.000 0.000 837.610 888.796
0.000 0.000 0.000 346.462 0.000 851.961 0.000 350.152
828.559 0.000 695.521 917.790 879.797 0.000 392.666 0.000
0.000 426.992 659.600 0.000 895.404 0.000 910.394 0.000
0.000 0.000 519.233 0.000 501.765 0.000 0.000 0.000
0.000 616.976 716.380 325.187 698.303 0.000 0.000 0.000
0.000 0.000 923.880 0.000 996.004 665.139 0.000 0.000
0.000 0.000 541.340 581.823 335.145 0.000 310.622 964.478
812.180 0.000 442.400 457.365 332.565 0.000 0.000 401.115
0.000 0.000 0.000 0.000 0.000 689.634 871.092 0.000
993.308 0.000 793.477 445.077 690.439 0.000 540.684 0.000
0.000 802.693 0.000 0.000 321.118 495.701 580.809 0.000
998.435 964.654 0.000 879.505 806.943 0.000 0.000 0.000
742.741 0.000 0.000 350.116 0.000 900.082 627.277 0.000
0.000 0.000 0.000 0.000 437.153 323.986 0.000 395.161
0.000 0.000 0.000 511.547 977.342 0.000 0.000 0.000
0.000 0.000 0.000 910.512 0.000 0.000 0.000 649.474
985.647 417.190 0.000 0.000 460.825 317.561 0.000 343.230
745.747 624.993 987.714 0.000 451.797 433.924 0.000 831.242
491.200 602.826 0.000 0.000 0.000 636.373 494.936 0.000
0.000 0.000 635.726 408.174 0.000 807.582 0.000 0.000
776.962 0.000 349.553 530.060 317.734 0.000 507.447 731.911
0.000 0.000 875.504 549.439 428.258 702.831 0.000 0.000
0.000 0.000 0.000 0.000 0.000 0.000 653.805 920.053
596.301 666.569 0.000 0.000 0.000 358.847 950.137 834.277
0.000 565.825 0.000 929.991 716.342 0.000 0.000 998.965
772.525 643.854 0.000 0.000 0.000 525.508 0.000 606.101
0.000 0.000 0.000 503.655 335.657 888.399 0.000 367.328
0.000 686.733 0.000 360.807 0.000 755.064 900.500 459.754
772.159 0.000 0.000 740.907 0.000 0.000 0.000 908.360
747.675 676.747 327.839 0.000 0.000 816.257 0.000 904.919
0.000 730.263 764.761 757.210 498.203 937.817 0.000 476.594
951.282 0.000 0.000 941.840 764.836 838.316 0.000 0.000
0.000 0.000 0.000 990.464 437.247 0.000 461.111 0.000
0.000 0.000 891.065 610.642 0.000 945.627 0.000 0.000
0.000 0.000 874.307 603.120 0.000 0.000 307.269 0.000
0.000 675.434 912.000 614.142 0.000 0.000 0.000 752.687
0.000 575.467 714.701 0.000 0.000 0.000 0.000 614.513
0.000 741.196 0.000 586.895 365.481 0.000 0.000 753.129
992.617 303.791 0.000 0.000 318.868 383.013 0.000 0.000
0.000 791.291 973.203 582.280 691.086 0.000 849.073 0.000
0.000 0.000 0.000 0.000 0.000 0.000 0.000 847.119
602.035 486.818 713.611 0.000 454.503 352.639 0.000 0.000
0.000 839.943 0.000 0.000 0.000 657.045 504.251 0.000
0.000 0.000 0.000 0.000 0.000 362.085 0.000 870.020
957.694 989.603 670.865 485.859 0.000 612.622 0.000 926.134
0.000 529.911 0.000 575.218 0.000 801.450 0.000 0.000
733.502 313.737 0.000 0.000 0.000 417.909 443.792 0.000
652.220 0.000 0.000 599.925 964.900 0.000 0.000 573.684
0.000 348.689 659.630 0.000 517.467 414.149 334.426 708.401
741.861 0.000 813.641 624.427 334.417 0.000 0.000 0.000
585.368 0.000 0.000 809.378 0.000 648.341 0.000 0.000
0.000 692.747 546.785 304.452 731.224 652.116 521.456 771.064
0.000 844.207 0.000 0.000 334.056 339.096 0.000 0.000
735.819 483.828 888.658 0.000 964.196 557.296 987.781 0.000
0.000 855.498 752.022 341.304 630.520 873.883 942.671 0.000
0.000 758.095 0.000 0.000 0.000 642.872 326.735 704.908
716.832 715.152 590.233 696.326 359.351 757.398 698.407 826.647
0.000 384.897 0.000 0.000 0.000 0.000 689.766 924.127
0.000 0.000 0.000 0.000 0.000 0.000 622.827 0.000
567.144 0.000 0.000 0.000 0.000 0.000 0.000 537.271
0.000 621.368 0.000 0.000 318.037 0.000 975.749 586.608
0.000 0.000 0.000 0.000 0.000 0.000 431.686 0.000
0.000 0.000 393.047 0.000 0.000 905.256 0.000 0.000
0.000 983.712 860.110 512.019 605.418 840.162 0.000 0.000
0.000 0.000 0.000 0.000 793.801 0.000 540.880 0.000
611.614 580.539 0.000 0.000 0.000 0.000 0.000 0.000
843.877 0.000 369.084 877.963 0.000 968.923 995.453 918.827
0.000 0.000 0.000 0.000 600.297 634.765 0.000 0.000
0.000 806.559 0.000 0.000 0.000 0.000 381.456 753.640
769.040 0.000 0.000 0.000 349.845 0.000 0.000 317.367
558.688 0.000 633.901 826.665 405.855 0.000 339.465 0.000
768.407 455.982 0.000 0.000 0.000 331.568 0.000 0.000
387.176 992.828 731.441 0.000 0.000 956.034 501.350 0.000
965.296 442.904 0.000 741.127 0.000 483.188 573.610 677.454
669.087 0.000 0.000 0.000 0.000 0.000 0.000 0.000
303.344 346.819 627.575 0.000 738.376 0.000 0.000 973.844
0.000 970.802 532.935 0.000 0.000 744.594 0.000 433.124
573.203 0.000 0.000 675.267 0.000 0.000 0.000 736.930
917.309 747.628 473.602 979.396 0.000 0.000 0.000 0.000
660.183 727.837 333.295 322.361 851.428 397.133 0.000 0.000
613.315 0.000 0.000 815.004 300.695 0.000 0.000 0.000
862.857 579.848 0.000 427.259 0.000 0.000 482.473 0.000
929.800 0.000 964.064 567.685 0.000 520.443 635.211 0.000
0.000 705.075 314.764 0.000 497.047 427.016 0.000 909.920
0.000 566.867 565.931 309.615 0.000 0.000 0.000 0.000
798.661 0.000 0.000 348.247 996.636 0.000 796.658 934.580
480.945 532.628 0.000 394.391 0.000 498.393 0.000 393.477
609.646 0.000 0.000 762.959 334.823 0.000 0.000 889.801
0.000 0.000 683.047 0.000 973.714 0.000 0.000 0.000
670.189 0.000 696.507 659.922 0.000 387.790 0.000 0.000
0.000 0.000 575.400 0.000 0.000 318.678 758.436 0.000
738.685 0.000 0.000 0.000 0.000 0.000 531.213 0.000
0.000 845.085 448.695 728.547 0.000 0.000 832.442 691.179
0.000 0.000 537.713 0.000 0.000 0.000 0.000 856.256
0.000 0.000 429.178 0.000 0.000 591.784 475.338 909.451
338.724 353.540 0.000 632.138 0.000 624.560 495.835 0.000
0.000 0.000 496.017 0.000 453.451 0.000 953.977 734.533
0.000 657.209 0.000 345.948 0.000 444.119 0.000 0.000
0.000 0.000 0.000 0.000 0.000 410.920 0.000 301.398
0.000 589.594 789.895 0.000 0.000 0.000 0.000 0.000
328.726 719.980 629.293 973.458 0.000 0.000 577.149 671.510
0.000 907.953 0.000 0.000 0.000 663.382 341.390 0.000
0.000 652.767 0.000 0.000 0.000 0.000 0.000 740.103
425.035 0.000 0.000 382.497 0.000 0.000 0.000 690.690
706.138 0.000 582.369 731.169 0.000 0.000 777.494 0.000
810.018 953.814 0.000 973.427 556.747 0.000 948.413 0.000
637.477 0.000 0.000 308.640 356.774 373.072 0.000 333.777
369.422 576.031 0.000 0.000 553.998 0.000 0.000 0.000
0.000 0.000 557.453 825.179 0.000 0.000 431.211 897.951
0.000 0.000 0.000 966.096 0.000 821.857 495.679 810.108
756.371 0.000 0.000 378.542 534.684 907.255 0.000 437.149
0.000 860.807 0.000 0.000 629.995 784.434 625.229 668.691
981.013 445.329 0.000 957.707 0.000 0.000 909.506 833.143
0.000 0.000 0.000 0.000 466.677 640.095 0.000 0.000
952.999 0.000 0.000 999.167 0.000 456.644 0.000 757.529
640.000 0.000 404.167 0.000 924.122 0.000 306.251 0.000
765.847 754.161 0.000 618.103 907.259 0.000 403.246 922.783
780.272 0.000 448.864 0.000 0.000 0.000 373.454 882.218
641.090 0.000 0.000 932.180 600.153 779.294 0.000 0.000
929.825 0.000 733.807 0.000 0.000 769.210 670.253 698.119
0.000 442.303 0.000 841.942 0.000 0.000 846.755 0.000
950.668 0.000 0.000 920.930 0.000 0.000 0.000 0.000
0.000 908.318 321.814 0.000 0.000 0.000 0.000 516.128
672.764 0.000 0.000 0.000 0.000 0.000 0.000 0.000
0.000 0.000 0.000 661.519 0.000 314.648 0.000 550.533
593.102 0.000 0.000 905.792 751.966 0.000 0.000 589.795
0.000 388.679 825.231 0.000 0.000 0.000 0.000 523.431
0.000 0.000 0.000 0.000 316.469 964.310 782.566 989.234
0.000 0.000 0.000 441.746 376.313 0.000 642.832 0.000
0.000 347.838 0.000 466.623 448.801 984.888 638.502 320.931
890.912 0.000 0.000 328.979 0.000 0.000 311.184 0.000
585.944 671.969 0.000 374.339 885.755 925.649 721.759 506.466
581.140 0.000 0.000 812.378 0.000 690.444 0.000 0.000
0.000 864.445 0.000 306.535 421.760 0.000 828.549 0.000
0.000 0.000 916.810 0.000 766.975 634.228 0.000 619.039
0.000 0.000 0.000 0.000 969.354 809.071 0.000 643.814
0.000 605.951 0.000 0.000 0.000 0.000 625.328 0.000
0.000 735.780 0.000 0.000 595.437 0.000 705.611 0.000
724.538 527.610 311.487 0.000 995.502 579.942 311.270 955.347
0.000 758.390 814.238 818.652 0.000 0.000 0.000 979.637
695.424 880.868 0.000 747.987 389.033 477.334 0.000 0.000
0.000 519.004 471.407 340.887 0.000 0.000 371.350 0.000
0.000 0.000 0.000 0.000 621.220 967.914 0.000 762.508
0.000 491.379 382.385 508.630 589.032 899.712 0.000 0.000
0.000 0.000 835.231 938.554 0.000 0.000 0.000 587.672
0.000 0.000 0.000 0.000 0.000 515.351 539.519 0.000
904.348 0.000 0.000 0.000 955.216 0.000 0.000 0.000
0.000 887.925 850.033 0.000 0.000 936.363 970.846 0.000
700.418 0.000 980.520 868.264 650.123 0.000 688.696 667.579
912.728 882.176 0.000 928.589 0.000 0.000 811.297 747.263
895.260 0.000 958.666 0.000 0.000 0.000 590.902 0.000
861.249 819.976 863.597 874.071 803.665 0.000 574.333 0.000
0.000 0.000 0.000 0.000 855.965 0.000 0.000 0.000
603.915 0.000 428.707 0.000 948.804 824.642 519.108 812.136
0.000 0.000 0.000 0.000 366.336 499.497 0.000 454.305
534.773 0.000 596.097 857.671 0.000 310.264 0.000 0.000
991.316 0.000 835.866 337.469 0.000 819.597 0.000 0.000
569.561 0.000 0.000 0.000 0.000 0.000 864.853 0.000
989.262 0.000 857.144 457.209 0.000 965.894 583.553 0.000
384.450 671.777 0.000 729.230 0.000 408.774 796.172 0.000
801.272 491.725 510.399 884.884 0.000 0.000 0.000 0.000
0.000 957.487 990.724 904.478 0.000 0.000 546.607 757.592
0.000 0.000 501.459 0.000 0.000 548.924 0.000 0.000
469.330 0.000 0.000 0.000 407.519 0.000 0.000 779.124
996.261 652.779 466.866 670.076 922.310 0.000 868.420 0.000
432.688 0.000 0.000 0.000 499.399 0.000 593.536 0.000
477.815 0.000 782.366 0.000 940.329 968.411 362.169 0.000
0.000 434.214 0.000 685.962 0.000 0.000 612.481 0.000
0.000 961.408 0.000 344.487 0.000 0.000 0.000 0.000
0.000 0.000 662.004 0.000 378.528 613.067 706.675 0.000
385.757 653.712 0.000 744.930 0.000 0.000 505.757 0.000
602.985 0.000 433.331 829.005 0.000 456.744 0.000 0.000
0.000 0.000 400.855 416.503 0.000 636.123 464.552 912.604
0.000 977.823 882.598 744.412 0.000 841.378 0.000 549.717
603.917 858.166 719.147 857.670 0.000 0.000 848.566 0.000
937.951 518.032 0.000 575.356 0.000 432.371 0.000 0.000
0.000 367.850 0.000 584.158 0.000 0.000 0.000 445.756
646.965 0.000 0.000 371.547 0.000 674.051 0.000 0.000
880.670 620.145 0.000 444.343 436.476 413.528 0.000 432.635
0.000 0.000 415.401 0.000 0.000 524.247 0.000 0.000
0.000 881.972 843.423 0.000 0.000 796.595 0.000 0.000
452.725 0.000 0.000 915.664 0.000 832.041 755.217 958.217
963.804 0.000 0.000 960.045 0.000 0.000 656.508 921.557
0.000 0.000 0.000 509.296 418.643 0.000 0.000 658.750
0.000 356.682 0.000 0.000 0.000 0.000 0.000 300.003
0.000 0.000 371.094 342.863 722.214 0.000 750.701 0.000
0.000 0.000 760.475 0.000 0.000 0.000 786.482 0.000
0.000 488.378 0.000 919.482 0.000 0.000 757.642 0.000
417.350 879.829 0.000 0.000 0.000 0.000 0.000 502.567
0.000 0.000 890.555 807.407 0.000 0.000 897.415 780.693
0.000 0.000 832.280 403.489 0.000 0.000 0.000 0.000
633.524 0.000 0.000 0.000 900.424 649.917 0.000 706.739
0.000 0.000 0.000 864.380 891.054 0.000 0.000 0.000
0.000 893.245 757.876 0.000 624.727 596.909 492.246 0.000
0.000 0.000 0.000 0.000 402.454 415.656 891.672 426.987
0.000 511.182 0.000 0.000 0.000 377.651 417.590 325.859
0.000 390.042 953.608 300.191 0.000 0.000 0.000 0.000
703.853 647.873 513.452 667.141 883.481 681.411 582.271 687.115
0.000 0.000 872.055 936.403 0.000 352.112 0.000 0.000
642.421 0.000 815.163 996.710 0.000 922.703 0.000 0.000
751.550 0.000 0.000 849.950 0.000 792.521 946.520 601.205
515.095 0.000 0.000 0.000 0.000 326.458 0.000 0.000
675.510 0.000 769.483 0.000 461.345 822.882 0.000 0.000
618.074 0.000 0.000 668.808 0.000 0.000 926.572 726.470
0.000 0.000 0.000 0.000 0.000 0.000 593.189 686.862
629.453 0.000 0.000 414.528 0.000 0.000 0.000 0.000
0.000 468.322 0.000 396.312 316.560 569.542 522.273 480.217
0.000 0.000 803.472 599.984 537.504 378.959 877.763 690.422
633.447 821.077 0.000 948.115 0.000 0.000 0.000 0.000
0.000 698.240 0.000 0.000 0.000 0.000 397.791 0.000
598.115 940.543 466.358 0.000 0.000 0.000 0.000 0.000
470.411 0.000 0.000 801.501 338.355 0.000 776.466 574.607
515.538 725.366 0.000 0.000 469.525 0.000 864.313 653.713
862.148 0.000 0.000 0.000 948.894 965.641 332.680 451.736
924.125 0.000 0.000 980.080 526.236 0.000 0.000 768.541
542.315 0.000 0.000 0.000 434.898 0.000 506.570 0.000
759.067 537.765 0.000 345.574 502.855 0.000 0.000 625.785
607.664 677.220 833.809 670.610 674.575 0.000 0.000 0.000
0.000 956.044 0.000 974.890 0.000 0.000 917.830 0.000
378.359 637.536 400.631 634.942 815.176 0.000 0.000 858.188
397.420 0.000 0.000 489.175 690.503 947.489 0.000 0.000
0.000 353.435 0.000 0.000 899.486 989.692 827.545 540.688
0.000 736.672 0.000 859.516 428.038 341.634 845.382 538.899
877.176 0.000 370.613 0.000 0.000 466.186 794.826 0.000
829.506 987.980 0.000 0.000 316.962 559.297 812.114 737.535
0.000 848.963 0.000 441.669 718.745 344.493 737.696 0.000
850.482 0.000 0.000 971.011 346.756 0.000 551.430 0.000
0.000 309.245 323.894 592.953 0.000 0.000 0.000 0.000
690.028 0.000 0.000 0.000 0.000 0.000 816.976 508.113
0.000 0.000 0.000 321.556 0.000 0.000 588.186 967.973
426.809 770.993 0.000 663.992 611.314 720.220 693.757 712.251
314.841 389.547 407.180 559.360 0.000 752.052 342.124 560.484
460.387 0.000 620.251 618.894 433.496 996.581 0.000 0.000
0.000 0.000 0.000 348.699 0.000 0.000 0.000 0.000
615.807 392.039 0.000 452.984 0.000 0.000 0.000 868.089
756.067 822.252 0.000 428.664 538.565 861.022 376.346 841.815
374.407 391.411 952.472 669.937 0.000 0.000 750.466 504.055
0.000 0.000 0.000 0.000 0.000 0.000 0.000 839.634
0.000 448.452 522.717 0.000 0.000 510.311 955.607 478.313
0.000 672.571 0.000 392.783 737.730 0.000 803.549 0.000
0.000 0.000 569.947 0.000 838.431 0.000 593.370 0.000
0.000 624.577 772.308 626.317 936.050 424.410 0.000 911.420
0.000 0.000 0.000 907.385 473.915 0.000 0.000 0.000
759.265 0.000 0.000 0.000 0.000 698.354 0.000 0.000
0.000 0.000 467.805 0.000 542.564 0.000 557.334 0.000
0.000 0.000 0.000 0.000 624.575 639.654 0.000 585.340
901.857 0.000 0.000 0.000 376.169 0.000 416.458 0.000
0.000 0.000 0.000 0.000 815.146 0.000 571.649 379.008
0.000 0.000 457.867 342.876 861.529 623.758 430.456 690.447
632.566 0.000 824.403 672.188 0.000 521.899 397.337 0.000
0.000 734.135 0.000 0.000 902.984 0.000 656.355 0.000
561.908 0.000 989.977 0.000 0.000 645.854 0.000 760.532
0.000 717.088 0.000 449.068 756.522 0.000 0.000 0.000
0.000 819.293 329.173 406.649 0.000 545.174 805.478 0.000
460.148 0.000 0.000 0.000 0.000 0.000 0.000 685.835
914.258 804.564 652.062 457.637 0.000 520.866 899.177 956.649
0.000 0.000 0.000 0.000 346.024 316.431 0.000 0.000
898.194 356.934 0.000 0.000 0.000 0.000 0.000 402.769
0.000 976.414 0.000 0.000 946.146 908.901 0.000 0.000
683.794 0.000 0.000 731.186 0.000 0.000 669.052 607.055
606.226 938.728 0.000 0.000 0.000 649.721 397.905 0.000
603.580 417.923 0.000 0.000 705.281 0.000 541.929 0.000
0.000 0.000 765.682 0.000 0.000 401.995 0.000 0.000
879.725 861.092 427.296 0.000 0.000 0.000 946.306 0.000
776.317 0.000 853.439 0.000 327.642 0.000 0.000 0.000
931.739 481.081 0.000 0.000 424.656 532.758 0.000 0.000
805.754 0.000 998.524 353.660 0.000 790.184 560.928 0.000
794.720 416.923 0.000 443.729 722.850 0.000 0.000 573.166
753.723 0.000 775.792 767.993 0.000 433.706 395.371 314.908
0.000 0.000 0.000 847.594 0.000 0.000 0.000 996.814
907.540 0.000 0.000 421.569 461.239 0.000 0.000 697.647
0.000 0.000 872.899 0.000 350.202 771.508 0.000 0.000
486.490 436.148 0.000 894.177 0.000 976.839 504.608 795.868
563.842 325.441 419.050 0.000 0.000 560.450 825.426 0.000
0.000 965.959 0.000 372.080 807.303 0.000 740.462 0.000
0.000 994.050 409.466 722.382 839.657 458.855 440.044 0.000
0.000 752.030 300.829 521.408 690.113 0.000 0.000 0.000
0.000 0.000 0.000 0.000 0.000 0.000 0.000 667.522
894.353 730.157 984.127 0.000 522.927 327.784 0.000 590.910
443.236 0.000 986.610 472.299 0.000 710.575 0.000 0.000
0.000 0.000 0.000 625.841 0.000 895.285 0.000 381.913
0.000 0.000 503.365 947.469 840.136 337.473 0.000 0.000
755.199 0.000 0.000 579.493 0.000 0.000 636.935 830.844
327.382 428.399 0.000 754.122 535.746 607.412 369.669 0.000
460.093 0.000 713.498 368.401 0.000 327.600 0.000 405.121
0.000 0.000 0.000 0.000 644.017 0.000 0.000 940.192
754.020 0.000 588.000 402.222 0.000 981.663 962.966 0.000
0.000 0.000 315.929 0.000 898.676 0.000 0.000 0.000
742.928 748.165 0.000 555.700 582.309 0.000 0.000 310.714
0.000 472.919 786.807 0.000 0.000 530.476 0.000 376.634
0.000 0.000 0.000 0.000 763.295 477.664 889.255 348.390
0.000 0.000 0.000 810.028 0.000 631.547 0.000 552.688
0.000 0.000 905.530 633.518 0.000 0.000 0.000 0.000
0.000 0.000 0.000 0.000 923.030 899.067 908.176 611.224
671.742 0.000 590.420 809.123 811.162 349.834 0.000 0.000
969.034 0.000 0.000 562.925 393.675 394.566 473.203 0.000
657.170 0.000 693.423 0.000 0.000 942.205 0.000 0.000
0.000 0.000 0.000 0.000 826.847 568.351 738.027 506.509
0.000 925.150 0.000 0.000 0.000 983.997 786.808 976.385
0.000 365.928 754.812 361.727 0.000 0.000 0.000 0.000
0.000 807.030 349.356 880.067 0.000 0.000 788.607 0.000
650.873 0.000 0.000 0.000 0.000 863.521 0.000 0.000
377.582 0.000 533.255 949.520 0.000 376.617 512.334 376.786
348.842 847.548 0.000 0.000 0.000 774.989 591.283 805.873
0.000 0.000 0.000 0.000 616.684 0.000 0.000 0.000
949.601 0.000 0.000 577.917 0.000 0.000 614.494 0.000
651.974 593.971 994.943 0.000 620.590 596.437 0.000 0.000
489.354 621.254 994.645 0.000 0.000 553.058 578.727 318.809
809.337 0.000 301.375 0.000 0.000 896.821 0.000 0.000
0.000 334.651 0.000 0.000 975.818 510.122 965.334 0.000
977.315 0.000 558.417 0.000 532.077 0.000 0.000 0.000
342.417 0.000 0.000 0.000 0.000 0.000 758.794 0.000
784.262 0.000 452.646 0.000 764.749 0.000 386.886 0.000
0.000 0.000 703.801 630.844 478.821 409.145 399.365 612.593
0.000 645.261 878.642 839.487 869.835 0.000 408.091 0.000
0.000 605.618 661.144 465.510 535.561 0.000 614.399 0.000
553.716 0.000 341.914 946.724 0.000 641.232 0.000 832.073
0.000 793.307 0.000 0.000 0.000 0.000 0.000 0.000
0.000 0.000 464.829 0.000 434.714 0.000 0.000 948.927
0.000 835.644 0.000 303.764 968.447 0.000 0.000 879.751
884.816 432.888 901.631 331.441 0.000 0.000 587.132 844.086
760.803 319.827 968.815 0.000 0.000 0.000 0.000 795.008
0.000 921.758 768.418 0.000 970.417 0.000 945.233 871.806
562.163 0.000 0.000 0.000 0.000 409.970 0.000 0.000
439.475 364.454 981.526 0.000 636.123 398.451 0.000 0.000
0.000 909.415 0.000 685.051 0.000 931.577 0.000 468.910
0.000 905.231 0.000 0.000 666.052 0.000 0.000 0.000
0.000 436.347 0.000 0.000 0.000 0.000 694.853 0.000
0.000 556.900 0.000 850.748 370.190 958.029 0.000 0.000
856.004 937.295 460.430 997.878 0.000 996.195 923.011 795.238
0.000 405.874 796.302 763.546 519.418 833.712 0.000 0.000
572.515 0.000 0.000 0.000 320.912 0.000 914.869 0.000
0.000 0.000 0.000 0.000 0.000 0.000 773.781 0.000
0.000 434.861 0.000 791.101 0.000 980.045 725.672 0.000
741.147 995.803 0.000 406.513 432.565 0.000 667.698 0.000
0.000 0.000 0.000 890.505 625.172 0.000 300.022 0.000
0.000 518.904 0.000 677.905 613.285 990.331 0.000 731.068
0.000 0.000 0.000 685.273 0.000 762.966 0.000 0.000
707.992 745.056 0.000 0.000 0.000 0.000 698.177 0.000
866.181 951.732 374.617 0.000 542.745 0.000 997.597 0.000
689.333 0.000 905.909 532.449 0.000 0.000 347.596 0.000
638.957 894.383 0.000 778.562 398.168 0.000 983.587 548.487
357.267 0.000 330.650 0.000 0.000 864.792 0.000 0.000
0.000 0.000 840.990 0.000 706.978 998.050 0.000 0.000
0.000 0.000 0.000 840.153 689.629 674.941 0.000 0.000
0.000 0.000 0.000 0.000 524.569 701.299 407.964 0.000
0.000 412.507 0.000 0.000 0.000 0.000 422.799 0.000
421.155 406.268 0.000 0.000 990.574 0.000 567.609 921.682
750.590 778.330 430.950 644.002 0.000 0.000 0.000 0.000
0.000 0.000 972.496 0.000 937.849 0.000 0.000 0.000
0.000 338.827 544.682 838.930 915.833 0.000 842.904 0.000
0.000 0.000 0.000 0.000 668.205 0.000 873.408 0.000
0.000 0.000 0.000 977.048 360.018 0.000 817.817 0.000
364.797 343.140 354.588 811.245 0.000 0.000 485.245 387.197
994.772 0.000 0.000 0.000 656.205 0.000 722.504 0.000
431.888 752.518 0.000 551.262 0.000 559.211 533.358 421.612
332.419 327.488 0.000 0.000 0.000 0.000 0.000 0.000
573.250 0.000 0.000 0.000 557.614 0.000 499.961 0.000
0.000 0.000 0.000 989.847 565.073 0.000 0.000 0.000
0.000 0.000 0.000 0.000 934.248 0.000 776.557 0.000
0.000 0.000 907.227 0.000 428.896 626.083 0.000 0.000
0.000 423.182 0.000 652.269 520.598 468.777 0.000 0.000
0.000 962.616 0.000 0.000 962.471 0.000 0.000 0.000
0.000 813.191 0.000 0.000 0.000 735.874 573.836 848.348
358.592 771.797 0.000 0.000 570.665 0.000 671.311 0.000
0.000 898.086 0.000 397.480 633.599 0.000 743.155 823.592
0.000 867.260 801.365 0.000 783.993 750.427 0.000 0.000
938.840 909.057 495.857 687.183 0.000 386.102 0.000 0.000
0.000 0.000 0.000 0.000 591.566 0.000 0.000 0.000
428.421 0.000 0.000 0.000 0.000 0.000 504.395 0.000
382.222 513.610 0.000 0.000 484.741 731.742 576.924 343.546
368.011 0.000 0.000 687.890 0.000 344.083 0.000 0.000
0.000 823.032 0.000 855.654 432.398 917.980 0.000 0.000
360.300 583.392 829.823 745.981 0.000 0.000 438.709 801.233
0.000 763.298 0.000 0.000 586.001 548.250 831.919 0.000
0.000 0.000 558.868 0.000 0.000 0.000 914.082 976.873
0.000 995.774 679.075 643.984 0.000 0.000 327.584 959.940
0.000 454.843 643.244 787.801 0.000 974.442 0.000 0.000
0.000 860.768 0.000 971.418 0.000 0.000 749.900 416.287
542.174 0.000 525.759 0.000 0.000 0.000 950.286 0.000
