0.000 0.000 838.679 798.626 992.667 0.000 0.000 489.668
0.000 554.125 0.000 586.930 0.000 418.212 436.430 0.000
848.934 0.000 560.448 0.000 568.613 0.000 0.000 0.000
0.000 0.000 424.396 0.000 0.000 0.000 701.532 0.000
649.471 849.315 839.203 0.000 0.000 865.565 0.000 0.000
816.501 528.311 0.000 423.467 812.089 0.000 0.000 661.397
721.584 0.000 0.000 324.306 431.300 0.000 0.000 0.000
612.859 339.556 0.000 0.000 0.000 0.000 0.000 464.440
0.000 0.000 366.920 0.000 322.799 395.499 355.600 0.000
891.908 883.780 0.000 409.799 727.895 884.364 0.000 846.217
0.000 0.000 524.904 0.000 967.297 760.011 0.000 444.300
0.000 423.401 0.000 0.000 682.625 478.846 745.486 702.357
716.178 322.174 0.000 0.000 0.000 0.000 0.000 0.000
0.000 0.000 0.000 0.000 713.275 0.000 0.000 0.000
0.000 379.870 0.000 763.386 682.709 0.000 0.000 0.000
706.143 636.628 588.949 0.000 0.000 0.000 403.166 596.202
940.327 0.000 0.000 0.000 0.000 720.185 588.905 0.000
969.286 660.378 810.671 0.000 0.000 665.673 0.000 0.000
979.396 659.074 0.000 600.609 370.528 0.000 0.000 608.312
0.000 0.000 0.000 455.742 995.432 0.000 0.000 967.217
586.150 446.172 935.703 399.912 0.000 376.714 0.000 0.000
0.000 309.412 0.000 754.872 474.445 939.136 365.293 0.000
726.000 552.987 515.383 552.007 347.922 0.000 571.023 723.876
0.000 0.000 0.000 666.436 740.501 0.000 0.000 943.780
0.000 0.000 709.813 0.000 0.000 0.000 0.000 695.581
0.000 0.000 995.337 0.000 0.000 0.000 997.826 684.444
0.000 561.437 907.754 592.668 0.000 0.000 0.000 0.000
313.293 0.000 0.000 324.531 761.647 495.734 499.628 0.000
0.000 970.598 0.000 0.000 860.324 523.730 0.000 0.000
429.954 0.000 544.525 0.000 0.000 957.422 942.068 723.426
0.000 0.000 833.560 0.000 632.248 0.000 576.394 0.000
709.015 0.000 619.807 0.000 643.934 0.000 455.324 427.427
621.868 0.000 0.000 0.000 0.000 300.635 0.000 386.660
912.144 0.000 0.000 0.000 0.000 0.000 0.000 0.000
0.000 0.000 0.000 0.000 0.000 424.967 991.511 0.000
488.340 0.000 0.000 382.193 0.000 0.000 0.000 605.345
0.000 433.754 0.000 0.000 0.000 359.978 834.346 0.000
685.215 738.640 0.000 646.588 0.000 802.613 0.000 0.000
862.462 789.666 0.000 504.804 0.000 0.000 0.000 751.340
847.092 706.854 880.641 0.000 798.774 0.000 0.000 0.000
0.000 732.797 915.501 0.000 555.633 0.000 0.000 820.850
394.074 0.000 599.886 621.543 817.127 384.746 0.000 0.000
817.717 0.000 0.000 716.072 302.242 957.631 0.000 0.000
0.000 0.000 667.471 0.000 902.250 0.000 924.746 0.000
0.000 0.000 0.000 0.000 0.000 716.868 0.000 0.000
0.000 0.000 0.000 0.000 0.000 398.132 0.000 340.302
0.000 0.000 701.403 409.806 0.000 661.261 0.000 0.000
582.013 931.883 0.000 673.964 0.000 0.000 623.165 0.000
0.000 0.000 453.359 0.000 552.614 0.000 0.000 526.903
724.943 0.000 570.856 0.000 0.000 824.821 0.000 453.465
580.653 504.046 547.618 0.000 0.000 0.000 850.788 0.000
0.000 962.362 0.000 0.000 715.003 0.000 990.319 543.358
581.355 0.000 387.015 903.017 0.000 974.580 391.947 970.468
0.000 0.000 736.569 675.543 430.989 630.361 0.000 337.619
920.046 0.000 338.727 523.089 760.414 0.000 0.000 0.000
995.625 461.525 0.000 0.000 0.000 0.000 0.000 0.000
0.000 0.000 0.000 0.000 360.155 472.925 0.000 0.000
0.000 0.000 962.503 0.000 0.000 795.474 424.737 855.173
583.828 0.000 0.000 0.000 0.000 0.000 0.000 0.000
0.000 0.000 0.000 0.000 446.697 424.985 819.202 0.000
0.000 0.000 653.472 0.000 828.068 0.000 0.000 389.391
0.000 0.000 0.000 932.008 0.000 0.000 0.000 0.000
0.000 0.000 460.041 0.000 0.000 0.000 0.000 383.892
986.973 322.773 0.000 540.009 606.542 310.965 723.032 922.073
521.489 615.027 547.771 0.000 775.574 632.148 0.000 415.414
0.000 581.029 821.232 365.236 929.854 589.274 499.675 606.943
0.000 695.130 0.000 487.877 824.429 0.000 362.726 739.616
322.200 507.665 0.000 986.753 0.000 544.989 0.000 362.560
0.000 709.537 0.000 440.328 0.000 848.809 0.000 499.850
704.735 0.000 797.391 0.000 0.000 833.620 357.288 588.849
991.385 437.601 0.000 0.000 0.000 971.891 889.806 651.001
0.000 770.549 0.000 518.256 821.956 871.637 467.074 0.000
0.000 0.000 0.000 484.296 0.000 954.203 0.000 0.000
0.000 344.673 814.103 756.895 0.000 635.641 519.226 0.000
928.182 869.056 0.000 0.000 508.711 0.000 0.000 0.000
423.037 490.351 0.000 342.064 0.000 806.582 0.000 372.110
0.000 901.584 0.000 0.000 0.000 0.000 0.000 846.010
880.544 0.000 426.715 0.000 0.000 472.956 0.000 0.000
0.000 742.293 0.000 744.565 0.000 403.216 798.025 0.000
0.000 676.635 0.000 705.438 0.000 428.155 810.809 783.384
0.000 569.133 0.000 0.000 0.000 995.753 0.000 0.000
0.000 794.096 571.231 0.000 946.263 0.000 334.977 0.000
0.000 823.969 0.000 334.044 458.090 0.000 975.928 0.000
0.000 0.000 834.673 961.501 0.000 0.000 735.977 0.000
386.956 0.000 621.294 0.000 0.000 0.000 514.650 800.418
0.000 679.929 705.038 531.985 0.000 646.350 956.231 0.000
814.276 999.605 497.900 879.441 607.514 0.000 367.975 0.000
458.080 995.872 536.533 0.000 0.000 783.372 0.000 482.580
0.000 876.854 0.000 835.712 0.000 333.882 0.000 672.025
0.000 0.000 376.233 632.119 0.000 0.000 0.000 750.850
0.000 652.518 0.000 0.000 0.000 318.535 0.000 534.719
552.475 824.641 0.000 838.695 456.994 0.000 0.000 0.000
0.000 0.000 0.000 0.000 402.166 0.000 0.000 0.000
614.448 495.551 0.000 376.504 0.000 378.022 761.009 0.000
0.000 508.782 0.000 0.000 0.000 0.000 738.387 0.000
0.000 554.239 479.727 0.000 0.000 545.298 0.000 0.000
708.830 0.000 886.410 392.712 0.000 0.000 898.440 0.000
540.394 0.000 0.000 498.683 0.000 0.000 0.000 403.348
0.000 0.000 0.000 786.835 0.000 815.149 0.000 0.000
0.000 0.000 738.238 0.000 0.000 509.843 0.000 887.485
0.000 0.000 795.006 894.936 358.793 0.000 0.000 0.000
0.000 0.000 395.450 863.100 964.176 774.232 902.504 352.816
934.239 382.004 0.000 877.239 692.173 0.000 798.497 0.000
0.000 487.444 0.000 0.000 816.883 0.000 0.000 0.000
0.000 505.212 0.000 0.000 0.000 530.577 0.000 0.000
0.000 432.585 338.547 328.280 552.442 0.000 554.028 465.303
320.584 705.356 376.365 0.000 0.000 0.000 0.000 0.000
814.694 901.210 0.000 479.136 0.000 0.000 515.272 0.000
624.712 0.000 0.000 0.000 0.000 0.000 341.107 881.148
0.000 0.000 0.000 827.336 406.731 0.000 415.890 0.000
0.000 630.565 860.017 0.000 0.000 836.057 0.000 0.000
0.000 0.000 0.000 367.101 449.209 0.000 374.313 0.000
713.113 0.000 0.000 0.000 317.340 334.305 0.000 0.000
725.511 0.000 991.693 0.000 0.000 0.000 0.000 0.000
0.000 401.024 478.307 0.000 0.000 0.000 0.000 475.908
403.025 0.000 581.297 382.948 0.000 921.467 784.783 0.000
754.147 0.000 627.196 0.000 0.000 357.796 529.199 565.140
544.505 0.000 0.000 0.000 723.444 925.681 0.000 0.000
0.000 767.880 953.083 0.000 815.862 394.239 521.689 0.000
0.000 469.019 0.000 955.935 622.663 576.237 827.684 452.571
0.000 0.000 0.000 0.000 0.000 0.000 637.811 679.380
884.790 0.000 0.000 0.000 740.144 524.034 586.872 0.000
440.032 0.000 0.000 0.000 0.000 414.078 0.000 832.138
532.976 878.210 675.674 534.656 0.000 0.000 0.000 944.638
741.739 0.000 699.326 577.086 0.000 0.000 656.495 762.018
0.000 0.000 0.000 356.658 945.712 0.000 944.721 0.000
981.067 0.000 476.545 0.000 0.000 0.000 540.421 549.940
359.645 585.167 716.875 0.000 0.000 680.255 0.000 0.000
0.000 436.135 722.124 0.000 0.000 860.195 587.861 0.000
0.000 0.000 0.000 0.000 0.000 976.958 674.080 377.350
0.000 0.000 0.000 548.646 453.535 715.690 647.808 354.577
0.000 0.000 516.049 830.902 0.000 743.728 0.000 0.000
0.000 0.000 343.368 0.000 964.104 0.000 0.000 0.000
0.000 0.000 0.000 722.530 406.355 361.877 493.044 0.000
0.000 0.000 946.207 908.319 0.000 0.000 0.000 658.685
0.000 426.863 480.533 508.219 708.297 477.424 0.000 0.000
592.177 0.000 793.298 770.735 0.000 0.000 867.555 0.000
528.217 0.000 0.000 0.000 429.012 0.000 0.000 818.611
0.000 995.603 832.251 0.000 366.396 687.738 418.630 887.491
0.000 424.409 0.000 606.332 0.000 0.000 0.000 906.613
0.000 0.000 0.000 0.000 0.000 0.000 876.750 539.327
661.256 0.000 0.000 571.370 690.899 956.655 0.000 0.000
0.000 733.636 0.000 887.122 0.000 0.000 307.953 775.833
565.446 959.999 0.000 0.000 0.000 741.550 364.169 825.315
0.000 973.287 0.000 830.979 641.067 592.902 0.000 0.000
834.938 0.000 306.247 584.839 732.755 0.000 0.000 312.609
891.996 0.000 0.000 447.873 931.041 323.539 485.142 631.634
0.000 812.319 837.122 729.891 516.663 463.630 381.625 520.716
0.000 0.000 0.000 0.000 812.797 0.000 0.000 0.000
0.000 450.629 0.000 0.000 872.262 0.000 0.000 0.000
0.000 504.692 813.420 0.000 0.000 0.000 0.000 841.191
0.000 455.058 653.433 0.000 0.000 775.224 793.392 793.312
0.000 710.220 425.709 0.000 0.000 710.990 0.000 0.000
823.826 365.293 0.000 0.000 355.101 351.531 0.000 0.000
651.758 0.000 638.652 0.000 0.000 0.000 321.464 0.000
0.000 0.000 0.000 598.805 0.000 0.000 0.000 0.000
0.000 380.162 0.000 0.000 0.000 0.000 754.296 485.281
0.000 0.000 983.543 344.391 399.957 989.241 0.000 0.000
0.000 0.000 827.466 360.071 306.806 877.728 526.495 941.147
501.614 0.000 406.699 0.000 966.272 0.000 556.946 470.449
382.035 0.000 559.706 634.818 348.498 0.000 756.952 0.000
0.000 0.000 0.000 0.000 663.149 0.000 596.473 849.128
463.479 893.671 473.467 677.939 990.462 525.285 617.423 0.000
0.000 655.148 398.599 866.932 0.000 469.334 604.783 623.750
518.128 743.362 828.909 0.000 0.000 662.696 638.728 737.546
0.000 615.303 0.000 0.000 616.154 907.688 806.421 439.968
564.309 650.089 0.000 817.836 0.000 955.391 405.542 0.000
368.708 0.000 0.000 349.992 0.000 500.786 0.000 514.120
762.921 0.000 0.000 742.907 601.690 0.000 0.000 714.032
341.737 605.468 977.787 0.000 0.000 0.000 680.520 0.000
993.532 0.000 0.000 0.000 0.000 424.654 724.122 0.000
700.136 790.522 905.141 366.979 0.000 739.253 0.000 660.897
597.421 849.223 0.000 0.000 570.941 0.000 772.936 0.000
0.000 0.000 0.000 878.732 646.633 373.341 779.548 948.845
707.541 0.000 0.000 0.000 947.405 0.000 915.839 593.808
0.000 998.133 884.386 376.769 475.227 0.000 0.000 0.000
571.077 0.000 801.863 495.792 662.482 0.000 783.933 0.000
686.527 495.082 0.000 532.585 354.202 805.900 0.000 0.000
968.231 0.000 315.739 792.632 453.270 730.998 0.000 633.924
836.756 569.697 364.757 0.000 692.748 967.558 0.000 668.333
0.000 0.000 643.452 0.000 0.000 384.434 423.030 406.218
714.034 553.411 906.719 0.000 675.076 669.425 404.051 846.640
921.562 340.472 0.000 0.000 659.871 0.000 574.369 591.126
457.915 453.867 664.068 0.000 0.000 0.000 0.000 0.000
0.000 595.228 0.000 0.000 486.784 0.000 799.259 558.957
0.000 738.008 0.000 0.000 0.000 475.124 904.776 835.197
318.927 0.000 0.000 463.180 936.093 703.023 537.163 749.467
309.109 0.000 0.000 463.872 641.184 0.000 0.000 0.000
0.000 0.000 0.000 319.025 420.810 0.000 0.000 0.000
875.461 418.475 0.000 442.666 0.000 0.000 583.694 0.000
0.000 0.000 0.000 0.000 0.000 647.907 0.000 774.820
610.337 947.280 0.000 0.000 0.000 693.421 421.600 0.000
0.000 0.000 848.151 760.918 0.000 398.588 634.335 0.000
518.709 938.367 0.000 0.000 340.443 472.349 359.348 0.000
500.586 856.818 0.000 0.000 0.000 0.000 0.000 0.000
0.000 0.000 419.613 834.150 928.599 0.000 640.937 0.000
391.606 0.000 345.873 0.000 0.000 877.038 484.864 973.377
720.824 0.000 368.180 338.905 0.000 729.151 533.775 937.378
0.000 0.000 488.760 886.618 467.995 0.000 0.000 431.709
0.000 979.078 0.000 0.000 0.000 735.019 0.000 928.714
0.000 0.000 832.655 0.000 0.000 0.000 0.000 558.540
0.000 301.192 0.000 334.918 0.000 0.000 0.000 0.000
833.470 834.186 0.000 0.000 481.623 0.000 496.537 759.738
0.000 0.000 499.593 842.105 0.000 0.000 0.000 0.000
560.220 578.437 836.848 0.000 0.000 944.949 0.000 452.029
0.000 0.000 318.247 565.636 0.000 467.954 0.000 367.514
480.244 897.062 0.000 0.000 408.353 0.000 805.524 514.152
627.434 0.000 0.000 0.000 0.000 918.412 0.000 0.000
0.000 0.000 819.926 0.000 612.536 0.000 401.178 0.000
0.000 653.857 0.000 962.148 954.460 749.271 492.530 0.000
340.403 0.000 0.000 738.889 0.000 578.389 0.000 442.034
0.000 578.667 841.176 0.000 0.000 0.000 389.243 934.427
0.000 669.717 925.925 402.504 568.574 982.905 0.000 0.000
949.839 0.000 0.000 958.700 0.000 566.926 997.124 0.000
908.735 0.000 469.099 672.733 623.151 0.000 899.271 562.296
592.534 965.363 0.000 0.000 844.907 0.000 0.000 454.672
701.966 0.000 804.641 442.210 867.905 0.000 0.000 0.000
786.412 0.000 939.931 835.252 427.603 0.000 0.000 665.819
623.928 0.000 0.000 0.000 746.393 0.000 916.805 312.359
0.000 421.342 540.356 757.312 0.000 606.515 439.393 832.774
0.000 0.000 0.000 0.000 724.660 0.000 516.509 495.628
0.000 577.335 0.000 924.095 0.000 0.000 0.000 982.659
784.691 845.127 0.000 0.000 0.000 361.014 848.808 0.000
0.000 0.000 302.210 674.195 946.468 649.534 0.000 0.000
701.232 0.000 0.000 0.000 943.149 424.339 840.358 0.000
0.000 0.000 410.626 0.000 0.000 441.360 0.000 487.331
0.000 997.596 0.000 821.464 0.000 0.000 0.000 0.000
300.878 0.000 0.000 980.375 0.000 0.000 404.901 0.000
829.105 0.000 0.000 0.000 0.000 0.000 451.237 0.000
904.901 673.734 0.000 915.237 667.066 657.767 825.480 0.000
403.177 785.161 0.000 733.911 0.000 925.828 924.481 452.293
866.005 0.000 448.511 653.277 355.026 796.349 0.000 0.000
346.713 0.000 0.000 0.000 916.514 668.679 0.000 987.349
0.000 0.000 0.000 988.682 348.774 484.130 0.000 349.176
863.738 712.939 0.000 303.170 962.056 915.352 867.181 0.000
606.285 762.965 0.000 841.857 0.000 898.326 757.955 0.000
0.000 0.000 0.000 0.000 707.019 0.000 0.000 0.000
0.000 0.000 396.943 0.000 611.104 0.000 515.342 458.149
0.000 0.000 0.000 444.765 584.724 0.000 0.000 719.116
0.000 0.000 632.874 0.000 0.000 527.854 0.000 0.000
0.000 654.635 414.613 619.774 552.047 516.402 0.000 302.621
301.734 665.998 481.407 0.000 531.817 506.238 671.807 813.590
0.000 0.000 390.574 648.680 0.000 430.354 0.000 0.000
0.000 0.000 0.000 496.477 0.000 756.123 0.000 437.342
737.106 0.000 0.000 406.778 630.716 0.000 0.000 524.904
0.000 560.199 0.000 0.000 817.744 355.695 788.969 715.340
0.000 822.151 0.000 0.000 0.000 300.252 0.000 831.280
348.732 0.000 0.000 423.762 0.000 0.000 681.385 783.437
0.000 0.000 652.683 367.091 978.994 0.000 682.747 817.575
0.000 390.065 572.458 0.000 0.000 814.242 878.975 656.966
665.191 568.934 790.022 615.098 615.360 386.882 684.961 0.000
0.000 763.712 872.256 986.896 394.738 0.000 0.000 924.345
777.300 0.000 988.035 923.847 939.412 509.029 0.000 0.000
0.000 763.957 0.000 404.576 0.000 0.000 0.000 0.000
0.000 0.000 352.343 721.969 0.000 639.514 394.064 0.000
0.000 448.684 0.000 410.476 773.424 356.231 0.000 0.000
513.769 527.921 550.311 0.000 0.000 596.951 0.000 622.937
892.310 910.419 0.000 0.000 768.830 0.000 756.394 0.000
890.444 901.606 0.000 0.000 0.000 748.760 577.900 0.000
0.000 0.000 0.000 0.000 566.431 370.306 479.977 720.376
346.169 0.000 800.071 0.000 434.898 448.326 0.000 0.000
0.000 765.951 496.161 390.266 0.000 0.000 320.110 759.866
0.000 0.000 512.647 0.000 697.743 0.000 350.296 0.000
897.121 0.000 469.895 331.812 0.000 750.614 0.000 359.995
503.249 0.000 968.805 330.900 867.083 0.000 0.000 0.000
803.140 0.000 0.000 0.000 301.856 0.000 0.000 694.280
0.000 919.407 898.353 0.000 364.278 0.000 0.000 0.000
620.955 373.753 0.000 832.092 519.805 0.000 997.438 0.000
510.238 0.000 0.000 413.719 313.433 929.918 0.000 960.762
0.000 775.856 462.127 0.000 0.000 373.114 326.985 355.453
0.000 607.522 764.634 0.000 0.000 649.915 515.708 0.000
315.829 983.854 0.000 0.000 0.000 0.000 428.322 0.000
946.243 664.886 0.000 0.000 394.309 0.000 0.000 625.353
974.501 949.184 0.000 881.743 0.000 0.000 983.783 987.436
0.000 0.000 412.160 0.000 559.064 456.954 0.000 549.659
0.000 512.937 773.366 828.470 545.657 583.845 0.000 495.525
0.000 0.000 382.350 382.450 0.000 0.000 588.313 845.368
491.264 786.745 0.000 494.273 0.000 0.000 480.572 0.000
0.000 385.108 0.000 684.742 0.000 424.075 516.085 565.659
0.000 0.000 0.000 0.000 728.997 0.000 419.425 0.000
0.000 368.359 734.196 0.000 0.000 445.981 807.664 685.573
677.499 348.298 901.002 0.000 0.000 0.000 0.000 0.000
0.000 0.000 0.000 344.448 0.000 0.000 0.000 754.167
0.000 0.000 0.000 0.000 0.000 0.000 0.000 557.852
635.784 0.000 474.094 896.696 440.171 0.000 762.460 0.000
0.000 0.000 568.398 490.159 431.429 725.026 0.000 661.427
767.062 641.569 0.000 760.768 0.000 669.770 0.000 476.934
0.000 790.732 0.000 0.000 0.000 0.000 0.000 0.000
0.000 0.000 586.555 512.457 0.000 0.000 750.496 553.844
0.000 0.000 489.716 985.128 0.000 791.876 620.502 0.000
0.000 944.534 0.000 958.605 767.279 0.000 0.000 0.000
912.838 0.000 0.000 985.517 849.161 0.000 0.000 759.136
0.000 828.694 0.000 583.969 596.744 0.000 345.348 0.000
0.000 0.000 642.800 882.677 0.000 850.330 599.622 550.114
0.000 568.312 435.736 709.158 986.782 0.000 747.934 0.000
509.001 893.273 597.732 725.960 874.196 0.000 0.000 0.000
931.759 400.456 679.178 309.008 0.000 770.938 0.000 0.000
803.718 0.000 0.000 804.187 473.170 570.859 542.930 879.086
0.000 0.000 352.622 389.155 0.000 0.000 0.000 603.427
329.194 884.254 541.729 612.867 405.867 851.580 0.000 0.000
0.000 0.000 0.000 0.000 922.631 948.282 0.000 0.000
627.353 388.651 572.313 0.000 364.694 678.329 653.972 0.000
0.000 601.251 698.716 0.000 981.785 698.083 539.622 0.000
0.000 0.000 712.005 886.199 303.684 588.373 531.518 912.240
0.000 437.579 0.000 0.000 0.000 942.165 0.000 0.000
323.599 0.000 439.810 672.464 569.795 734.880 886.371 956.812
627.559 479.356 0.000 415.721 0.000 0.000 0.000 576.376
417.356 842.320 771.724 0.000 0.000 0.000 384.722 0.000
0.000 0.000 0.000 0.000 0.000 791.249 0.000 0.000
325.528 814.249 0.000 0.000 618.869 0.000 404.697 0.000
0.000 0.000 0.000 0.000 536.106 599.712 0.000 0.000
696.119 920.113 755.062 0.000 985.563 0.000 687.066 883.019
0.000 0.000 0.000 0.000 0.000 571.327 0.000 0.000
738.841 0.000 513.498 0.000 470.956 0.000 0.000 733.841
0.000 744.082 708.136 0.000 442.880 0.000 580.848 415.477
0.000 935.900 640.770 0.000 840.288 634.129 0.000 0.000
828.187 811.920 773.980 0.000 389.666 0.000 0.000 0.000
0.000 661.806 849.174 772.014 0.000 945.560 976.524 954.419
0.000 0.000 423.132 577.860 0.000 781.045 0.000 0.000
420.585 886.024 0.000 0.000 0.000 0.000 734.532 0.000
0.000 926.145 0.000 0.000 418.459 0.000 940.346 307.164
533.134 331.227 781.161 0.000 918.848 0.000 0.000 825.905
612.577 826.412 0.000 0.000 0.000 0.000 938.794 0.000
0.000 979.785 729.049 888.706 0.000 488.754 756.473 468.554
0.000 633.394 971.479 0.000 741.599 941.795 553.900 0.000
573.888 545.345 722.016 386.221 831.115 984.379 0.000 0.000
339.928 0.000 0.000 0.000 757.856 0.000 0.000 0.000
0.000 561.534 774.531 0.000 330.559 0.000 671.540 0.000
0.000 684.626 661.637 504.909 0.000 724.140 0.000 0.000
402.479 0.000 373.563 0.000 0.000 0.000 589.363 0.000
329.223 0.000 0.000 735.951 839.602 0.000 941.972 602.899
546.704 710.000 510.266 0.000 0.000 0.000 0.000 604.302
0.000 0.000 473.398 838.768 0.000 971.020 574.101 0.000
0.000 845.276 0.000 0.000 0.000 0.000 0.000 0.000
383.889 0.000 573.793 0.000 0.000 0.000 0.000 408.394
872.583 967.955 0.000 308.613 538.800 693.358 0.000 0.000
0.000 0.000 730.132 0.000 325.602 650.312 965.473 615.603
0.000 943.775 0.000 0.000 306.965 613.413 0.000 850.019
0.000 0.000 0.000 348.465 0.000 966.336 398.114 933.875
880.008 0.000 0.000 384.363 0.000 471.461 336.895 0.000
547.776 0.000 0.000 0.000 0.000 508.961 653.135 0.000
0.000 0.000 919.942 813.998 0.000 775.206 0.000 0.000
535.259 709.194 442.411 0.000 904.086 0.000 0.000 0.000
451.948 0.000 0.000 0.000 0.000 511.063 0.000 0.000
0.000 646.028 0.000 462.932 0.000 726.396 0.000 0.000
0.000 669.109 347.973 684.127 894.195 755.814 0.000 978.768
937.402 0.000 547.854 0.000 596.751 817.331 0.000 0.000
0.000 0.000 715.898 0.000 0.000 847.887 870.985 328.755
584.121 828.468 703.071 0.000 0.000 0.000 478.925 706.524
362.915 0.000 824.771 909.270 0.000 930.242 0.000 0.000
855.744 643.393 429.202 851.562 0.000 699.894 0.000 439.602
648.747 0.000 0.000 548.012 0.000 399.862 680.873 0.000
601.242 0.000 423.143 0.000 837.042 444.629 0.000 895.523
574.858 828.624 0.000 0.000 985.681 0.000 710.722 985.260
959.314 457.523 0.000 0.000 485.562 0.000 880.571 978.971
0.000 0.000 0.000 691.163 0.000 0.000 338.438 0.000
914.484 0.000 0.000 0.000 929.703 0.000 994.280 597.889
0.000 0.000 0.000 0.000 655.331 0.000 0.000 0.000
0.000 560.992 817.711 0.000 850.104 0.000 0.000 571.603
0.000 865.407 0.000 0.000 965.808 0.000 995.418 0.000
519.467 694.176 615.457 0.000 479.292 790.016 784.258 371.402
0.000 0.000 0.000 0.000 493.383 342.874 716.911 957.306
0.000 807.835 602.701 743.045 0.000 0.000 0.000 811.826
0.000 896.643 787.188 0.000 735.379 0.000 0.000 0.000
860.348 0.000 0.000 0.000 937.661 338.663 458.465 503.066
0.000 506.191 331.812 720.890 894.688 896.010 989.763 0.000
0.000 454.454 0.000 627.701 0.000 781.810 855.226 365.111
749.672 616.985 0.000 618.030 0.000 545.686 0.000 0.000
678.172 0.000 0.000 362.871 395.367 339.738 0.000 0.000
825.627 0.000 492.991 645.273 0.000 0.000 0.000 909.047
840.647 394.611 0.000 0.000 0.000 926.743 471.361 457.621
0.000 0.000 0.000 0.000 937.252 0.000 364.542 684.224
0.000 932.614 0.000 440.570 0.000 637.568 0.000 0.000
721.338 359.640 0.000 486.776 430.007 753.644 0.000 804.664
901.775 0.000 0.000 481.902 0.000 0.000 391.517 999.996
311.969 613.212 0.000 892.064 413.494 0.000 0.000 746.346
0.000 0.000 943.140 653.009 451.885 0.000 0.000 318.560
0.000 528.446 689.359 399.040 812.471 792.129 0.000 0.000
881.059 883.337 0.000 611.624 720.128 0.000 0.000 468.778
659.595 533.646 0.000 0.000 673.841 864.344 791.117 0.000
0.000 0.000 0.000 798.420 0.000 0.000 573.285 489.162
853.912 0.000 661.938 854.651 539.014 0.000 979.780 894.879
658.977 0.000 0.000 0.000 953.248 0.000 441.850 0.000
548.427 891.823 0.000 0.000 0.000 847.938 0.000 0.000
750.487 0.000 0.000 0.000 0.000 845.325 697.808 431.447
0.000 0.000 0.000 500.967 0.000 0.000 0.000 613.916
0.000 0.000 941.043 965.797 0.000 0.000 376.297 842.061
332.267 0.000 0.000 0.000 0.000 871.421 0.000 728.892
0.000 0.000 0.000 0.000 0.000 0.000 711.630 616.408
0.000 851.856 0.000 350.837 0.000 0.000 0.000 0.000
0.000 0.000 936.013 709.398 0.000 916.587 606.128 379.387
572.405 455.940 434.266 370.017 0.000 0.000 776.552 525.954
425.930 0.000 716.113 0.000 645.236 0.000 0.000 0.000
0.000 760.472 0.000 0.000 673.915 494.032 0.000 319.203
500.430 0.000 394.838 895.996 795.726 898.059 0.000 0.000
706.663 0.000 935.823 0.000 0.000 981.290 704.911 0.000
525.284 731.923 937.585 0.000 799.261 664.064 640.049 0.000
0.000 0.000 0.000 0.000 0.000 954.349 0.000 0.000
900.401 0.000 0.000 853.541 382.730 850.981 624.298 0.000
610.613 447.090 0.000 569.565 0.000 471.681 771.216 0.000
778.712 0.000 658.983 750.606 827.536 913.075 0.000 810.214
453.826 0.000 805.245 422.266 386.056 678.617 840.909 611.087
454.572 522.299 0.000 799.356 0.000 385.758 340.175 0.000
828.308 396.630 0.000 0.000 338.411 727.888 572.154 401.402
461.456 0.000 521.272 843.107 601.914 0.000 0.000 0.000
691.083 0.000 434.920 0.000 0.000 0.000 0.000 0.000
0.000 437.092 0.000 0.000 483.517 0.000 961.531 0.000
0.000 0.000 737.816 727.159 988.994 0.000 671.253 0.000
0.000 0.000 524.722 0.000 858.676 0.000 0.000 401.930
0.000 962.391 504.886 0.000 0.000 0.000 478.743 0.000
354.523 0.000 726.017 960.193 0.000 317.376 0.000 0.000
0.000 873.745 0.000 357.451 0.000 765.571 0.000 0.000
0.000 951.232 844.203 733.065 0.000 0.000 773.230 0.000
563.722 510.544 416.672 922.131 363.232 0.000 0.000 947.142
870.122 0.000 300.356 870.232 348.640 0.000 0.000 483.627
0.000 399.245 0.000 539.158 0.000 874.264 380.978 824.394
0.000 575.172 455.714 502.702 870.037 357.149 0.000 442.368
0.000 929.020 0.000 839.593 538.534 484.513 0.000 344.431
0.000 0.000 0.000 0.000 535.730 415.717 0.000 475.649
837.248 0.000 899.505 0.000 0.000 432.226 0.000 0.000
561.871 0.000 749.351 341.469 0.000 568.681 816.722 511.528
622.679 0.000 913.793 0.000 0.000 0.000 0.000 0.000
0.000 0.000 315.993 617.972 355.151 0.000 0.000 925.178
648.971 360.465 586.256 0.000 434.703 365.519 0.000 995.788
671.598 993.325 0.000 0.000 0.000 0.000 0.000 0.000
679.077 0.000 341.902 472.207 483.741 0.000 0.000 568.410
0.000 0.000 995.548 668.385 0.000 0.000 986.529 0.000
0.000 555.226 0.000 0.000 0.000 480.478 0.000 0.000
830.889 634.331 358.942 853.836 920.145 0.000 567.190 839.668
778.500 0.000 748.833 0.000 0.000 0.000 0.000 746.680
0.000 755.996 332.383 0.000 0.000 717.574 0.000 0.000
0.000 0.000 493.597 769.604 0.000 0.000 0.000 0.000
875.482 0.000 0.000 0.000 779.279 0.000 0.000 0.000
0.000 0.000 0.000 0.000 700.549 0.000 751.873 0.000
742.594 679.942 363.611 0.000 0.000 989.303 0.000 0.000
0.000 0.000 767.608 0.000 0.000 727.407 0.000 0.000
511.803 0.000 0.000 0.000 0.000 0.000 0.000 809.294
0.000 687.812 0.000 868.630 0.000 0.000 769.685 406.897
0.000 516.953 0.000 352.214 806.093 0.000 977.274 874.859
0.000 0.000 0.000 746.194 882.969 0.000 0.000 0.000
665.421 0.000 0.000 668.384 733.144 892.367 964.924 0.000
601.576 0.000 414.748 779.264 308.739 0.000 853.819 0.000
436.255 0.000 0.000 0.000 397.320 451.047 714.297 415.940
0.000 566.044 0.000 952.695 0.000 0.000 962.167 0.000
0.000 0.000 424.391 787.517 0.000 0.000 0.000 0.000
0.000 0.000 0.000 557.944 984.960 334.351 657.409 546.442
777.353 0.000 763.930 887.392 434.038 517.622 0.000 613.071
0.000 349.987 876.031 980.518 630.878 490.377 904.267 0.000
795.634 0.000 422.862 763.509 871.672 0.000 0.000 675.558
0.000 0.000 924.014 703.592 595.779 0.000 438.224 0.000
869.485 460.231 0.000 708.835 0.000 0.000 0.000 0.000
0.000 0.000 354.162 0.000 427.019 0.000 488.753 0.000
0.000 0.000 0.000 432.019 831.995 0.000 0.000 0.000
931.161 975.094 316.969 530.835 521.247 0.000 661.144 550.431
0.000 0.000 693.383 0.000 0.000 0.000 0.000 870.017
506.224 0.000 0.000 0.000 456.625 0.000 381.008 0.000
0.000 550.897 828.654 0.000 790.778 713.636 795.368 0.000
0.000 0.000 0.000 0.000 0.000 0.000 735.408 924.127
448.056 0.000 590.776 0.000 630.508 0.000 0.000 0.000
361.459 415.234 701.868 537.211 0.000 0.000 0.000 494.146
0.000 0.000 806.583 836.009 0.000 0.000 0.000 0.000
0.000 474.147 0.000 0.000 0.000 879.400 304.711 798.005
403.670 373.953 0.000 301.512 430.778 0.000 0.000 736.548
0.000 0.000 0.000 0.000 441.839 0.000 0.000 672.568
0.000 0.000 653.571 897.814 0.000 0.000 839.545 0.000
0.000 0.000 0.000 316.656 0.000 817.303 0.000 0.000
0.000 850.365 0.000 0.000 369.180 590.535 0.000 0.000
0.000 0.000 0.000 494.385 642.863 571.119 0.000 0.000
829.032 0.000 0.000 0.000 586.127 0.000 0.000 440.631
0.000 0.000 399.511 392.685 766.542 491.265 0.000 0.000
0.000 0.000 0.000 625.746 0.000 854.019 0.000 0.000
0.000 0.000 0.000 871.418 521.285 0.000 0.000 369.654
0.000 346.454 650.216 439.612 0.000 0.000 516.455 0.000
0.000 809.472 0.000 0.000 771.489 595.902 0.000 943.805
0.000 747.537 0.000 527.495 652.563 973.405 0.000 0.000
0.000 0.000 710.085 638.260 369.131 0.000 846.077 607.898
467.372 0.000 0.000 918.822 0.000 359.266 0.000 0.000
0.000 736.842 667.416 0.000 0.000 0.000 579.576 0.000
992.071 405.295 0.000 661.659 0.000 0.000 0.000 538.413
437.124 944.958 499.000 900.949 960.285 0.000 373.699 514.044
0.000 506.693 0.000 620.704 0.000 945.266 0.000 504.697
0.000 0.000 697.571 0.000 0.000 0.000 0.000 601.478
0.000 518.420 0.000 595.747 0.000 0.000 0.000 695.067
0.000 0.000 0.000 494.748 910.158 990.596 0.000 0.000
318.654 854.970 0.000 0.000 0.000 446.060 0.000 467.362
674.013 0.000 735.989 0.000 0.000 0.000 546.548 0.000
542.688 699.296 0.000 987.236 819.616 707.274 996.216 0.000
962.439 502.776 540.230 447.278 0.000 482.122 380.705 0.000
853.632 0.000 467.880 896.740 0.000 0.000 0.000 0.000
326.903 548.559 615.075 0.000 615.447 0.000 0.000 0.000
0.000 772.805 0.000 0.000 0.000 427.282 0.000 704.553
0.000 0.000 0.000 997.902 0.000 0.000 315.357 393.556
0.000 0.000 0.000 740.039 434.703 0.000 0.000 0.000
0.000 0.000 0.000 930.610 708.450 0.000 492.450 648.051
0.000 0.000 0.000 0.000 0.000 855.822 574.748 0.000
0.000 0.000 0.000 0.000 965.362 0.000 0.000 0.000
524.890 0.000 0.000 0.000 527.893 0.000 0.000 623.938
784.408 788.382 954.583 0.000 622.013 684.368 494.169 840.472
0.000 0.000 0.000 0.000 772.311 422.811 0.000 0.000
0.000 768.983 0.000 686.203 613.695 0.000 723.759 0.000
