0.000 863.475 0.000 659.866 583.713 905.589 0.000 393.269
0.000 0.000 0.000 0.000 698.175 0.000 0.000 540.124
810.719 970.390 0.000 555.872 0.000 0.000 943.427 919.747
973.099 426.917 372.941 0.000 813.861 0.000 922.866 325.155
393.410 0.000 0.000 0.000 0.000 385.674 0.000 625.080
0.000 659.308 933.215 931.730 0.000 705.819 525.317 416.152
0.000 0.000 585.409 971.697 0.000 540.271 0.000 750.449
0.000 407.816 411.454 866.463 322.214 0.000 0.000 0.000
393.806 305.446 839.299 0.000 679.333 0.000 562.521 0.000
0.000 422.817 0.000 0.000 0.000 639.898 0.000 851.633
0.000 900.328 0.000 779.132 0.000 391.307 688.836 319.483
303.282 0.000 484.495 0.000 575.786 462.320 0.000 752.548
479.904 544.767 854.732 638.966 915.053 721.437 0.000 657.449
678.716 0.000 0.000 0.000 0.000 405.183 0.000 0.000
685.753 0.000 0.000 0.000 0.000 723.045 497.351 0.000
0.000 777.636 0.000 797.274 919.259 788.155 457.151 886.420
934.562 748.310 0.000 938.345 787.768 0.000 679.338 0.000
913.666 0.000 0.000 0.000 401.356 0.000 886.171 0.000
464.413 624.817 538.553 408.174 0.000 0.000 0.000 887.794
0.000 0.000 997.092 0.000 301.020 0.000 0.000 0.000
0.000 0.000 856.540 475.104 0.000 0.000 0.000 0.000
0.000 0.000 593.948 0.000 0.000 338.551 403.670 810.885
343.288 0.000 0.000 0.000 312.031 0.000 0.000 859.351
536.215 551.729 467.279 975.163 0.000 0.000 707.428 733.652
885.798 0.000 535.473 889.914 745.830 698.117 0.000 0.000
0.000 0.000 0.000 608.435 0.000 998.175 990.158 0.000
0.000 682.156 329.320 695.692 987.991 0.000 517.125 0.000
621.265 0.000 547.752 483.494 329.953 0.000 0.000 0.000
456.319 0.000 424.815 0.000 0.000 758.069 0.000 0.000
0.000 507.964 611.574 0.000 0.000 709.287 326.304 459.076
0.000 417.882 0.000 0.000 0.000 816.011 590.155 0.000
0.000 0.000 0.000 0.000 0.000 0.000 390.149 0.000
554.420 0.000 0.000 0.000 793.739 689.103 0.000 0.000
493.185 0.000 773.988 0.000 527.336 0.000 754.853 0.000
937.480 902.387 0.000 0.000 654.313 696.306 970.214 0.000
0.000 0.000 715.008 346.647 0.000 0.000 635.003 0.000
0.000 391.358 0.000 515.609 583.585 0.000 0.000 827.059
978.794 0.000 738.480 961.123 0.000 0.000 0.000 0.000
0.000 899.802 0.000 973.219 0.000 385.016 809.291 0.000
869.993 867.853 544.829 510.678 743.231 0.000 0.000 556.805
0.000 718.165 909.807 387.095 0.000 0.000 342.504 345.351
0.000 0.000 0.000 659.065 0.000 433.776 411.615 0.000
711.104 0.000 0.000 947.406 0.000 613.992 0.000 0.000
452.890 911.203 0.000 0.000 0.000 879.964 607.639 495.252
899.112 0.000 685.757 0.000 0.000 821.815 811.923 666.156
0.000 0.000 662.576 708.370 627.417 0.000 0.000 855.578
0.000 0.000 813.769 407.632 768.410 933.423 496.397 883.880
0.000 0.000 0.000 0.000 0.000 0.000 586.613 0.000
484.803 634.848 459.740 0.000 0.000 803.489 756.134 0.000
704.917 827.033 805.739 0.000 700.052 0.000 0.000 0.000
0.000 0.000 0.000 0.000 0.000 0.000 0.000 811.342
418.566 690.610 0.000 815.857 516.137 601.143 0.000 719.944
430.610 0.000 873.819 450.728 722.422 0.000 0.000 425.772
0.000 0.000 929.490 771.897 0.000 683.032 0.000 0.000
493.672 0.000 0.000 811.374 325.272 952.341 0.000 0.000
0.000 0.000 462.220 0.000 0.000 333.421 668.594 0.000
619.524 585.966 522.311 0.000 0.000 0.000 581.590 605.499
953.664 0.000 0.000 0.000 0.000 700.213 0.000 362.769
719.322 976.966 657.964 0.000 587.793 0.000 0.000 0.000
649.234 0.000 654.485 622.201 672.671 0.000 811.894 599.496
354.030 455.478 0.000 341.944 0.000 443.502 0.000 0.000
388.261 0.000 0.000 0.000 557.135 475.998 0.000 0.000
0.000 984.399 0.000 0.000 0.000 0.000 318.557 0.000
0.000 375.246 0.000 0.000 0.000 0.000 441.712 0.000
475.434 670.791 453.635 0.000 0.000 759.589 345.459 976.769
430.600 933.889 0.000 0.000 488.381 0.000 565.939 0.000
821.031 364.681 962.508 856.905 896.036 0.000 0.000 0.000
888.080 752.304 642.830 445.875 518.642 837.215 0.000 594.126
952.041 0.000 685.007 650.503 465.319 304.191 0.000 886.212
821.504 475.375 0.000 476.154 551.659 746.597 722.222 0.000
362.051 0.000 0.000 0.000 721.036 0.000 0.000 0.000
0.000 848.451 371.582 753.193 327.326 0.000 342.699 791.586
924.409 0.000 845.663 0.000 0.000 656.211 0.000 765.421
0.000 861.232 723.464 0.000 328.497 592.007 454.622 540.720
0.000 0.000 499.563 0.000 328.071 0.000 0.000 0.000
0.000 0.000 510.555 0.000 0.000 876.440 725.553 0.000
765.732 322.514 306.376 0.000 502.746 0.000 0.000 709.326
0.000 0.000 497.464 0.000 0.000 620.898 554.405 808.283
0.000 779.958 0.000 583.928 0.000 0.000 0.000 0.000
0.000 0.000 503.057 565.265 0.000 0.000 876.265 0.000
563.010 906.491 0.000 0.000 322.828 892.528 0.000 536.768
704.592 678.212 837.190 965.863 0.000 0.000 0.000 0.000
0.000 523.900 930.906 879.866 517.782 660.892 0.000 0.000
0.000 0.000 418.166 0.000 809.767 0.000 518.096 0.000
673.389 0.000 0.000 0.000 340.207 0.000 0.000 434.892
920.325 0.000 420.562 703.258 663.938 445.733 813.910 505.032
712.797 0.000 0.000 0.000 803.756 541.814 0.000 457.898
0.000 783.105 667.768 576.391 0.000 550.218 0.000 672.811
447.066 0.000 0.000 301.810 604.681 0.000 0.000 0.000
0.000 410.437 579.639 0.000 986.223 418.405 749.394 0.000
765.262 0.000 0.000 348.022 564.473 0.000 731.167 745.694
899.732 0.000 0.000 0.000 0.000 0.000 562.835 421.904
363.226 0.000 0.000 524.371 480.079 877.855 339.099 0.000
0.000 592.935 0.000 0.000 0.000 0.000 0.000 645.699
384.133 855.835 528.008 0.000 878.638 0.000 379.139 712.382
0.000 625.321 722.837 0.000 328.260 595.704 0.000 901.928
0.000 647.216 687.952 0.000 968.397 389.288 0.000 949.374
0.000 895.914 541.963 0.000 0.000 0.000 0.000 701.841
0.000 0.000 0.000 0.000 0.000 518.010 512.050 0.000
0.000 421.713 895.046 581.852 0.000 535.989 0.000 0.000
0.000 470.843 0.000 638.809 845.352 523.177 561.220 0.000
0.000 0.000 0.000 850.415 571.747 0.000 0.000 0.000
444.111 938.189 414.184 0.000 862.867 0.000 975.369 0.000
0.000 0.000 0.000 0.000 598.173 0.000 0.000 0.000
0.000 0.000 828.065 0.000 892.494 730.791 478.640 0.000
0.000 682.308 0.000 740.465 907.435 0.000 595.695 0.000
0.000 596.301 0.000 0.000 781.265 0.000 856.535 601.733
0.000 642.498 493.742 0.000 607.380 0.000 866.757 364.868
589.507 965.989 374.394 0.000 0.000 0.000 689.400 394.848
0.000 0.000 0.000 784.894 768.936 0.000 590.142 343.013
0.000 0.000 310.669 842.162 444.308 765.087 0.000 480.077
966.768 0.000 427.227 716.963 0.000 382.771 834.780 0.000
0.000 0.000 0.000 494.434 0.000 731.185 0.000 0.000
0.000 0.000 660.431 0.000 0.000 729.797 403.073 0.000
0.000 0.000 519.197 472.818 0.000 0.000 0.000 0.000
449.551 0.000 0.000 932.277 0.000 0.000 855.444 657.401
0.000 0.000 0.000 768.272 0.000 703.221 0.000 0.000
0.000 0.000 403.566 347.919 0.000 339.565 515.398 945.179
0.000 0.000 0.000 880.012 0.000 755.799 778.361 0.000
722.069 704.588 965.375 355.859 0.000 823.445 713.914 354.745
868.408 815.712 0.000 0.000 0.000 824.134 741.069 543.016
0.000 568.956 980.585 684.845 0.000 559.741 391.666 774.654
394.459 795.702 0.000 0.000 493.256 0.000 996.238 902.333
870.582 0.000 324.424 0.000 0.000 468.033 567.752 0.000
0.000 0.000 0.000 0.000 828.018 984.658 660.846 0.000
726.514 0.000 0.000 0.000 0.000 0.000 0.000 0.000
0.000 968.192 758.293 0.000 491.180 567.981 645.007 0.000
0.000 0.000 0.000 0.000 722.218 0.000 367.761 885.493
0.000 0.000 709.113 406.187 713.346 787.302 0.000 0.000
0.000 0.000 0.000 0.000 0.000 0.000 468.208 0.000
0.000 443.656 0.000 727.034 624.533 0.000 607.468 0.000
520.169 366.970 0.000 0.000 377.239 947.182 787.882 0.000
454.055 440.579 488.598 0.000 586.969 323.783 422.818 808.904
0.000 353.688 592.297 0.000 0.000 0.000 0.000 723.031
422.119 0.000 400.184 561.450 0.000 746.918 512.071 0.000
0.000 0.000 0.000 0.000 0.000 619.161 0.000 325.162
663.748 0.000 884.295 0.000 800.241 354.080 863.694 0.000
0.000 997.001 0.000 0.000 733.795 455.405 0.000 0.000
836.493 838.338 0.000 482.751 608.579 992.614 0.000 667.994
409.019 0.000 516.609 667.689 0.000 0.000 358.346 538.410
0.000 0.000 728.536 844.042 0.000 476.339 0.000 0.000
0.000 0.000 327.816 473.383 888.241 738.648 0.000 846.365
539.914 856.691 0.000 0.000 0.000 771.979 0.000 0.000
0.000 0.000 677.498 0.000 489.669 855.985 0.000 0.000
0.000 0.000 0.000 0.000 581.893 538.514 0.000 585.346
0.000 774.612 0.000 723.934 786.164 0.000 585.160 0.000
552.957 606.537 736.783 394.459 0.000 790.771 0.000 917.664
0.000 0.000 0.000 0.000 361.192 0.000 0.000 0.000
982.241 950.312 308.346 410.961 574.869 824.922 0.000 735.744
0.000 858.476 501.075 565.151 469.616 0.000 0.000 0.000
318.678 0.000 0.000 0.000 0.000 0.000 955.127 0.000
594.655 936.691 970.624 593.895 436.912 0.000 0.000 0.000
0.000 345.946 0.000 968.923 0.000 0.000 0.000 731.578
0.000 0.000 703.499 0.000 777.249 0.000 826.212 0.000
390.477 0.000 0.000 0.000 612.507 0.000 890.631 0.000
0.000 387.675 0.000 736.209 0.000 0.000 0.000 615.625
581.851 909.258 0.000 347.632 623.745 878.940 928.893 647.331
768.343 0.000 564.383 0.000 0.000 0.000 0.000 412.931
0.000 0.000 401.414 846.508 727.129 0.000 0.000 0.000
0.000 0.000 0.000 0.000 771.275 0.000 0.000 427.348
0.000 541.789 0.000 0.000 0.000 0.000 0.000 0.000
0.000 0.000 0.000 0.000 0.000 0.000 450.760 0.000
0.000 0.000 0.000 0.000 0.000 442.792 0.000 691.060
610.091 0.000 524.140 574.241 495.080 869.035 0.000 872.804
0.000 769.445 0.000 0.000 951.570 654.058 0.000 880.485
418.998 653.308 395.043 354.711 433.887 368.495 399.194 0.000
0.000 701.461 886.264 455.788 442.070 353.241 524.433 0.000
332.009 969.938 495.071 0.000 407.770 757.186 604.633 0.000
0.000 0.000 0.000 0.000 438.139 735.690 0.000 0.000
389.135 0.000 657.245 702.475 396.984 0.000 0.000 0.000
501.921 0.000 671.072 978.973 739.683 452.838 0.000 0.000
0.000 965.335 941.629 0.000 546.295 682.106 962.845 0.000
805.742 669.541 572.902 828.955 0.000 367.478 0.000 415.452
974.130 0.000 627.074 0.000 652.918 429.098 0.000 729.319
0.000 934.466 320.580 623.739 899.763 0.000 537.508 943.202
0.000 763.511 0.000 0.000 833.503 0.000 673.174 671.793
0.000 639.046 956.501 0.000 656.509 0.000 0.000 558.752
632.941 790.830 0.000 0.000 0.000 0.000 902.852 0.000
768.215 0.000 0.000 636.814 680.636 0.000 0.000 654.764
0.000 637.451 0.000 0.000 664.927 937.553 911.786 0.000
0.000 0.000 338.485 0.000 0.000 0.000 0.000 525.739
0.000 440.327 568.366 355.992 693.072 626.951 0.000 0.000
760.418 0.000 795.708 0.000 0.000 953.384 627.095 597.472
0.000 0.000 946.894 303.682 301.027 497.075 546.626 677.001
657.303 602.267 411.441 0.000 323.623 0.000 514.718 0.000
480.223 512.349 0.000 0.000 0.000 0.000 598.393 0.000
615.221 836.929 743.657 769.254 0.000 0.000 0.000 957.998
905.863 0.000 944.346 0.000 488.907 794.452 0.000 0.000
0.000 876.643 854.373 0.000 778.760 0.000 0.000 0.000
0.000 581.555 428.428 0.000 691.250 969.023 460.998 431.182
0.000 0.000 0.000 0.000 0.000 0.000 0.000 991.210
614.096 0.000 0.000 0.000 521.554 687.142 0.000 358.055
0.000 0.000 0.000 0.000 0.000 318.715 0.000 647.196
0.000 0.000 0.000 902.610 786.983 475.026 542.914 0.000
626.530 878.648 0.000 479.116 872.003 475.658 621.502 856.180
487.256 0.000 0.000 614.003 739.704 571.695 846.058 594.751
865.536 408.815 0.000 433.747 917.042 818.407 591.135 0.000
0.000 0.000 988.456 0.000 835.137 0.000 626.293 0.000
896.857 0.000 0.000 928.876 0.000 813.631 0.000 804.508
0.000 0.000 0.000 0.000 517.405 981.884 0.000 861.011
0.000 0.000 0.000 363.585 912.191 0.000 0.000 729.450
969.833 872.167 482.677 483.885 513.787 0.000 530.302 0.000
0.000 620.418 742.591 0.000 380.587 0.000 0.000 0.000
441.168 397.933 0.000 0.000 843.237 0.000 969.752 550.698
0.000 0.000 476.884 0.000 704.208 927.598 596.955 798.926
769.812 894.406 0.000 0.000 761.103 553.058 331.394 0.000
0.000 737.451 750.331 0.000 499.311 561.081 0.000 738.368
0.000 586.032 470.703 778.239 300.677 951.430 599.641 0.000
0.000 380.261 0.000 576.200 0.000 0.000 362.538 0.000
0.000 454.704 0.000 654.629 0.000 815.586 0.000 906.576
722.017 0.000 0.000 856.987 0.000 585.433 0.000 0.000
0.000 0.000 615.796 986.718 513.989 0.000 611.675 414.862
468.260 704.990 681.958 960.732 921.088 0.000 597.645 609.330
686.085 0.000 405.657 381.476 0.000 0.000 906.644 840.373
0.000 0.000 422.109 672.577 0.000 834.606 0.000 0.000
494.938 751.011 0.000 0.000 415.857 0.000 0.000 931.954
543.093 551.798 393.898 827.171 544.193 0.000 450.171 0.000
313.686 0.000 474.094 859.963 911.802 581.425 0.000 680.785
919.647 498.618 457.829 0.000 0.000 404.436 0.000 560.154
0.000 0.000 408.115 735.234 650.830 0.000 0.000 0.000
954.432 898.659 0.000 417.998 0.000 432.248 0.000 0.000
762.971 405.497 566.748 0.000 584.308 846.790 0.000 318.347
0.000 0.000 0.000 931.594 0.000 472.222 0.000 0.000
0.000 0.000 0.000 459.263 0.000 345.534 0.000 789.536
442.913 0.000 0.000 0.000 467.973 639.805 641.889 435.051
0.000 346.920 330.954 576.628 356.758 671.492 0.000 0.000
590.267 0.000 568.138 742.106 871.633 511.723 907.040 0.000
635.606 954.020 0.000 0.000 0.000 0.000 477.359 576.147
766.612 0.000 863.904 481.250 0.000 523.952 0.000 733.589
612.891 635.918 0.000 960.172 404.874 381.906 0.000 0.000
0.000 0.000 0.000 919.356 555.135 0.000 690.893 0.000
0.000 0.000 0.000 623.183 0.000 623.181 658.071 0.000
0.000 0.000 762.423 0.000 621.647 0.000 0.000 0.000
0.000 968.140 827.617 667.418 0.000 545.959 710.864 0.000
584.314 709.212 0.000 891.822 598.953 0.000 0.000 644.728
0.000 0.000 0.000 0.000 0.000 635.413 604.087 0.000
709.128 0.000 816.960 475.384 794.483 0.000 343.683 0.000
0.000 774.574 0.000 338.083 606.373 0.000 414.779 0.000
948.900 0.000 0.000 0.000 0.000 554.533 403.614 0.000
557.651 843.910 754.626 874.721 612.184 0.000 0.000 750.426
650.484 0.000 960.182 875.830 0.000 0.000 0.000 401.763
836.543 0.000 689.416 0.000 0.000 0.000 649.377 0.000
0.000 0.000 578.702 595.390 758.632 0.000 724.187 770.149
397.469 341.190 834.174 821.629 806.560 0.000 0.000 0.000
715.248 952.460 0.000 815.263 0.000 614.306 797.774 484.869
368.911 0.000 683.656 783.945 310.524 401.670 0.000 922.486
0.000 0.000 558.794 869.574 566.467 0.000 0.000 0.000
0.000 415.526 0.000 0.000 0.000 746.252 986.358 0.000
0.000 458.719 513.767 0.000 0.000 327.721 0.000 943.628
745.825 0.000 0.000 909.050 0.000 0.000 656.339 0.000
488.957 418.353 490.965 361.310 489.957 0.000 650.434 717.218
0.000 515.327 767.843 404.731 0.000 817.676 476.511 0.000
0.000 0.000 313.868 540.377 0.000 574.262 814.242 812.202
635.966 679.495 530.341 975.019 616.114 0.000 664.370 0.000
959.335 925.178 0.000 0.000 0.000 720.143 426.373 0.000
0.000 599.870 0.000 0.000 0.000 0.000 767.769 0.000
0.000 0.000 930.354 664.001 787.924 918.289 826.391 647.743
0.000 0.000 792.087 952.793 306.029 941.054 0.000 0.000
0.000 743.959 642.834 628.971 366.895 440.790 862.216 684.276
359.094 744.285 0.000 723.558 0.000 0.000 0.000 0.000
0.000 0.000 0.000 605.729 0.000 0.000 797.439 567.508
906.499 0.000 0.000 0.000 0.000 599.169 0.000 321.802
397.633 463.846 452.608 824.741 758.222 0.000 0.000 0.000
0.000 0.000 0.000 403.330 748.994 0.000 872.538 0.000
903.047 349.484 0.000 326.175 0.000 949.526 0.000 0.000
795.987 538.108 615.535 0.000 904.189 984.884 458.156 553.572
320.816 643.109 0.000 0.000 0.000 0.000 941.960 0.000
301.264 316.000 775.067 0.000 609.953 753.071 302.041 963.246
568.719 850.143 0.000 0.000 0.000 531.351 364.314 0.000
478.415 0.000 500.843 461.337 0.000 0.000 990.054 933.205
0.000 0.000 0.000 0.000 312.804 0.000 384.595 896.713
486.607 0.000 498.843 0.000 573.830 0.000 0.000 0.000
0.000 582.972 673.392 0.000 0.000 0.000 424.946 877.328
0.000 0.000 864.822 846.968 800.352 441.361 930.037 0.000
412.164 0.000 0.000 940.671 0.000 0.000 0.000 724.037
0.000 438.666 736.806 0.000 377.497 0.000 876.440 702.770
372.966 627.323 0.000 0.000 0.000 471.326 0.000 0.000
0.000 0.000 911.780 0.000 348.104 0.000 350.269 792.855
0.000 886.121 0.000 472.324 0.000 0.000 512.934 795.989
0.000 979.422 0.000 0.000 659.067 967.906 0.000 0.000
0.000 0.000 966.831 392.836 766.477 0.000 408.664 556.564
0.000 0.000 0.000 0.000 0.000 0.000 0.000 695.438
926.408 0.000 415.521 367.291 799.902 0.000 0.000 303.365
603.211 0.000 877.071 729.099 0.000 0.000 0.000 314.428
0.000 313.970 0.000 750.499 435.251 0.000 931.417 0.000
537.623 497.224 415.790 651.647 488.443 771.590 442.911 603.559
0.000 773.156 0.000 0.000 762.285 0.000 0.000 0.000
685.044 678.345 0.000 982.369 0.000 0.000 856.118 501.753
0.000 910.976 0.000 0.000 385.949 819.831 0.000 827.006
594.939 0.000 814.010 724.294 0.000 0.000 0.000 0.000
0.000 367.777 0.000 321.286 0.000 0.000 606.372 919.222
982.167 790.762 778.021 0.000 742.796 0.000 934.147 518.508
692.143 452.047 608.520 0.000 333.882 0.000 0.000 548.670
861.222 0.000 593.338 0.000 0.000 0.000 844.556 0.000
550.723 0.000 640.744 0.000 0.000 0.000 0.000 544.325
0.000 636.550 0.000 0.000 964.124 452.733 0.000 936.622
0.000 0.000 0.000 0.000 314.950 703.588 883.228 820.035
568.780 0.000 0.000 494.376 466.113 0.000 883.588 0.000
0.000 0.000 995.393 0.000 478.206 0.000 0.000 614.644
0.000 0.000 303.163 0.000 626.125 0.000 734.920 0.000
737.535 603.778 375.590 0.000 341.002 0.000 928.766 0.000
390.677 560.141 752.825 0.000 409.445 0.000 902.864 980.463
417.567 0.000 500.608 355.414 734.244 874.002 593.581 0.000
0.000 0.000 924.035 0.000 0.000 0.000 0.000 0.000
0.000 0.000 0.000 0.000 0.000 759.815 942.457 707.612
0.000 373.151 743.267 0.000 0.000 554.933 0.000 0.000
730.745 493.231 881.294 395.453 471.381 0.000 0.000 498.284
0.000 0.000 879.525 0.000 0.000 821.460 0.000 0.000
0.000 0.000 0.000 0.000 0.000 349.393 0.000 429.648
751.340 0.000 0.000 874.681 0.000 912.364 0.000 506.541
0.000 0.000 0.000 993.385 924.448 0.000 0.000 0.000
714.669 0.000 504.565 589.127 766.812 990.359 904.746 0.000
0.000 836.843 431.293 0.000 751.903 579.895 0.000 694.172
0.000 0.000 443.702 0.000 819.430 448.952 0.000 0.000
0.000 0.000 0.000 0.000 0.000 0.000 702.797 300.308
0.000 733.791 340.605 837.250 0.000 0.000 0.000 394.626
999.319 0.000 969.379 476.939 918.746 752.338 909.772 949.130
0.000 0.000 830.758 0.000 905.073 425.859 0.000 863.849
652.413 0.000 773.285 0.000 0.000 368.768 845.130 356.785
678.488 655.918 0.000 520.355 857.207 0.000 604.937 566.723
0.000 0.000 495.249 465.654 353.587 0.000 0.000 683.105
442.752 470.609 0.000 0.000 671.353 430.790 639.610 0.000
745.486 0.000 0.000 0.000 436.834 0.000 0.000 0.000
303.204 983.856 0.000 0.000 504.553 0.000 0.000 0.000
949.644 534.884 0.000 707.872 736.051 610.075 363.444 0.000
0.000 0.000 0.000 0.000 926.993 0.000 0.000 715.356
549.103 487.131 0.000 0.000 416.465 593.138 0.000 853.417
0.000 0.000 603.949 586.948 929.723 0.000 607.731 910.684
0.000 450.692 576.768 0.000 770.952 0.000 0.000 0.000
0.000 885.869 499.629 0.000 791.996 494.774 785.137 643.146
0.000 0.000 0.000 726.659 0.000 945.323 0.000 0.000
355.503 620.425 0.000 418.383 851.838 0.000 651.812 540.363
0.000 969.454 456.705 0.000 0.000 790.955 755.549 715.786
692.287 0.000 891.599 0.000 894.949 0.000 333.505 0.000
0.000 513.119 506.644 0.000 999.420 594.672 0.000 690.515
0.000 0.000 0.000 401.996 631.905 0.000 625.553 0.000
489.561 0.000 674.450 0.000 700.789 843.038 0.000 0.000
0.000 0.000 0.000 0.000 697.656 425.686 910.760 0.000
0.000 315.464 604.164 0.000 504.018 924.858 870.358 881.009
829.862 762.691 996.274 0.000 579.848 0.000 538.923 0.000
825.913 0.000 792.147 957.527 0.000 997.530 706.798 0.000
0.000 0.000 0.000 0.000 0.000 0.000 0.000 501.900
0.000 0.000 314.861 611.596 0.000 0.000 952.356 0.000
0.000 0.000 855.372 0.000 729.480 0.000 524.792 338.489
0.000 0.000 472.977 486.686 0.000 0.000 937.572 0.000
951.362 0.000 0.000 0.000 0.000 734.785 899.464 0.000
0.000 0.000 916.773 739.470 746.934 551.057 0.000 0.000
844.186 0.000 718.085 0.000 952.443 874.501 0.000 0.000
0.000 0.000 0.000 971.710 569.479 688.233 774.301 0.000
672.912 0.000 777.236 599.341 0.000 925.830 628.655 0.000
641.605 368.331 0.000 942.362 809.111 461.509 0.000 664.160
397.376 633.974 775.704 874.548 967.865 0.000 0.000 0.000
0.000 301.510 865.398 0.000 0.000 464.742 616.617 688.345
950.450 0.000 0.000 329.301 343.484 860.727 918.544 0.000
624.214 0.000 390.257 0.000 447.212 0.000 0.000 0.000
0.000 0.000 702.077 611.823 0.000 569.876 918.207 0.000
502.328 505.969 0.000 0.000 0.000 0.000 667.375 0.000
0.000 636.946 0.000 664.654 0.000 730.752 999.828 0.000
734.256 0.000 0.000 729.611 0.000 0.000 0.000 454.671
308.552 411.082 932.992 746.366 415.039 0.000 805.627 744.600
919.057 411.126 963.211 920.577 0.000 0.000 0.000 515.297
885.797 0.000 0.000 434.028 572.835 0.000 713.639 0.000
0.000 888.458 680.641 849.045 701.184 443.424 848.864 0.000
0.000 733.691 0.000 677.263 540.708 681.874 794.084 0.000
675.308 0.000 0.000 0.000 0.000 848.555 0.000 0.000
0.000 629.575 302.004 936.252 444.956 0.000 0.000 0.000
0.000 0.000 952.645 0.000 0.000 630.154 556.472 453.474
0.000 470.879 758.315 734.764 0.000 0.000 0.000 0.000
655.208 0.000 779.595 0.000 0.000 0.000 0.000 811.183
0.000 0.000 0.000 0.000 660.262 0.000 0.000 0.000
768.401 485.399 0.000 0.000 0.000 0.000 586.866 0.000
0.000 0.000 0.000 0.000 0.000 0.000 713.790 0.000
736.241 0.000 0.000 0.000 0.000 449.229 0.000 0.000
360.158 0.000 602.138 0.000 367.785 752.158 0.000 0.000
433.217 914.466 0.000 0.000 0.000 692.886 0.000 0.000
488.501 0.000 0.000 0.000 427.581 0.000 0.000 980.000
672.470 0.000 555.247 0.000 741.320 841.820 612.004 893.502
607.182 0.000 0.000 0.000 0.000 0.000 749.579 0.000
794.367 603.764 0.000 301.569 0.000 0.000 516.877 703.511
0.000 0.000 0.000 0.000 0.000 731.525 562.523 471.464
739.448 0.000 606.957 303.204 0.000 944.504 0.000 551.641
901.460 0.000 0.000 0.000 351.807 0.000 0.000 673.795
924.165 929.684 337.909 458.045 676.038 410.897 0.000 0.000
670.480 0.000 0.000 0.000 533.683 393.298 0.000 0.000
0.000 939.297 667.437 0.000 0.000 331.170 903.463 0.000
664.844 758.638 0.000 661.265 596.359 732.577 462.768 777.916
903.943 489.754 306.221 0.000 0.000 649.572 993.287 0.000
497.755 0.000 355.715 327.245 398.556 0.000 0.000 0.000
729.207 772.615 740.679 413.477 0.000 0.000 413.703 0.000
499.141 0.000 946.764 528.402 0.000 773.849 596.412 461.672
491.635 472.722 0.000 0.000 519.538 0.000 0.000 0.000
640.881 474.727 0.000 0.000 390.441 0.000 741.055 592.069
0.000 0.000 794.779 0.000 468.989 531.067 986.906 0.000
0.000 0.000 957.823 786.031 513.935 568.566 847.400 0.000
849.619 753.917 0.000 750.742 0.000 987.790 0.000 486.404
780.210 0.000 0.000 0.000 484.527 0.000 0.000 0.000
0.000 0.000 524.942 808.794 987.408 0.000 0.000 0.000
0.000 380.050 0.000 0.000 772.177 0.000 556.834 784.872
974.966 514.035 496.735 968.762 0.000 448.091 452.034 0.000
0.000 0.000 0.000 335.155 995.160 356.194 0.000 0.000
505.024 0.000 618.930 359.905 840.472 530.654 688.642 848.438
918.454 781.070 940.160 0.000 0.000 0.000 0.000 0.000
695.080 0.000 0.000 0.000 0.000 688.111 301.308 0.000
0.000 0.000 0.000 0.000 964.783 0.000 520.656 0.000
0.000 0.000 744.159 421.137 0.000 0.000 0.000 618.088
0.000 790.924 997.606 581.674 0.000 428.195 0.000 0.000
322.469 0.000 353.785 426.580 0.000 854.543 0.000 0.000
0.000 639.613 702.770 0.000 737.316 0.000 548.500 909.343
0.000 390.909 646.924 768.080 849.537 683.073 0.000 555.263
853.490 0.000 912.014 0.000 823.188 622.538 441.577 726.394
816.037 786.179 0.000 843.735 642.164 553.740 588.525 0.000
0.000 705.069 0.000 697.767 0.000 0.000 398.007 0.000
0.000 0.000 0.000 638.335 673.099 0.000 752.105 0.000
0.000 0.000 405.881 728.080 0.000 549.761 899.372 0.000
451.043 0.000 744.753 0.000 0.000 0.000 905.079 733.137
739.808 0.000 567.373 642.118 0.000 685.764 0.000 932.231
0.000 359.610 992.283 0.000 0.000 360.862 0.000 577.066
890.786 684.581 758.067 0.000 0.000 0.000 0.000 896.092
0.000 0.000 0.000 934.644 318.551 651.629 0.000 0.000
987.600 541.535 813.234 506.890 0.000 657.197 810.251 708.792
926.711 0.000 0.000 0.000 462.675 0.000 416.522 0.000
326.221 448.780 432.546 0.000 461.465 0.000 932.857 0.000
0.000 404.902 0.000 893.820 0.000 623.413 0.000 903.362
987.599 0.000 327.560 0.000 335.908 688.317 0.000 508.868
815.359 0.000 620.199 906.900 351.595 933.751 0.000 0.000
823.368 0.000 352.292 0.000 613.642 845.967 0.000 0.000
0.000 722.711 0.000 783.027 0.000 0.000 0.000 643.688
639.569 0.000 0.000 701.541 0.000 439.351 0.000 0.000
0.000 811.993 0.000 0.000 571.025 0.000 609.084 0.000
0.000 0.000 325.956 361.514 0.000 0.000 460.238 0.000
0.000 835.188 0.000 0.000 0.000 0.000 0.000 391.918
0.000 0.000 843.011 0.000 0.000 0.000 0.000 0.000
0.000 824.888 453.295 328.595 613.857 758.522 0.000 0.000
622.826 519.141 0.000 405.778 988.481 787.605 0.000 0.000
849.381 0.000 0.000 314.313 482.632 447.028 0.000 527.549
553.210 852.198 0.000 516.136 736.306 539.853 759.540 0.000
778.447 0.000 823.852 0.000 490.634 905.553 0.000 708.147
703.271 611.199 0.000 621.719 0.000 0.000 609.156 325.708
970.391 0.000 0.000 0.000 918.257 0.000 0.000 360.394
0.000 686.091 0.000 0.000 0.000 0.000 0.000 0.000
637.296 0.000 444.466 592.055 932.384 635.419 0.000 380.936
396.978 0.000 0.000 0.000 330.126 0.000 0.000 627.030
568.585 719.960 0.000 0.000 0.000 655.394 0.000 852.751
416.575 0.000 0.000 539.425 679.140 0.000 0.000 304.442
0.000 0.000 0.000 561.401 453.054 0.000 0.000 0.000
0.000 606.352 944.091 914.751 785.679 0.000 0.000 0.000
0.000 0.000 0.000 303.474 0.000 675.406 403.399 0.000
541.527 934.988 405.816 0.000 484.101 0.000 0.000 0.000
0.000 615.748 816.239 859.112 312.420 0.000 0.000 723.746
0.000 378.532 376.306 924.989 0.000 0.000 515.887 781.789
0.000 976.687 376.456 0.000 0.000 0.000 325.303 0.000
559.184 0.000 661.936 0.000 0.000 0.000 0.000 0.000
331.990 918.552 0.000 968.723 0.000 0.000 464.411 450.581
0.000 0.000 0.000 983.777 0.000 363.086 790.507 850.032
0.000 806.470 808.032 514.225 972.660 0.000 305.242 0.000
880.663 0.000 918.258 0.000 316.422 0.000 724.827 326.910
445.413 0.000 0.000 0.000 0.000 714.933 0.000 0.000
0.000 0.000 0.000 0.000 0.000 0.000 346.518 766.669
619.285 899.619 0.000 0.000 332.801 0.000 480.187 0.000
879.369 0.000 484.151 876.164 0.000 968.265 0.000 0.000
0.000 570.720 0.000 634.053 0.000 992.726 849.029 0.000
663.301 0.000 0.000 578.991 934.858 0.000 0.000 380.044
804.419 895.175 828.924 992.023 775.612 530.633 324.087 382.353
0.000 0.000 0.000 872.123 0.000 389.507 0.000 0.000
741.210 969.886 0.000 751.596 951.349 456.899 923.884 0.000
308.207 0.000 0.000 0.000 894.079 0.000 0.000 514.594
0.000 602.027 494.648 749.593 983.287 610.707 702.125 0.000
0.000 0.000 0.000 611.423 0.000 0.000 796.404 0.000
0.000 0.000 0.000 0.000 920.018 0.000 608.791 735.909
0.000 0.000 646.994 0.000 776.361 0.000 519.481 0.000
439.388 878.639 0.000 696.937 0.000 0.000 588.109 0.000
567.090 0.000 0.000 0.000 0.000 802.563 908.293 416.958
0.000 0.000 0.000 0.000 511.747 0.000 570.770 0.000
892.635 479.674 0.000 0.000 0.000 883.766 661.085 634.750
0.000 485.550 678.738 678.983 0.000 0.000 845.801 793.739
0.000 975.367 0.000 776.270 755.093 0.000 0.000 413.667
655.502 0.000 787.046 686.442 0.000 0.000 783.466 637.120
0.000 405.121 0.000 0.000 0.000 739.474 0.000 0.000
0.000 0.000 0.000 357.891 962.625 657.288 0.000 989.122
573.092 0.000 0.000 944.464 0.000 0.000 0.000 984.406
0.000 915.178 0.000 340.005 625.334 446.770 0.000 802.085
936.918 411.581 358.079 539.909 0.000 944.456 0.000 371.309
486.024 330.856 0.000 424.966 724.171 0.000 607.217 0.000
0.000 966.498 0.000 0.000 0.000 528.695 741.501 0.000
0.000 0.000 580.193 451.645 0.000 0.000 824.613 330.268
0.000 0.000 0.000 0.000 936.926 619.405 0.000 363.621
333.075 582.170 0.000 448.042 621.160 0.000 439.062 0.000
822.345 0.000 892.536 0.000 925.568 953.844 528.894 876.544
0.000 0.000 0.000 798.156 0.000 0.000 957.551 0.000
405.355 916.875 0.000 322.323 330.561 975.986 0.000 0.000
0.000 0.000 0.000 900.035 0.000 491.047 802.961 0.000
656.723 323.439 994.185 0.000 0.000 979.497 537.739 371.204
914.908 911.281 533.594 0.000 492.245 897.616 851.642 884.746
384.789 0.000 0.000 303.478 757.340 420.072 357.597 0.000
999.819 588.714 0.000 0.000 0.000 0.000 365.987 0.000
834.270 0.000 0.000 0.000 0.000 0.000 0.000 716.115
692.655 0.000 0.000 452.370 831.237 0.000 388.115 0.000
0.000 0.000 415.605 0.000 913.483 0.000 499.818 0.000
0.000 0.000 404.013 0.000 0.000 0.000 0.000 785.802
0.000 577.190 0.000 382.473 0.000 0.000 515.426 948.687
