0.000 525.705 659.402 938.589 529.807 0.000 559.170 777.686
0.000 0.000 0.000 0.000 779.475 911.526 480.389 0.000
430.942 977.735 698.281 0.000 703.173 0.000 0.000 0.000
0.000 876.521 0.000 0.000 821.188 556.937 0.000 0.000
0.000 658.124 729.880 0.000 358.128 0.000 0.000 0.000
0.000 0.000 0.000 995.959 312.590 0.000 0.000 494.155
976.162 603.085 639.527 382.366 657.176 0.000 559.057 0.000
0.000 0.000 0.000 0.000 510.843 0.000 0.000 495.866
541.731 441.867 0.000 0.000 764.143 971.624 796.899 458.941
310.495 0.000 888.796 964.913 702.841 707.043 352.052 0.000
532.914 765.951 0.000 0.000 0.000 511.500 0.000 905.814
0.000 0.000 0.000 571.536 0.000 0.000 0.000 844.750
0.000 0.000 915.576 0.000 855.395 0.000 839.099 0.000
0.000 572.840 377.629 0.000 0.000 919.182 0.000 632.783
675.410 698.771 0.000 749.969 0.000 0.000 0.000 905.646
0.000 375.724 0.000 0.000 812.862 0.000 905.870 562.424
645.623 0.000 0.000 0.000 0.000 436.158 0.000 392.599
0.000 680.788 367.379 0.000 731.251 0.000 0.000 0.000
0.000 551.193 0.000 0.000 0.000 930.765 451.600 436.710
0.000 767.537 0.000 919.000 0.000 0.000 765.415 0.000
640.498 0.000 0.000 316.411 842.554 585.219 525.256 0.000
0.000 0.000 896.668 0.000 874.368 471.642 618.730 0.000
400.508 0.000 827.414 0.000 643.630 0.000 798.321 962.117
0.000 0.000 0.000 618.679 0.000 0.000 0.000 0.000
0.000 0.000 0.000 945.275 824.626 0.000 882.775 571.720
502.667 0.000 0.000 0.000 314.889 733.850 0.000 0.000
678.248 0.000 968.089 313.381 944.296 0.000 0.000 855.301
715.680 740.682 0.000 0.000 0.000 0.000 0.000 521.734
634.751 0.000 0.000 0.000 0.000 382.307 571.067 993.234
823.803 399.219 811.225 422.062 0.000 459.217 0.000 358.784
402.673 0.000 0.000 0.000 0.000 0.000 445.731 514.598
0.000 386.114 0.000 0.000 0.000 0.000 0.000 0.000
0.000 380.308 648.329 0.000 394.848 0.000 702.427 0.000
0.000 336.620 544.602 913.120 700.905 0.000 546.711 0.000
0.000 0.000 0.000 444.073 451.981 0.000 963.409 0.000
974.094 752.751 0.000 0.000 0.000 0.000 0.000 575.829
0.000 0.000 714.161 368.566 760.787 0.000 0.000 650.854
0.000 437.849 0.000 593.994 0.000 786.502 0.000 0.000
0.000 846.865 610.746 0.000 418.140 0.000 0.000 335.861
589.180 723.098 874.650 526.888 0.000 766.718 0.000 857.401
825.055 499.933 648.911 0.000 0.000 0.000 637.548 607.508
0.000 524.093 484.817 0.000 419.186 424.913 691.757 585.898
0.000 0.000 0.000 0.000 909.176 956.519 0.000 0.000
700.761 905.176 338.680 0.000 0.000 0.000 302.527 855.579
0.000 0.000 0.000 0.000 0.000 537.417 0.000 978.668
0.000 846.533 0.000 425.899 566.262 0.000 0.000 308.813
0.000 0.000 362.688 0.000 747.204 0.000 775.394 714.834
863.698 327.854 0.000 547.065 819.195 0.000 0.000 0.000
0.000 0.000 975.209 691.598 395.148 957.612 0.000 895.645
946.561 0.000 647.723 578.671 0.000 920.107 561.435 572.022
564.730 0.000 646.643 613.314 374.547 944.860 365.901 814.465
622.988 0.000 0.000 0.000 0.000 0.000 623.548 593.313
733.348 812.197 0.000 582.596 491.385 919.995 476.572 0.000
0.000 548.800 0.000 0.000 0.000 880.844 0.000 398.902
790.751 554.258 869.822 0.000 661.265 494.411 0.000 0.000
782.707 0.000 449.418 553.139 0.000 556.266 557.233 996.027
658.087 0.000 0.000 0.000 0.000 459.333 376.478 981.882
625.504 922.478 0.000 0.000 0.000 0.000 586.518 898.548
539.708 765.679 0.000 383.741 670.207 841.957 0.000 701.419
0.000 0.000 694.013 545.189 300.953 457.515 628.749 640.085
699.426 643.593 887.758 0.000 0.000 608.253 620.391 780.953
0.000 521.334 888.835 355.417 0.000 418.849 973.096 0.000
0.000 732.808 444.709 0.000 0.000 616.814 728.907 0.000
310.318 883.099 509.471 0.000 668.291 398.455 372.783 0.000
0.000 863.075 0.000 600.962 383.316 691.673 716.055 0.000
0.000 497.480 875.191 0.000 0.000 339.891 301.604 0.000
357.854 0.000 668.681 0.000 467.123 619.674 0.000 673.347
0.000 547.683 372.749 401.337 431.068 0.000 0.000 0.000
0.000 660.386 717.049 764.821 698.414 569.568 346.826 0.000
0.000 0.000 0.000 0.000 0.000 640.036 538.248 992.298
0.000 0.000 0.000 0.000 670.920 616.910 362.679 0.000
0.000 722.328 0.000 0.000 667.695 0.000 0.000 560.740
0.000 958.679 0.000 0.000 511.013 0.000 0.000 0.000
470.395 809.373 356.125 0.000 989.463 0.000 0.000 872.106
0.000 434.674 576.796 795.659 0.000 0.000 0.000 0.000
0.000 0.000 0.000 485.728 0.000 0.000 0.000 0.000
720.688 634.315 402.671 0.000 946.775 0.000 336.056 650.546
719.985 644.385 702.053 0.000 716.319 0.000 0.000 0.000
326.546 856.695 544.636 0.000 0.000 0.000 0.000 318.102
352.107 0.000 0.000 471.832 331.714 503.081 0.000 0.000
0.000 0.000 0.000 0.000 0.000 0.000 797.596 853.857
774.783 0.000 0.000 972.731 386.745 0.000 846.342 0.000
876.613 0.000 0.000 950.820 697.891 0.000 858.797 0.000
0.000 0.000 532.083 437.420 0.000 389.961 0.000 993.098
869.370 0.000 685.273 313.536 0.000 603.764 736.710 478.967
627.584 528.791 355.465 986.263 793.599 618.377 781.093 761.682
0.000 724.196 735.623 0.000 365.949 873.884 303.198 0.000
0.000 0.000 535.812 0.000 328.007 546.124 852.586 0.000
318.774 0.000 0.000 0.000 0.000 434.908 982.565 0.000
491.813 339.197 706.793 0.000 0.000 454.912 920.475 0.000
411.609 0.000 887.115 0.000 788.881 0.000 0.000 693.512
0.000 0.000 568.871 404.586 0.000 0.000 991.406 561.298
0.000 504.419 0.000 0.000 0.000 524.018 0.000 830.834
361.962 0.000 704.571 691.699 0.000 537.201 987.247 0.000
0.000 0.000 0.000 0.000 0.000 0.000 0.000 819.000
0.000 903.000 365.590 0.000 0.000 0.000 704.035 0.000
656.290 0.000 532.535 0.000 828.608 0.000 0.000 0.000
0.000 589.432 0.000 653.665 0.000 0.000 0.000 592.667
577.970 0.000 972.554 380.108 993.610 0.000 0.000 0.000
0.000 0.000 0.000 975.150 0.000 0.000 0.000 0.000
300.378 0.000 451.915 876.147 970.085 849.302 330.787 0.000
739.319 0.000 0.000 384.094 788.228 697.483 433.760 0.000
893.392 645.778 404.350 862.817 483.177 958.221 570.607 0.000
0.000 0.000 367.090 571.938 0.000 617.195 0.000 0.000
957.643 0.000 484.117 0.000 402.667 0.000 0.000 692.435
0.000 0.000 943.280 623.747 614.666 0.000 0.000 501.973
0.000 369.513 0.000 577.601 355.811 0.000 0.000 427.100
642.130 454.886 0.000 0.000 0.000 346.686 702.356 334.341
0.000 0.000 0.000 0.000 0.000 537.920 0.000 0.000
343.209 0.000 665.590 0.000 919.612 0.000 915.455 759.773
0.000 629.837 847.954 886.160 352.145 576.712 0.000 580.057
403.029 0.000 0.000 307.206 935.125 0.000 0.000 417.869
0.000 0.000 402.415 901.834 0.000 0.000 0.000 0.000
0.000 0.000 586.511 811.339 383.843 0.000 0.000 349.642
0.000 0.000 0.000 732.776 0.000 936.460 0.000 605.541
814.213 451.556 507.246 0.000 488.149 659.192 0.000 998.555
806.924 810.114 894.694 445.987 605.970 0.000 884.832 0.000
0.000 0.000 0.000 972.420 0.000 375.450 0.000 330.481
0.000 0.000 0.000 0.000 512.280 0.000 0.000 688.255
705.753 0.000 599.712 759.781 978.163 592.674 0.000 953.434
0.000 0.000 925.450 0.000 0.000 328.674 991.688 481.650
0.000 418.800 423.863 0.000 426.317 0.000 743.383 0.000
448.586 843.527 0.000 332.789 351.079 0.000 0.000 0.000
0.000 0.000 0.000 447.165 830.723 0.000 0.000 0.000
439.077 0.000 830.081 0.000 0.000 836.475 956.912 931.816
808.097 0.000 0.000 622.890 0.000 0.000 0.000 304.522
0.000 0.000 0.000 0.000 870.027 629.803 727.293 947.241
665.683 0.000 0.000 0.000 852.066 0.000 0.000 906.564
731.302 0.000 315.014 379.233 395.659 0.000 656.924 543.733
983.134 851.476 0.000 953.338 0.000 0.000 0.000 979.474
0.000 718.183 846.678 0.000 0.000 0.000 0.000 0.000
0.000 0.000 351.224 0.000 0.000 978.183 306.505 761.702
506.629 0.000 0.000 0.000 0.000 0.000 0.000 874.215
470.317 0.000 871.709 966.975 0.000 420.457 820.999 0.000
0.000 309.851 0.000 679.792 0.000 587.820 977.300 525.869
0.000 485.271 0.000 731.245 0.000 0.000 465.361 0.000
0.000 0.000 431.031 0.000 0.000 0.000 0.000 0.000
0.000 826.482 720.779 954.369 479.168 0.000 917.850 0.000
753.775 410.417 437.277 619.526 0.000 508.743 866.356 784.394
0.000 0.000 0.000 0.000 315.357 548.574 737.532 628.866
0.000 721.067 0.000 0.000 0.000 950.891 0.000 0.000
0.000 0.000 697.687 752.502 599.165 749.026 434.256 785.705
977.542 0.000 876.201 0.000 0.000 0.000 0.000 541.368
923.293 691.136 0.000 0.000 813.635 518.434 984.148 597.217
0.000 0.000 596.644 662.354 0.000 816.467 979.830 321.050
944.472 0.000 944.730 717.311 0.000 0.000 0.000 626.239
964.226 0.000 0.000 820.985 387.026 0.000 0.000 0.000
0.000 0.000 771.221 0.000 0.000 0.000 703.381 0.000
583.179 660.456 0.000 0.000 0.000 0.000 848.553 346.745
0.000 0.000 0.000 985.166 0.000 384.789 0.000 0.000
0.000 653.887 892.939 0.000 541.311 823.285 0.000 0.000
714.524 456.141 825.158 456.032 0.000 0.000 0.000 693.240
794.334 0.000 0.000 923.074 0.000 0.000 436.355 0.000
0.000 855.793 946.356 0.000 0.000 504.859 853.797 0.000
851.457 0.000 607.038 714.893 0.000 544.813 0.000 768.947
777.579 0.000 0.000 0.000 0.000 0.000 0.000 0.000
641.227 0.000 0.000 0.000 536.107 0.000 0.000 739.116
0.000 0.000 0.000 499.545 0.000 940.147 759.952 395.809
0.000 0.000 0.000 0.000 0.000 305.684 871.457 0.000
804.691 612.116 0.000 0.000 0.000 0.000 0.000 0.000
0.000 0.000 399.691 0.000 748.572 328.283 0.000 0.000
0.000 0.000 813.289 846.846 0.000 0.000 684.239 571.786
0.000 590.955 361.015 0.000 0.000 383.880 0.000 668.053
343.108 0.000 826.098 0.000 0.000 0.000 0.000 917.383
975.568 0.000 0.000 0.000 0.000 948.404 0.000 0.000
712.049 0.000 0.000 0.000 941.119 0.000 623.835 409.106
658.915 390.056 608.580 511.669 0.000 730.243 704.020 529.790
533.905 0.000 730.607 0.000 369.026 0.000 972.319 878.049
0.000 475.153 0.000 0.000 734.311 0.000 0.000 0.000
446.172 0.000 0.000 513.887 0.000 513.953 721.853 687.370
844.000 0.000 674.179 0.000 0.000 810.837 0.000 663.692
521.125 0.000 0.000 837.059 0.000 0.000 0.000 0.000
0.000 0.000 0.000 0.000 780.307 378.666 534.098 934.838
0.000 466.309 422.675 0.000 0.000 627.358 0.000 0.000
0.000 324.014 0.000 0.000 0.000 0.000 870.712 0.000
865.778 0.000 0.000 0.000 370.296 0.000 553.699 0.000
612.704 919.266 579.913 0.000 0.000 0.000 0.000 577.842
838.582 0.000 794.886 634.566 0.000 0.000 363.029 887.201
544.322 369.945 648.118 0.000 0.000 0.000 0.000 867.252
0.000 0.000 393.944 0.000 805.356 0.000 0.000 0.000
443.979 818.815 715.440 686.853 0.000 587.567 0.000 0.000
0.000 0.000 0.000 848.363 859.752 702.317 0.000 0.000
0.000 0.000 553.619 680.291 350.780 652.466 0.000 771.772
0.000 979.398 341.327 405.987 0.000 0.000 0.000 0.000
572.309 0.000 811.847 640.094 0.000 748.402 631.768 512.092
0.000 534.980 639.786 0.000 0.000 804.395 0.000 921.799
0.000 760.544 0.000 582.112 774.341 818.068 367.480 875.631
758.052 795.887 942.155 0.000 0.000 746.299 0.000 0.000
805.398 779.868 469.745 0.000 0.000 865.121 388.802 342.466
0.000 621.531 800.493 0.000 0.000 699.152 520.509 0.000
0.000 0.000 0.000 0.000 0.000 950.741 413.978 784.467
775.517 557.609 673.222 381.443 912.552 0.000 0.000 0.000
0.000 0.000 724.155 516.942 0.000 0.000 740.552 467.680
650.125 0.000 0.000 0.000 580.018 576.962 0.000 759.262
0.000 0.000 0.000 971.521 0.000 0.000 337.885 625.633
875.764 477.300 419.444 509.056 0.000 404.144 0.000 735.572
885.971 0.000 0.000 0.000 0.000 0.000 864.724 0.000
627.758 0.000 0.000 312.109 0.000 646.564 889.251 335.587
0.000 0.000 634.426 0.000 0.000 0.000 933.363 361.805
0.000 489.317 335.798 0.000 0.000 0.000 313.646 453.741
0.000 0.000 660.287 0.000 659.042 979.471 808.877 325.953
851.687 0.000 704.731 0.000 0.000 0.000 0.000 0.000
0.000 701.174 0.000 0.000 0.000 577.274 309.471 969.717
0.000 350.012 943.402 0.000 0.000 402.303 0.000 0.000
770.600 981.719 0.000 997.612 913.247 0.000 865.468 622.334
0.000 459.983 0.000 0.000 0.000 0.000 840.821 0.000
386.242 0.000 705.703 0.000 837.103 0.000 430.628 0.000
0.000 770.256 730.061 0.000 0.000 0.000 0.000 0.000
0.000 0.000 593.880 633.841 0.000 820.260 350.980 0.000
981.115 823.833 0.000 663.564 803.351 0.000 0.000 971.428
735.149 0.000 0.000 0.000 919.637 707.957 641.051 0.000
633.524 802.408 0.000 0.000 0.000 0.000 868.731 0.000
0.000 0.000 0.000 0.000 602.812 522.086 757.618 0.000
0.000 0.000 667.201 0.000 805.095 0.000 896.979 0.000
328.928 491.342 416.873 0.000 547.181 0.000 0.000 0.000
0.000 0.000 903.410 0.000 657.814 0.000 871.829 823.692
0.000 939.946 0.000 872.548 0.000 0.000 0.000 981.453
442.804 810.496 0.000 404.761 0.000 740.181 946.752 807.884
0.000 0.000 684.385 892.384 0.000 607.602 0.000 825.897
0.000 0.000 958.532 0.000 0.000 885.702 0.000 0.000
0.000 507.857 0.000 579.191 340.371 0.000 0.000 809.547
0.000 0.000 0.000 446.525 0.000 0.000 315.389 0.000
444.979 994.855 0.000 789.879 0.000 340.568 0.000 397.223
0.000 536.483 945.773 0.000 0.000 553.392 0.000 0.000
608.896 344.037 0.000 0.000 0.000 0.000 705.468 0.000
920.673 360.599 668.529 491.348 0.000 985.252 937.779 744.043
0.000 0.000 0.000 797.261 0.000 0.000 430.188 0.000
832.083 926.010 0.000 0.000 0.000 608.670 0.000 0.000
0.000 0.000 0.000 0.000 762.805 719.074 0.000 0.000
0.000 451.917 712.481 0.000 423.525 0.000 341.502 0.000
336.411 0.000 0.000 0.000 828.966 0.000 695.386 727.547
756.039 0.000 727.265 0.000 0.000 433.869 421.872 0.000
0.000 0.000 498.680 302.617 960.050 710.014 637.308 0.000
0.000 400.640 631.261 611.502 477.194 0.000 419.114 736.146
493.436 974.853 711.529 718.489 838.702 313.920 643.426 698.534
0.000 474.619 720.544 557.813 593.301 0.000 0.000 364.420
970.852 493.045 993.062 0.000 811.647 388.620 306.044 0.000
0.000 719.669 637.678 435.774 0.000 444.567 0.000 526.283
482.888 0.000 962.491 689.258 0.000 875.813 655.233 0.000
687.404 995.310 0.000 0.000 0.000 0.000 391.099 0.000
0.000 482.296 0.000 957.153 555.178 0.000 0.000 660.712
512.837 319.803 0.000 0.000 718.989 379.471 0.000 824.747
0.000 355.070 558.993 0.000 0.000 0.000 410.158 0.000
0.000 0.000 709.038 0.000 0.000 0.000 0.000 470.007
443.350 489.883 730.149 0.000 731.470 947.319 646.906 0.000
0.000 932.613 0.000 386.960 0.000 530.300 0.000 798.470
0.000 0.000 990.210 313.321 491.609 0.000 327.300 714.277
710.590 0.000 0.000 747.869 753.459 461.408 415.857 491.995
399.005 588.306 509.776 0.000 0.000 0.000 0.000 0.000
0.000 489.083 306.942 0.000 0.000 600.438 0.000 643.255
449.550 709.032 0.000 0.000 0.000 419.381 0.000 411.617
0.000 0.000 848.142 872.645 0.000 338.354 0.000 0.000
0.000 0.000 821.185 0.000 561.832 0.000 539.571 950.326
0.000 0.000 0.000 0.000 0.000 0.000 805.117 0.000
702.970 0.000 0.000 0.000 0.000 305.114 963.939 0.000
984.931 0.000 482.971 0.000 458.341 0.000 740.861 0.000
563.916 0.000 717.709 958.649 0.000 664.788 0.000 0.000
0.000 0.000 0.000 0.000 0.000 0.000 858.668 710.850
650.969 0.000 0.000 0.000 0.000 0.000 0.000 682.501
868.271 516.618 0.000 420.640 0.000 658.922 766.686 790.745
977.033 0.000 790.689 631.676 0.000 967.451 0.000 623.203
0.000 0.000 720.691 0.000 396.867 0.000 0.000 0.000
0.000 0.000 0.000 0.000 804.639 0.000 0.000 0.000
0.000 0.000 0.000 0.000 0.000 0.000 0.000 725.873
0.000 0.000 0.000 0.000 0.000 991.368 584.339 580.553
0.000 854.007 694.079 0.000 524.844 690.266 663.638 0.000
0.000 446.225 919.489 376.573 595.786 501.444 0.000 0.000
845.534 481.408 580.860 568.806 559.113 525.999 0.000 0.000
387.598 547.138 787.262 326.943 0.000 0.000 709.967 0.000
0.000 0.000 368.644 0.000 454.484 925.009 0.000 692.035
0.000 0.000 0.000 553.442 742.028 730.668 0.000 0.000
873.852 0.000 0.000 0.000 351.083 0.000 0.000 818.877
733.386 855.895 371.051 0.000 0.000 715.237 0.000 982.591
0.000 0.000 0.000 617.319 0.000 738.890 0.000 0.000
932.834 615.860 970.646 913.813 872.129 532.722 0.000 684.388
445.230 0.000 851.841 0.000 929.560 810.116 0.000 414.281
982.593 0.000 400.029 480.024 731.863 764.875 0.000 0.000
473.707 0.000 0.000 300.409 443.448 0.000 0.000 0.000
689.670 0.000 0.000 0.000 0.000 0.000 0.000 0.000
0.000 0.000 458.561 0.000 0.000 616.532 685.413 422.113
308.201 619.478 553.557 421.278 0.000 916.660 816.902 0.000
425.419 633.178 996.868 0.000 0.000 825.445 776.641 864.204
0.000 0.000 958.385 0.000 847.150 757.142 328.976 0.000
0.000 393.538 0.000 502.534 0.000 0.000 0.000 793.549
318.086 775.201 0.000 0.000 742.325 0.000 0.000 0.000
321.425 0.000 0.000 0.000 882.016 821.996 0.000 772.403
0.000 973.641 0.000 0.000 0.000 826.343 553.288 0.000
0.000 938.616 0.000 0.000 889.064 931.922 0.000 750.316
754.303 791.436 750.918 0.000 793.913 673.095 708.041 0.000
0.000 0.000 0.000 942.009 330.227 630.728 0.000 0.000
614.259 0.000 0.000 0.000 804.343 980.632 644.901 626.056
0.000 540.781 404.796 769.484 0.000 0.000 408.541 0.000
0.000 570.230 0.000 0.000 0.000 0.000 0.000 740.914
0.000 0.000 829.305 0.000 0.000 743.501 0.000 0.000
889.583 440.785 727.705 524.852 0.000 966.416 462.971 0.000
0.000 648.801 0.000 516.467 955.210 302.054 994.202 531.266
684.987 0.000 926.940 0.000 792.276 740.772 533.227 0.000
0.000 901.930 0.000 0.000 0.000 0.000 0.000 0.000
390.193 0.000 802.017 930.852 809.202 0.000 470.748 0.000
379.758 629.383 470.216 441.872 0.000 0.000 0.000 0.000
801.228 0.000 0.000 806.251 0.000 0.000 0.000 0.000
972.976 621.377 983.051 0.000 0.000 991.300 0.000 0.000
0.000 0.000 699.681 386.098 770.282 328.585 540.657 0.000
0.000 994.381 378.823 0.000 804.555 688.370 641.479 842.840
0.000 414.646 594.958 442.703 338.763 894.726 0.000 0.000
0.000 0.000 0.000 0.000 0.000 912.115 383.030 0.000
0.000 0.000 467.812 789.796 483.176 378.419 750.963 0.000
448.643 984.730 731.417 439.662 0.000 0.000 419.821 468.068
469.655 0.000 671.946 702.882 0.000 748.879 381.240 628.449
0.000 485.100 0.000 955.308 377.605 0.000 576.010 0.000
0.000 837.767 801.838 0.000 0.000 0.000 658.399 0.000
0.000 502.097 965.415 0.000 0.000 731.910 0.000 641.585
0.000 972.700 735.227 0.000 0.000 0.000 508.757 0.000
940.234 974.373 587.857 664.473 478.100 0.000 0.000 924.817
904.049 0.000 0.000 853.334 0.000 0.000 0.000 0.000
0.000 735.710 0.000 0.000 0.000 0.000 0.000 0.000
864.810 927.625 866.940 0.000 0.000 0.000 0.000 658.283
0.000 711.084 0.000 0.000 342.150 810.318 794.999 0.000
327.867 382.109 317.899 382.230 676.651 0.000 0.000 0.000
0.000 803.178 782.194 0.000 0.000 0.000 684.553 604.714
903.559 934.857 375.634 323.210 980.429 565.472 933.048 0.000
0.000 0.000 0.000 879.739 508.035 0.000 0.000 0.000
679.794 0.000 0.000 0.000 0.000 814.652 706.991 0.000
0.000 0.000 0.000 440.279 0.000 835.304 0.000 0.000
348.530 940.799 0.000 0.000 0.000 603.458 782.980 570.449
0.000 0.000 336.341 0.000 0.000 876.941 0.000 628.299
0.000 0.000 0.000 525.443 0.000 454.733 0.000 0.000
0.000 0.000 0.000 0.000 0.000 0.000 0.000 706.544
523.649 0.000 0.000 0.000 0.000 879.908 897.708 0.000
719.940 0.000 771.000 0.000 531.114 0.000 0.000 956.720
0.000 0.000 590.101 0.000 587.637 0.000 719.159 995.025
0.000 672.463 625.724 0.000 0.000 966.382 659.686 759.276
868.879 556.394 427.640 0.000 0.000 0.000 428.641 0.000
0.000 492.491 0.000 0.000 508.681 994.793 0.000 745.015
524.666 501.585 490.681 373.133 551.274 0.000 710.707 710.607
0.000 0.000 0.000 623.716 0.000 0.000 868.999 675.909
0.000 0.000 0.000 0.000 679.097 0.000 0.000 0.000
0.000 899.583 0.000 0.000 696.019 0.000 579.350 0.000
0.000 420.648 348.041 599.623 0.000 488.963 0.000 0.000
0.000 645.676 974.930 0.000 683.968 454.106 0.000 0.000
0.000 0.000 0.000 0.000 0.000 0.000 996.424 0.000
0.000 408.847 660.371 746.512 0.000 0.000 0.000 0.000
0.000 790.863 0.000 449.501 0.000 0.000 628.512 300.121
303.705 0.000 773.402 926.423 0.000 0.000 340.653 0.000
0.000 583.486 0.000 0.000 395.493 758.128 708.949 0.000
901.430 0.000 0.000 835.816 0.000 906.080 865.987 620.744
836.896 679.445 0.000 663.891 0.000 0.000 373.875 675.444
814.901 808.560 0.000 725.409 0.000 990.905 755.815 566.646
0.000 402.793 0.000 661.186 658.058 638.704 0.000 0.000
0.000 493.204 0.000 466.033 0.000 543.318 725.253 0.000
539.827 0.000 0.000 0.000 695.532 0.000 0.000 419.905
0.000 0.000 0.000 834.007 0.000 0.000 0.000 575.201
0.000 585.142 0.000 880.932 0.000 638.705 383.465 0.000
0.000 370.932 454.348 903.645 438.916 0.000 524.884 0.000
0.000 0.000 0.000 844.181 329.554 548.274 0.000 0.000
589.367 0.000 0.000 830.945 551.765 0.000 800.700 0.000
0.000 863.693 0.000 0.000 0.000 0.000 0.000 0.000
0.000 504.517 424.840 0.000 0.000 408.319 0.000 757.485
840.454 0.000 788.376 948.670 0.000 586.577 621.373 0.000
967.725 433.458 0.000 489.843 0.000 314.170 537.108 0.000
0.000 0.000 0.000 393.653 375.533 783.557 431.777 979.603
0.000 566.134 0.000 0.000 0.000 0.000 0.000 0.000
329.501 493.931 0.000 473.019 721.561 0.000 0.000 0.000
547.231 0.000 649.695 0.000 625.117 0.000 0.000 0.000
470.449 825.634 602.580 0.000 0.000 528.626 892.055 0.000
0.000 0.000 0.000 420.263 0.000 0.000 0.000 312.388
0.000 0.000 0.000 643.006 433.405 641.857 0.000 924.214
585.360 395.410 645.354 337.022 0.000 0.000 842.857 418.558
0.000 470.264 0.000 0.000 0.000 656.157 0.000 0.000
390.299 724.179 550.614 0.000 0.000 0.000 851.784 0.000
983.428 822.764 0.000 955.233 875.334 0.000 0.000 952.205
761.257 515.367 0.000 832.565 0.000 461.753 0.000 0.000
0.000 0.000 414.020 0.000 0.000 0.000 0.000 0.000
0.000 0.000 858.996 0.000 793.281 900.390 0.000 496.474
0.000 0.000 0.000 438.935 957.638 642.465 0.000 939.920
952.087 465.751 0.000 0.000 0.000 0.000 566.749 654.728
557.605 485.938 0.000 798.491 364.635 0.000 989.850 664.557
431.916 0.000 785.321 0.000 0.000 0.000 0.000 471.828
738.068 0.000 0.000 604.255 0.000 0.000 555.329 691.441
0.000 0.000 850.847 0.000 865.015 672.434 0.000 0.000
967.572 0.000 0.000 0.000 0.000 0.000 0.000 0.000
669.048 303.591 473.053 902.104 0.000 882.345 801.041 0.000
0.000 482.659 0.000 705.115 0.000 980.876 359.163 847.538
457.466 0.000 0.000 0.000 0.000 537.114 0.000 541.897
431.472 603.054 836.447 701.618 714.882 0.000 0.000 530.744
822.291 695.020 522.311 407.231 504.271 564.241 800.945 621.606
0.000 0.000 513.885 374.649 696.261 0.000 0.000 941.889
832.044 0.000 304.224 858.968 0.000 0.000 0.000 0.000
784.387 658.560 0.000 645.266 0.000 0.000 0.000 0.000
421.827 0.000 873.631 0.000 0.000 0.000 472.939 0.000
356.433 403.294 687.433 0.000 0.000 356.292 0.000 787.408
541.299 445.969 0.000 0.000 821.162 982.189 0.000 0.000
731.870 521.045 0.000 579.087 966.322 625.358 0.000 538.332
685.608 0.000 0.000 0.000 0.000 413.555 311.153 939.725
770.566 823.377 927.366 372.128 0.000 0.000 794.279 0.000
475.864 0.000 0.000 570.121 0.000 0.000 364.368 774.017
482.634 0.000 717.611 0.000 0.000 418.000 961.341 739.722
771.373 494.165 775.703 797.086 615.304 687.268 0.000 0.000
764.435 554.758 0.000 465.857 0.000 824.235 395.194 0.000
0.000 0.000 918.962 0.000 0.000 367.130 805.923 496.345
809.000 571.673 0.000 399.113 0.000 0.000 997.233 0.000
666.191 851.614 718.760 0.000 0.000 0.000 582.745 350.271
877.545 0.000 0.000 0.000 832.178 567.116 0.000 904.149
708.787 462.730 466.958 938.101 857.329 379.192 783.448 916.374
0.000 0.000 768.411 691.368 0.000 862.589 0.000 0.000
395.360 0.000 904.956 0.000 322.541 0.000 413.660 612.509
0.000 0.000 0.000 0.000 405.265 650.627 890.957 737.897
954.117 643.154 383.760 0.000 0.000 0.000 862.484 323.834
0.000 0.000 0.000 524.170 650.428 503.273 660.438 772.474
620.608 453.062 0.000 812.101 997.471 0.000 756.478 0.000
570.967 0.000 0.000 445.034 0.000 976.954 0.000 0.000
0.000 781.938 0.000 580.644 0.000 660.553 0.000 0.000
730.139 0.000 0.000 0.000 0.000 532.533 927.966 0.000
690.547 956.608 302.251 751.957 0.000 0.000 0.000 0.000
726.235 733.630 0.000 0.000 701.453 0.000 791.296 0.000
991.177 0.000 0.000 0.000 561.273 0.000 0.000 451.739
0.000 912.946 0.000 603.390 984.248 0.000 0.000 0.000
0.000 0.000 897.751 0.000 0.000 523.813 0.000 747.692
0.000 862.370 460.228 327.007 0.000 0.000 902.386 911.828
955.526 0.000 695.399 0.000 0.000 0.000 0.000 645.459
565.566 0.000 962.242 0.000 543.489 0.000 339.023 0.000
0.000 596.909 444.190 0.000 0.000 627.279 0.000 804.800
0.000 466.487 0.000 991.588 0.000 547.404 0.000 970.120
831.768 362.276 0.000 0.000 0.000 450.594 0.000 0.000
794.736 0.000 888.293 0.000 836.863 800.735 0.000 0.000
0.000 0.000 748.290 531.275 0.000 381.510 987.062 843.112
0.000 0.000 919.595 0.000 0.000 0.000 594.722 360.930
762.014 0.000 0.000 477.389 0.000 481.460 0.000 728.084
308.581 482.561 733.076 768.304 0.000 486.575 0.000 906.007
810.856 654.837 913.312 0.000 338.712 0.000 918.153 0.000
318.180 0.000 0.000 0.000 0.000 0.000 0.000 0.000
979.312 486.714 0.000 0.000 902.599 0.000 939.495 0.000
0.000 889.647 0.000 439.683 410.356 0.000 947.750 821.212
600.322 689.908 596.311 420.481 840.941 501.730 660.261 0.000
523.083 0.000 0.000 0.000 0.000 0.000 388.546 0.000
0.000 0.000 0.000 0.000 0.000 0.000 944.013 0.000
0.000 532.308 0.000 493.397 0.000 0.000 0.000 0.000
453.625 0.000 0.000 0.000 996.972 595.758 0.000 0.000
969.109 0.000 0.000 405.176 869.310 0.000 0.000 784.766
0.000 0.000 0.000 654.892 0.000 0.000 460.561 0.000
0.000 390.725 0.000 0.000 603.050 0.000 0.000 0.000
383.981 0.000 0.000 967.051 0.000 0.000 0.000 0.000
0.000 596.318 0.000 0.000 877.461 0.000 0.000 0.000
859.337 0.000 387.604 0.000 458.504 705.827 0.000 481.222
782.082 962.609 957.656 349.064 0.000 539.674 0.000 0.000
671.296 386.918 400.019 0.000 0.000 0.000 0.000 0.000
412.095 0.000 0.000 0.000 990.897 405.743 995.030 0.000
894.058 859.285 0.000 0.000 695.993 0.000 537.527 0.000
0.000 630.028 600.441 0.000 0.000 915.762 869.207 0.000
0.000 383.150 969.926 781.133 0.000 0.000 0.000 0.000
0.000 0.000 0.000 417.720 0.000 557.184 634.711 0.000
766.459 970.022 0.000 0.000 0.000 0.000 0.000 0.000
364.156 0.000 0.000 0.000 0.000 433.444 0.000 0.000
626.032 0.000 516.263 0.000 752.499 317.559 0.000 0.000
0.000 0.000 515.507 0.000 0.000 0.000 0.000 737.297
497.945 0.000 0.000 377.064 499.482 854.010 0.000 0.000
582.894 697.342 814.024 546.724 786.105 524.156 0.000 0.000
743.599 0.000 0.000 0.000 0.000 0.000 0.000 0.000
767.460 0.000 995.836 0.000 0.000 616.374 949.398 642.169
559.719 718.964 552.706 0.000 0.000 302.910 0.000 319.425
0.000 372.838 0.000 0.000 0.000 359.185 0.000 0.000
638.188 765.826 431.915 357.210 788.201 354.533 989.220 568.403
0.000 429.094 0.000 516.803 808.030 0.000 709.351 0.000
856.455 0.000 0.000 0.000 323.217 669.417 534.392 0.000
625.471 407.165 862.149 303.680 0.000 850.980 0.000 383.608
0.000 0.000 592.284 941.124 0.000 0.000 0.000 0.000
318.456 0.000 0.000 0.000 0.000 389.370 0.000 475.499
361.410 0.000 493.687 0.000 0.000 855.818 335.451 0.000
332.528 0.000 0.000 866.526 660.038 957.701 0.000 611.407
340.971 0.000 0.000 0.000 0.000 0.000 956.925 574.972
0.000 0.000 379.891 386.896 475.516 608.862 0.000 359.865
886.581 822.812 704.352 486.757 572.358 0.000 579.195 0.000
316.949 0.000 729.909 939.398 0.000 0.000 918.392 434.305
779.646 0.000 0.000 0.000 0.000 0.000 521.892 0.000
0.000 406.443 0.000 0.000 0.000 0.000 0.000 553.822
0.000 0.000 0.000 0.000 0.000 939.361 0.000 0.000
0.000 376.954 0.000 0.000 0.000 940.106 948.404 0.000
0.000 0.000 0.000 917.818 0.000 0.000 0.000 0.000
811.660 0.000 0.000 696.591 896.919 549.332 0.000 770.417
985.416 0.000 0.000 412.308 0.000 382.387 0.000 0.000
873.845 0.000 0.000 0.000 0.000 411.810 0.000 514.487
0.000 491.147 0.000 0.000 654.976 623.204 377.861 0.000
0.000 0.000 0.000 326.286 0.000 785.522 0.000 708.047
0.000 0.000 444.321 459.998 866.156 0.000 0.000 0.000
0.000 928.979 347.827 671.693 415.669 0.000 0.000 0.000
377.778 0.000 675.552 817.982 532.126 958.869 931.345 0.000
0.000 923.130 772.697 389.311 799.047 391.365 0.000 0.000
566.946 0.000 0.000 893.361 0.000 0.000 563.272 800.565
0.000 459.745 0.000 0.000 0.000 0.000 0.000 0.000
0.000 762.185 915.393 553.833 653.420 441.642 320.101 429.173
718.965 0.000 437.412 639.989 0.000 541.175 0.000 0.000
0.000 927.744 0.000 0.000 0.000 394.624 0.000 0.000
0.000 536.506 557.073 317.798 0.000 0.000 0.000 495.166
0.000 667.837 0.000 932.259 727.125 800.437 0.000 315.466
0.000 0.000 0.000 759.154 516.340 765.546 0.000 392.906
0.000 0.000 771.363 0.000 0.000 884.676 0.000 0.000
0.000 889.108 0.000 0.000 0.000 559.156 0.000 802.392
957.864 967.540 0.000 0.000 0.000 979.038 0.000 0.000
944.841 868.675 610.837 659.246 879.544 826.164 0.000 0.000
511.224 941.201 0.000 0.000 0.000 0.000 0.000 0.000
