977.550 0.000 0.000 431.789 841.417 0.000 0.000 0.000
0.000 0.000 640.632 0.000 960.164 0.000 0.000 476.498
0.000 0.000 0.000 0.000 506.364 569.850 0.000 409.066
0.000 850.581 912.713 0.000 0.000 868.007 0.000 541.199
0.000 993.212 0.000 0.000 0.000 756.984 0.000 607.384
816.276 0.000 0.000 375.238 0.000 323.170 403.589 0.000
921.621 334.062 0.000 0.000 543.817 0.000 0.000 0.000
740.547 771.728 460.100 0.000 0.000 0.000 558.905 0.000
0.000 0.000 0.000 0.000 581.806 0.000 566.023 0.000
0.000 0.000 832.416 0.000 953.975 778.355 702.273 0.000
0.000 897.469 981.759 832.544 0.000 328.569 0.000 0.000
0.000 769.805 0.000 0.000 594.684 0.000 0.000 423.594
0.000 0.000 0.000 744.553 0.000 0.000 977.156 0.000
970.690 0.000 958.094 890.731 0.000 0.000 694.976 818.723
0.000 726.907 571.370 0.000 810.223 0.000 0.000 0.000
358.089 451.980 0.000 0.000 715.975 542.799 762.518 605.033
661.140 0.000 0.000 0.000 594.722 799.594 750.980 0.000
676.176 967.261 600.797 805.732 793.320 752.436 0.000 666.761
786.122 935.819 915.582 0.000 0.000 0.000 785.374 898.194
0.000 955.233 407.846 0.000 0.000 0.000 0.000 0.000
377.615 762.668 0.000 953.848 433.639 473.875 0.000 930.372
809.118 0.000 667.160 334.728 768.386 0.000 0.000 668.167
785.710 0.000 940.802 921.737 0.000 0.000 366.801 945.609
396.638 0.000 0.000 0.000 0.000 0.000 692.455 0.000
0.000 0.000 669.873 347.152 566.288 0.000 965.896 342.575
713.607 578.468 653.735 718.495 0.000 0.000 387.124 972.241
560.774 0.000 0.000 534.085 777.859 0.000 795.977 0.000
0.000 669.711 0.000 526.704 0.000 0.000 0.000 0.000
0.000 0.000 883.607 537.484 0.000 0.000 651.514 549.438
0.000 315.390 331.881 0.000 454.404 0.000 0.000 686.444
0.000 0.000 574.649 0.000 535.024 0.000 0.000 790.438
0.000 568.473 0.000 606.948 0.000 0.000 742.696 0.000
767.864 0.000 0.000 401.176 0.000 891.379 0.000 0.000
0.000 515.839 0.000 0.000 0.000 984.302 963.735 725.784
0.000 0.000 0.000 507.075 724.917 0.000 0.000 0.000
0.000 442.209 463.487 0.000 0.000 843.812 327.573 340.601
445.032 0.000 0.000 614.604 383.643 590.478 0.000 441.702
762.570 865.246 550.181 0.000 970.390 904.797 832.307 820.528
0.000 383.702 501.951 0.000 0.000 600.169 344.568 750.789
732.263 0.000 0.000 0.000 826.274 584.868 0.000 605.096
824.058 0.000 333.412 0.000 734.708 0.000 0.000 797.915
391.582 0.000 0.000 0.000 566.572 764.345 0.000 0.000
914.017 0.000 0.000 785.354 0.000 0.000 725.513 683.353
384.213 448.459 444.841 0.000 598.805 0.000 0.000 0.000
798.084 627.427 0.000 0.000 559.255 718.284 326.709 629.614
841.672 0.000 573.101 435.044 485.041 0.000 0.000 644.323
0.000 338.883 0.000 481.968 0.000 0.000 311.678 360.897
0.000 636.397 412.318 0.000 334.328 700.042 0.000 315.606
0.000 0.000 0.000 0.000 0.000 429.919 762.255 0.000
0.000 549.928 0.000 0.000 0.000 0.000 930.553 717.857
961.041 0.000 0.000 581.810 920.406 0.000 0.000 403.492
669.732 0.000 0.000 824.599 987.251 647.175 942.892 969.789
0.000 489.091 0.000 426.668 0.000 0.000 0.000 0.000
0.000 0.000 0.000 0.000 302.456 904.279 868.205 0.000
715.506 980.866 328.886 0.000 0.000 0.000 0.000 530.027
0.000 0.000 0.000 381.863 468.672 305.624 0.000 694.198
703.033 0.000 925.372 530.994 0.000 0.000 0.000 864.753
559.884 0.000 505.093 699.007 0.000 0.000 0.000 997.826
584.939 0.000 0.000 652.000 0.000 537.755 602.524 0.000
392.116 588.908 0.000 469.553 0.000 345.458 501.319 813.073
508.445 0.000 0.000 805.968 0.000 810.397 0.000 0.000
880.561 0.000 556.716 0.000 0.000 989.923 0.000 0.000
656.924 500.239 665.661 0.000 733.230 0.000 0.000 0.000
803.165 0.000 328.805 673.045 777.698 0.000 869.997 936.137
0.000 0.000 448.384 405.033 491.072 0.000 327.106 428.377
394.409 0.000 0.000 0.000 0.000 414.839 619.596 365.331
0.000 704.148 0.000 300.427 0.000 0.000 0.000 670.147
815.224 615.955 0.000 0.000 773.281 520.795 0.000 0.000
0.000 0.000 0.000 0.000 465.677 894.149 0.000 0.000
325.382 0.000 857.278 0.000 693.312 0.000 931.732 0.000
734.125 0.000 883.194 644.495 0.000 0.000 0.000 0.000
0.000 391.217 0.000 622.432 0.000 405.475 454.703 0.000
835.676 858.704 0.000 579.550 0.000 781.804 0.000 976.367
0.000 0.000 0.000 632.789 0.000 0.000 0.000 0.000
804.638 0.000 0.000 799.454 849.198 507.067 0.000 916.031
967.658 0.000 0.000 334.150 0.000 520.006 787.437 0.000
0.000 0.000 0.000 643.017 0.000 0.000 349.602 0.000
433.275 0.000 881.241 0.000 0.000 0.000 325.586 427.316
0.000 890.295 0.000 611.383 871.054 0.000 659.572 406.891
0.000 0.000 0.000 745.151 509.525 338.811 0.000 0.000
0.000 0.000 735.485 0.000 373.876 502.980 582.608 926.209
0.000 669.537 650.543 721.151 0.000 0.000 0.000 0.000
0.000 0.000 398.973 698.299 0.000 0.000 0.000 0.000
822.273 0.000 720.838 0.000 718.565 609.572 0.000 924.814
0.000 419.819 551.195 892.221 0.000 560.191 340.905 513.638
351.574 730.937 547.699 0.000 0.000 502.407 500.437 0.000
481.808 349.384 0.000 819.670 981.624 0.000 639.060 0.000
0.000 0.000 0.000 919.009 0.000 0.000 595.255 0.000
0.000 333.352 954.622 507.939 787.514 0.000 480.591 420.934
0.000 0.000 984.007 0.000 0.000 418.716 0.000 0.000
935.358 0.000 475.475 0.000 899.193 990.960 0.000 0.000
0.000 0.000 0.000 869.923 0.000 742.130 747.501 626.373
0.000 0.000 562.177 970.244 0.000 466.195 0.000 508.031
0.000 687.458 660.600 0.000 0.000 0.000 939.490 0.000
0.000 0.000 0.000 728.209 962.609 625.084 0.000 640.463
933.199 427.975 370.275 758.852 514.440 0.000 934.462 0.000
429.086 0.000 0.000 963.088 664.086 648.730 555.050 780.931
971.751 944.716 0.000 350.041 904.642 0.000 0.000 0.000
0.000 612.781 0.000 0.000 511.741 880.548 0.000 892.741
0.000 828.817 0.000 0.000 338.041 537.983 0.000 0.000
688.415 0.000 0.000 0.000 917.516 541.418 341.592 372.589
780.380 0.000 544.948 0.000 359.978 0.000 0.000 0.000
0.000 749.517 0.000 0.000 0.000 312.112 956.081 0.000
426.590 574.862 0.000 423.729 0.000 0.000 827.039 0.000
0.000 596.893 409.908 0.000 0.000 0.000 0.000 636.767
0.000 988.113 722.093 0.000 925.900 743.508 0.000 0.000
896.365 0.000 0.000 631.135 829.605 0.000 822.144 0.000
315.235 991.640 0.000 0.000 354.342 0.000 570.146 0.000
833.909 345.393 0.000 823.425 0.000 0.000 424.624 0.000
367.027 0.000 707.759 0.000 0.000 0.000 0.000 821.265
0.000 974.435 0.000 0.000 0.000 718.711 491.284 0.000
726.473 0.000 0.000 624.142 0.000 0.000 0.000 947.510
0.000 0.000 0.000 0.000 640.318 501.769 0.000 0.000
0.000 823.375 0.000 0.000 0.000 930.631 0.000 0.000
0.000 0.000 0.000 0.000 612.926 376.498 428.780 0.000
0.000 944.468 503.122 600.963 0.000 0.000 0.000 0.000
759.611 474.218 0.000 0.000 0.000 365.249 764.351 987.239
0.000 748.978 791.825 0.000 423.259 314.833 835.191 472.638
0.000 0.000 0.000 435.400 0.000 958.268 371.160 0.000
632.979 543.464 791.483 0.000 0.000 437.253 722.032 468.497
0.000 0.000 746.817 400.617 0.000 0.000 0.000 989.404
0.000 430.069 523.177 0.000 991.265 0.000 0.000 0.000
0.000 0.000 0.000 0.000 425.830 0.000 597.738 0.000
576.551 0.000 0.000 0.000 0.000 797.208 0.000 0.000
552.554 0.000 0.000 0.000 740.097 0.000 541.547 715.281
852.990 985.845 395.911 984.498 0.000 878.678 592.216 607.999
0.000 0.000 482.655 0.000 0.000 0.000 627.752 0.000
891.466 0.000 551.426 0.000 0.000 628.991 947.292 528.476
519.364 0.000 0.000 613.224 698.964 398.511 666.081 0.000
0.000 642.922 0.000 0.000 590.772 0.000 0.000 425.835
0.000 768.839 369.520 976.434 845.717 423.259 0.000 0.000
634.307 447.758 0.000 0.000 853.630 560.675 0.000 897.355
876.462 952.568 0.000 429.009 954.427 530.778 538.828 0.000
944.497 0.000 0.000 0.000 0.000 771.016 346.828 762.319
0.000 0.000 0.000 0.000 690.664 592.762 0.000 931.110
979.270 0.000 0.000 540.014 0.000 738.726 860.484 337.510
871.221 0.000 602.740 544.500 711.701 996.894 0.000 0.000
824.699 0.000 0.000 485.661 0.000 0.000 0.000 0.000
0.000 571.783 978.646 0.000 0.000 0.000 396.394 0.000
0.000 876.192 391.490 645.423 885.041 968.890 571.772 0.000
598.967 319.983 0.000 0.000 882.218 454.650 369.752 822.029
0.000 363.136 0.000 425.809 907.887 0.000 554.338 0.000
309.899 448.131 856.979 638.703 0.000 0.000 0.000 414.156
727.640 0.000 0.000 602.648 300.595 0.000 721.058 380.306
915.203 400.217 0.000 401.659 412.895 386.918 0.000 0.000
920.710 0.000 516.026 0.000 587.261 495.760 0.000 0.000
0.000 0.000 0.000 599.972 0.000 0.000 986.305 0.000
0.000 397.022 735.471 539.165 414.282 968.556 457.594 951.888
0.000 946.929 0.000 376.835 432.647 786.022 0.000 712.345
698.660 734.686 0.000 822.714 0.000 416.848 554.432 0.000
997.027 0.000 0.000 0.000 986.121 738.424 592.470 937.459
0.000 0.000 422.272 0.000 847.874 0.000 0.000 387.707
0.000 828.179 0.000 511.866 0.000 0.000 0.000 0.000
0.000 616.041 832.042 0.000 0.000 0.000 0.000 0.000
0.000 0.000 438.650 0.000 0.000 0.000 0.000 0.000
0.000 0.000 505.520 0.000 333.497 0.000 0.000 347.742
549.027 0.000 628.142 0.000 395.469 492.608 940.342 307.577
624.025 376.781 0.000 0.000 966.034 0.000 0.000 0.000
832.904 0.000 0.000 352.105 0.000 602.346 0.000 833.368
850.251 434.073 699.374 0.000 322.857 0.000 0.000 0.000
0.000 961.050 0.000 497.919 0.000 343.758 0.000 0.000
707.918 305.750 473.803 640.419 867.455 496.499 519.352 0.000
0.000 0.000 843.911 0.000 0.000 0.000 0.000 454.091
0.000 0.000 462.896 969.280 420.574 0.000 731.574 392.821
0.000 518.859 0.000 774.475 0.000 0.000 0.000 906.456
515.137 491.671 656.841 849.082 613.685 760.644 0.000 982.019
0.000 0.000 898.177 914.189 0.000 0.000 0.000 477.963
0.000 0.000 0.000 0.000 0.000 0.000 0.000 951.296
463.984 0.000 0.000 0.000 0.000 422.218 660.672 828.137
457.455 0.000 514.994 419.553 780.489 0.000 0.000 510.647
833.935 0.000 0.000 0.000 0.000 0.000 0.000 0.000
523.866 0.000 0.000 0.000 0.000 815.723 0.000 0.000
587.037 515.330 0.000 378.898 566.528 0.000 0.000 989.704
587.773 0.000 601.866 0.000 0.000 0.000 763.986 705.102
445.944 814.987 0.000 819.337 406.902 0.000 577.100 647.258
0.000 0.000 478.618 850.783 593.328 478.072 330.367 949.245
761.163 784.628 0.000 340.987 881.190 553.453 0.000 0.000
545.579 0.000 0.000 912.886 979.806 0.000 0.000 695.436
844.491 0.000 645.309 514.581 587.125 826.275 462.720 868.038
0.000 0.000 606.515 0.000 0.000 0.000 622.857 461.201
0.000 0.000 943.491 358.808 0.000 669.806 0.000 569.320
667.356 863.671 0.000 383.229 0.000 900.980 563.756 0.000
0.000 810.818 738.661 920.523 0.000 902.685 316.340 721.183
0.000 0.000 0.000 709.039 0.000 702.196 0.000 375.973
530.768 0.000 927.264 660.272 0.000 0.000 0.000 0.000
0.000 0.000 0.000 0.000 779.798 0.000 864.510 564.096
0.000 695.344 0.000 0.000 885.302 615.787 900.215 0.000
537.364 695.696 939.500 0.000 650.790 491.016 0.000 0.000
0.000 732.330 0.000 0.000 0.000 476.815 847.514 790.984
460.360 0.000 0.000 0.000 0.000 0.000 996.721 0.000
0.000 0.000 0.000 0.000 916.061 314.459 958.088 327.433
0.000 0.000 0.000 0.000 463.413 824.283 947.873 967.098
307.452 0.000 0.000 0.000 984.543 0.000 0.000 477.146
510.884 571.058 523.264 320.741 0.000 0.000 0.000 0.000
0.000 571.763 0.000 0.000 0.000 0.000 0.000 326.705
0.000 0.000 845.007 0.000 0.000 0.000 403.580 0.000
0.000 0.000 946.745 0.000 0.000 435.371 0.000 0.000
0.000 0.000 344.716 0.000 0.000 0.000 0.000 0.000
987.346 522.469 914.570 0.000 0.000 394.553 589.030 320.462
0.000 647.816 459.256 822.925 0.000 0.000 0.000 0.000
0.000 0.000 0.000 349.516 0.000 386.580 0.000 898.714
431.824 637.715 691.020 351.006 353.173 0.000 884.555 0.000
483.309 0.000 0.000 0.000 534.509 712.241 662.520 660.530
0.000 0.000 0.000 0.000 465.392 0.000 884.513 560.175
0.000 0.000 0.000 0.000 0.000 0.000 0.000 855.373
0.000 904.621 819.608 0.000 498.633 410.416 0.000 878.728
0.000 0.000 0.000 0.000 0.000 636.357 528.736 0.000
0.000 0.000 0.000 0.000 0.000 686.003 981.941 0.000
0.000 0.000 645.351 562.040 0.000 626.424 375.755 741.212
374.765 946.456 799.125 461.833 0.000 485.408 0.000 0.000
508.745 0.000 0.000 755.984 913.694 0.000 0.000 938.019
483.198 0.000 0.000 0.000 721.365 0.000 0.000 0.000
0.000 0.000 0.000 0.000 558.896 817.075 0.000 724.109
0.000 450.493 677.601 782.081 541.535 793.066 343.808 0.000
982.253 0.000 0.000 0.000 646.854 0.000 0.000 728.328
0.000 0.000 381.234 0.000 0.000 884.219 321.596 493.700
363.700 527.704 0.000 0.000 976.134 0.000 0.000 871.680
752.886 514.790 0.000 0.000 0.000 773.140 572.008 744.242
682.403 812.745 0.000 0.000 305.731 0.000 0.000 0.000
0.000 0.000 0.000 396.184 0.000 0.000 0.000 0.000
0.000 451.340 371.356 0.000 0.000 700.007 475.968 0.000
522.074 0.000 950.923 0.000 0.000 472.454 0.000 0.000
0.000 0.000 0.000 0.000 749.183 0.000 0.000 481.247
436.629 445.359 302.018 780.136 0.000 500.078 377.777 0.000
815.049 863.022 471.244 695.495 602.073 0.000 747.508 0.000
770.468 0.000 508.331 0.000 0.000 0.000 0.000 311.308
0.000 0.000 0.000 641.485 0.000 429.708 0.000 0.000
738.064 0.000 617.698 0.000 0.000 0.000 321.888 922.373
0.000 0.000 0.000 575.582 0.000 0.000 875.691 546.566
955.630 0.000 731.896 908.399 0.000 0.000 0.000 632.538
0.000 960.271 409.977 0.000 496.540 534.940 0.000 551.523
0.000 403.746 437.573 0.000 656.038 0.000 0.000 848.758
0.000 0.000 0.000 0.000 0.000 457.089 543.701 0.000
0.000 869.939 344.325 0.000 602.146 969.859 915.495 0.000
449.334 332.239 0.000 0.000 0.000 837.239 808.522 457.240
802.660 0.000 409.752 327.048 0.000 363.211 0.000 0.000
434.270 0.000 0.000 0.000 746.518 515.623 571.891 791.163
0.000 0.000 0.000 582.060 403.237 550.235 0.000 0.000
0.000 789.007 0.000 308.851 0.000 0.000 689.661 539.388
0.000 0.000 0.000 374.874 316.253 0.000 0.000 964.626
0.000 365.836 778.673 516.072 603.142 943.824 796.874 0.000
0.000 508.006 796.874 667.858 753.025 0.000 0.000 939.916
380.060 0.000 0.000 741.141 0.000 462.474 0.000 832.669
0.000 0.000 849.026 776.524 0.000 329.464 941.894 318.694
614.699 316.455 0.000 0.000 0.000 0.000 0.000 996.326
983.622 494.967 334.130 960.707 0.000 0.000 672.526 410.786
909.333 745.098 0.000 0.000 0.000 477.878 865.655 0.000
657.682 551.101 904.952 899.605 0.000 608.523 709.958 446.203
717.824 841.463 313.715 0.000 0.000 0.000 490.044 0.000
845.428 0.000 767.311 388.158 883.325 0.000 0.000 0.000
0.000 669.156 715.374 0.000 396.095 0.000 660.212 472.666
0.000 0.000 675.582 0.000 0.000 0.000 0.000 831.840
651.157 0.000 445.534 608.815 401.632 0.000 0.000 0.000
397.217 0.000 314.767 0.000 0.000 0.000 422.986 858.608
540.581 0.000 0.000 435.742 0.000 961.800 0.000 752.351
312.826 0.000 0.000 586.383 882.993 717.520 400.086 0.000
890.703 0.000 396.377 911.487 0.000 0.000 0.000 0.000
639.438 941.004 0.000 699.664 651.510 949.132 0.000 981.848
527.602 0.000 0.000 355.569 775.185 961.325 572.760 0.000
0.000 668.461 0.000 0.000 566.242 373.273 0.000 0.000
0.000 0.000 530.300 635.714 641.917 899.770 780.208 895.979
490.616 469.460 0.000 820.096 0.000 389.081 0.000 0.000
357.509 752.349 0.000 603.198 0.000 0.000 0.000 0.000
0.000 0.000 579.215 508.142 522.083 0.000 377.864 660.747
329.498 0.000 963.640 0.000 531.275 383.986 0.000 422.335
0.000 904.657 828.322 979.632 924.625 0.000 0.000 542.587
367.036 416.706 0.000 0.000 0.000 0.000 787.892 511.211
679.305 0.000 0.000 435.009 0.000 0.000 590.267 0.000
796.347 904.926 0.000 433.404 879.413 0.000 0.000 0.000
0.000 978.787 544.537 632.949 547.921 470.765 0.000 663.031
0.000 0.000 939.591 0.000 0.000 435.057 898.180 519.243
0.000 764.033 0.000 0.000 996.672 510.795 945.488 803.791
0.000 0.000 590.263 872.998 0.000 492.874 706.137 794.414
792.196 0.000 0.000 0.000 643.657 0.000 528.899 0.000
804.043 0.000 0.000 498.907 969.849 0.000 0.000 491.054
490.221 0.000 0.000 441.433 639.650 0.000 0.000 0.000
0.000 572.246 0.000 732.447 0.000 676.038 565.306 906.796
0.000 442.414 753.213 0.000 312.820 625.673 425.878 0.000
0.000 605.773 0.000 0.000 592.193 0.000 0.000 0.000
0.000 760.166 0.000 938.707 839.210 749.934 0.000 0.000
457.942 0.000 417.447 0.000 0.000 862.653 952.495 0.000
0.000 0.000 950.508 549.909 427.422 305.214 0.000 0.000
451.159 0.000 0.000 0.000 0.000 0.000 0.000 430.304
0.000 0.000 0.000 978.107 0.000 0.000 982.550 0.000
605.475 846.350 528.240 0.000 0.000 0.000 0.000 779.003
856.077 0.000 0.000 0.000 658.166 0.000 628.889 307.825
301.192 452.045 591.383 0.000 374.198 531.476 0.000 408.239
0.000 812.169 0.000 0.000 0.000 776.350 884.290 0.000
0.000 0.000 0.000 0.000 812.042 562.774 0.000 914.746
493.334 854.225 314.382 901.223 0.000 591.354 0.000 0.000
760.999 0.000 0.000 962.453 311.614 0.000 749.798 0.000
0.000 0.000 0.000 0.000 759.341 0.000 0.000 667.931
999.969 516.943 0.000 0.000 882.673 521.813 0.000 937.132
0.000 695.114 785.808 0.000 0.000 0.000 0.000 0.000
551.520 0.000 371.671 0.000 0.000 0.000 0.000 0.000
0.000 517.544 0.000 0.000 627.788 0.000 513.177 654.817
872.158 986.168 869.039 906.659 0.000 0.000 0.000 0.000
0.000 833.182 816.195 895.940 969.426 406.862 0.000 898.249
0.000 0.000 469.688 547.482 451.331 0.000 0.000 0.000
0.000 951.017 585.783 0.000 663.948 0.000 0.000 841.285
791.456 780.854 0.000 825.300 0.000 510.276 446.349 994.610
731.115 0.000 484.952 0.000 0.000 0.000 0.000 0.000
0.000 0.000 0.000 0.000 374.584 0.000 0.000 930.343
0.000 996.232 419.524 0.000 444.133 753.893 0.000 0.000
650.128 0.000 695.762 926.995 0.000 967.401 374.050 522.889
0.000 392.187 419.090 483.903 548.186 644.931 0.000 624.925
0.000 765.306 845.083 0.000 564.952 0.000 0.000 719.142
910.634 0.000 0.000 976.089 677.514 980.514 862.969 562.952
357.647 0.000 836.918 908.895 615.887 669.113 0.000 0.000
664.411 0.000 0.000 451.235 708.980 627.629 0.000 0.000
329.812 338.971 469.424 303.547 0.000 769.513 742.394 0.000
972.552 0.000 783.375 0.000 0.000 0.000 0.000 0.000
0.000 809.533 775.919 0.000 605.436 0.000 805.081 844.269
329.646 0.000 0.000 0.000 975.403 0.000 644.379 518.609
582.103 628.491 801.608 0.000 0.000 0.000 887.447 0.000
0.000 0.000 831.525 697.071 517.502 844.368 0.000 0.000
0.000 0.000 732.764 854.319 735.888 0.000 0.000 0.000
917.324 0.000 410.465 0.000 614.968 501.776 661.650 0.000
624.326 774.124 0.000 0.000 0.000 977.887 612.500 642.966
580.208 881.417 0.000 0.000 940.229 745.430 0.000 620.942
417.856 780.232 0.000 0.000 0.000 0.000 0.000 881.112
0.000 808.341 634.573 627.134 948.884 743.623 0.000 0.000
0.000 0.000 744.598 710.156 474.675 0.000 727.285 0.000
703.490 0.000 398.378 0.000 0.000 0.000 0.000 0.000
932.095 817.304 521.654 0.000 0.000 0.000 598.544 0.000
0.000 0.000 0.000 749.282 335.884 0.000 0.000 417.635
317.713 526.843 0.000 902.167 0.000 912.741 869.637 943.725
570.291 899.061 590.330 0.000 0.000 828.623 0.000 0.000
0.000 885.826 811.515 774.064 678.856 0.000 0.000 0.000
0.000 0.000 0.000 957.271 697.451 0.000 0.000 0.000
303.178 0.000 0.000 0.000 0.000 601.178 0.000 0.000
0.000 647.799 0.000 0.000 708.715 709.762 792.826 0.000
315.696 937.776 0.000 0.000 673.186 0.000 0.000 776.322
0.000 962.257 548.261 0.000 856.610 0.000 0.000 0.000
0.000 0.000 961.898 687.156 578.133 493.948 0.000 0.000
898.581 0.000 0.000 672.538 811.083 0.000 762.130 0.000
0.000 0.000 0.000 897.389 961.917 400.962 313.770 905.563
824.024 531.011 396.688 0.000 0.000 630.941 481.084 460.274
317.668 396.597 0.000 0.000 854.813 844.125 637.624 0.000
634.643 392.808 762.761 613.895 0.000 332.938 0.000 0.000
0.000 668.046 0.000 0.000 0.000 581.159 470.229 553.951
445.969 0.000 951.083 357.537 0.000 850.112 0.000 345.807
0.000 877.489 0.000 0.000 0.000 0.000 579.757 733.742
0.000 984.377 690.976 528.750 855.917 535.776 0.000 835.135
0.000 426.326 960.379 377.058 598.924 448.505 320.586 565.547
0.000 874.402 0.000 0.000 0.000 0.000 751.904 569.461
0.000 616.588 0.000 0.000 939.969 964.257 0.000 809.668
932.501 461.926 530.813 0.000 0.000 0.000 0.000 0.000
931.433 0.000 879.176 475.970 595.567 672.330 0.000 645.163
0.000 956.234 632.809 0.000 503.806 680.231 374.246 0.000
822.979 545.643 985.982 0.000 697.005 0.000 0.000 0.000
0.000 0.000 867.444 392.488 710.488 367.005 459.105 944.556
0.000 0.000 628.988 0.000 0.000 355.522 492.975 0.000
0.000 0.000 0.000 888.682 741.199 665.269 0.000 0.000
579.024 768.161 0.000 0.000 0.000 0.000 0.000 0.000
699.003 0.000 0.000 0.000 0.000 306.543 0.000 390.212
0.000 617.408 0.000 0.000 882.234 0.000 0.000 458.657
0.000 308.095 0.000 0.000 0.000 432.932 744.755 0.000
739.031 696.536 0.000 692.375 0.000 0.000 0.000 0.000
0.000 518.636 304.448 0.000 0.000 0.000 0.000 341.546
0.000 498.453 0.000 975.812 0.000 0.000 0.000 306.676
0.000 536.673 928.162 784.616 0.000 505.387 380.355 826.444
310.069 650.892 420.702 0.000 0.000 0.000 0.000 639.181
0.000 0.000 648.306 407.287 649.456 0.000 974.036 348.024
930.830 0.000 0.000 0.000 881.596 444.206 0.000 0.000
529.951 437.668 0.000 0.000 0.000 594.075 498.168 0.000
0.000 572.658 0.000 908.327 604.122 0.000 0.000 0.000
0.000 769.934 441.185 832.486 394.498 0.000 968.160 0.000
0.000 827.572 484.939 0.000 0.000 332.829 0.000 619.425
0.000 766.837 0.000 611.285 595.787 0.000 0.000 990.695
0.000 0.000 674.132 942.480 497.353 410.223 0.000 694.052
383.302 766.920 676.315 0.000 424.688 738.871 0.000 979.657
0.000 0.000 677.757 501.784 636.044 0.000 539.447 0.000
0.000 593.498 958.572 0.000 922.619 826.934 0.000 860.610
0.000 919.110 0.000 587.531 0.000 792.595 0.000 643.327
513.164 443.011 524.804 0.000 798.221 0.000 563.465 0.000
0.000 0.000 917.849 0.000 0.000 0.000 922.709 384.636
0.000 0.000 0.000 0.000 0.000 0.000 656.767 513.492
977.860 0.000 0.000 0.000 905.494 655.315 0.000 0.000
0.000 770.932 0.000 0.000 469.635 407.476 0.000 407.024
0.000 742.095 979.173 729.087 758.406 0.000 699.583 907.165
0.000 639.037 484.335 983.765 872.812 416.890 687.708 0.000
0.000 0.000 602.358 412.586 314.236 0.000 0.000 0.000
964.991 0.000 0.000 0.000 0.000 872.009 0.000 453.422
0.000 467.658 792.769 0.000 445.315 654.855 545.755 828.468
914.329 398.116 0.000 0.000 0.000 0.000 477.178 342.393
0.000 767.068 640.283 325.436 0.000 919.513 0.000 0.000
827.696 0.000 0.000 594.957 536.026 0.000 794.623 466.732
0.000 594.675 0.000 0.000 548.922 950.314 0.000 0.000
0.000 478.690 694.178 0.000 0.000 0.000 675.522 527.332
0.000 0.000 0.000 0.000 0.000 522.275 0.000 0.000
0.000 0.000 0.000 0.000 412.872 730.508 0.000 642.433
319.402 806.016 306.876 605.521 575.207 0.000 0.000 385.646
0.000 691.055 663.033 0.000 435.204 0.000 492.372 398.669
0.000 0.000 0.000 0.000 0.000 443.559 435.335 0.000
354.110 350.955 468.844 732.916 0.000 779.496 788.724 792.511
0.000 619.669 0.000 936.996 0.000 0.000 963.694 556.953
316.248 0.000 0.000 372.267 0.000 315.391 902.471 545.270
0.000 0.000 0.000 417.618 656.598 0.000 0.000 0.000
0.000 0.000 0.000 326.040 419.598 520.218 0.000 0.000
726.285 836.406 534.813 0.000 706.062 391.542 0.000 463.451
868.790 714.015 431.676 524.162 928.645 624.391 0.000 500.274
0.000 0.000 383.422 0.000 999.996 552.375 453.781 376.385
0.000 847.843 721.082 0.000 0.000 0.000 410.788 0.000
0.000 747.526 0.000 0.000 539.279 877.891 374.853 0.000
0.000 562.356 0.000 679.845 0.000 0.000 559.297 774.825
517.596 0.000 0.000 829.820 0.000 422.831 0.000 0.000
0.000 645.063 682.085 0.000 0.000 0.000 433.407 0.000
0.000 0.000 0.000 469.742 0.000 0.000 981.464 633.093
0.000 303.466 941.746 0.000 758.448 347.786 0.000 0.000
0.000 0.000 0.000 0.000 0.000 712.754 0.000 782.419
0.000 0.000 0.000 0.000 428.531 525.564 0.000 702.757
0.000 0.000 728.486 498.241 0.000 0.000 305.213 0.000
0.000 0.000 0.000 914.494 346.812 805.899 0.000 0.000
0.000 431.167 346.734 0.000 489.642 825.056 512.014 0.000
0.000 0.000 0.000 856.889 0.000 0.000 0.000 917.195
0.000 0.000 571.414 0.000 985.111 500.673 0.000 590.133
376.390 0.000 0.000 0.000 995.927 0.000 802.773 704.960
0.000 783.892 0.000 0.000 962.957 0.000 0.000 583.917
512.113 0.000 535.606 700.408 901.242 538.521 428.064 0.000
984.882 0.000 873.563 602.874 630.457 616.098 0.000 0.000
0.000 920.303 799.528 0.000 0.000 610.761 461.360 0.000
0.000 573.176 0.000 864.124 856.528 893.861 0.000 0.000
929.632 918.583 506.095 0.000 0.000 0.000 414.300 0.000
724.579 342.131 0.000 948.255 0.000 565.587 0.000 397.977
380.634 0.000 446.368 563.603 612.351 824.218 995.027 0.000
0.000 0.000 0.000 707.561 856.451 954.278 0.000 989.877
0.000 0.000 0.000 0.000 508.726 0.000 817.498 779.990
804.400 0.000 494.520 713.865 666.883 0.000 0.000 675.021
573.586 512.138 382.645 438.795 0.000 386.588 0.000 0.000
640.387 0.000 0.000 404.730 0.000 623.949 622.796 0.000
821.424 687.266 687.306 457.283 425.620 0.000 0.000 0.000
802.533 0.000 454.145 0.000 0.000 0.000 904.927 0.000
312.270 0.000 0.000 0.000 396.396 0.000 0.000 620.992
0.000 0.000 0.000 412.971 0.000 432.197 897.196 0.000
939.877 0.000 915.517 0.000 368.804 0.000 899.952 892.526
356.797 0.000 0.000 0.000 996.197 0.000 976.025 524.073
498.048 450.526 767.189 0.000 607.871 0.000 707.758 0.000
0.000 0.000 0.000 0.000 0.000 468.364 958.054 0.000
388.028 0.000 340.477 0.000 570.575 775.435 494.323 637.808
657.090 352.313 657.371 0.000 685.076 0.000 0.000 0.000
888.776 0.000 0.000 0.000 0.000 0.000 0.000 0.000
0.000 0.000 744.758 0.000 0.000 457.594 0.000 0.000
0.000 355.911 0.000 394.155 920.574 0.000 0.000 919.824
0.000 555.519 519.035 540.864 0.000 0.000 0.000 0.000
639.625 593.469 0.000 0.000 0.000 0.000 727.883 0.000
0.000 0.000 0.000 0.000 962.284 0.000 527.415 715.123
0.000 480.685 874.937 0.000 0.000 947.372 0.000 846.140
0.000 0.000 924.468 0.000 638.772 0.000 958.281 0.000
0.000 0.000 908.012 0.000 0.000 0.000 0.000 331.105
0.000 0.000 895.086 748.416 0.000 0.000 573.832 0.000
730.976 387.940 0.000 0.000 349.470 650.608 0.000 613.525
431.743 844.943 524.594 0.000 590.417 0.000 0.000 0.000
0.000 0.000 0.000 0.000 387.453 309.164 494.642 550.693
0.000 0.000 0.000 572.125 0.000 0.000 548.423 992.632
0.000 0.000 0.000 0.000 518.110 612.435 398.517 445.173
743.549 841.545 583.409 0.000 527.080 0.000 890.706 361.869
0.000 0.000 400.361 0.000 383.530 0.000 503.726 476.812
0.000 772.777 757.206 0.000 548.227 650.472 0.000 0.000
0.000 0.000 442.318 0.000 0.000 0.000 760.084 0.000
814.719 802.676 0.000 0.000 0.000 0.000 988.877 0.000
562.307 0.000 0.000 0.000 0.000 0.000 700.023 607.019
368.220 0.000 0.000 0.000 0.000 0.000 667.153 0.000
0.000 482.020 699.036 879.369 0.000 0.000 0.000 951.104
354.827 0.000 0.000 0.000 0.000 0.000 831.198 585.710
0.000 0.000 968.635 0.000 0.000 793.194 811.227 0.000
0.000 537.296 790.433 0.000 0.000 0.000 908.008 0.000
833.624 0.000 425.251 526.672 993.152 0.000 0.000 604.185
0.000 0.000 327.585 0.000 347.660 0.000 805.933 405.671
0.000 891.032 935.769 550.817 843.058 0.000 0.000 0.000
0.000 550.582 995.222 900.053 908.060 471.253 0.000 0.000
819.989 913.260 876.189 771.188 0.000 545.684 449.888 528.053
0.000 0.000 942.324 652.474 0.000 0.000 0.000 738.346
0.000 829.627 0.000 371.783 369.197 436.904 824.321 0.000
546.151 0.000 392.595 953.759 852.629 0.000 460.319 0.000
772.703 946.601 814.074 933.098 0.000 0.000 965.325 0.000
0.000 0.000 0.000 0.000 727.345 637.136 917.764 863.689
0.000 447.219 0.000 409.248 0.000 715.281 628.285 0.000
0.000 471.020 0.000 500.714 0.000 858.405 919.503 866.005
0.000 0.000 0.000 552.376 421.498 669.907 0.000 847.823
360.885 435.941 0.000 384.540 986.186 0.000 0.000 789.435
0.000 0.000 434.632 916.326 582.273 0.000 0.000 0.000
517.989 0.000 0.000 0.000 0.000 717.004 0.000 0.000
789.087 988.205 621.213 743.631 877.600 955.158 0.000 0.000
707.144 847.588 0.000 310.900 607.230 772.286 556.348 731.253
0.000 513.714 0.000 0.000 0.000 0.000 935.800 0.000
393.909 0.000 0.000 0.000 0.000 0.000 0.000 0.000
662.311 0.000 384.718 0.000 0.000 0.000 0.000 738.370
503.762 0.000 0.000 664.779 576.013 0.000 0.000 0.000
0.000 0.000 973.762 995.553 0.000 0.000 858.372 744.903
433.279 716.988 896.297 0.000 0.000 0.000 408.387 710.396
0.000 0.000 397.780 0.000 426.381 885.092 0.000 0.000
0.000 398.412 476.602 588.110 864.479 0.000 0.000 461.519
393.930 439.343 949.256 364.803 632.565 591.104 447.359 828.149
366.781 521.108 721.656 0.000 0.000 0.000 0.000 0.000
763.130 0.000 0.000 0.000 948.564 0.000 0.000 306.382
0.000 0.000 462.171 532.138 0.000 0.000 0.000 648.464
527.358 655.995 883.502 564.948 0.000 0.000 686.004 0.000
473.640 952.161 0.000 936.570 961.038 741.926 766.267 421.829
317.166 0.000 0.000 0.000 0.000 642.750 573.354 0.000
