0.000 555.603 0.000 0.000 0.000 761.977 0.000 0.000
0.000 793.309 0.000 824.683 431.130 0.000 0.000 489.697
0.000 0.000 561.922 0.000 0.000 0.000 500.330 0.000
854.521 0.000 700.963 0.000 435.762 780.633 0.000 0.000
0.000 459.515 0.000 0.000 987.624 0.000 932.672 338.728
978.412 0.000 0.000 782.623 0.000 0.000 0.000 984.466
540.975 445.872 594.363 643.966 0.000 0.000 737.765 0.000
0.000 416.681 0.000 453.769 0.000 0.000 358.061 364.137
912.338 0.000 546.785 0.000 0.000 0.000 711.355 0.000
0.000 631.744 0.000 0.000 0.000 611.643 630.747 0.000
756.750 0.000 0.000 0.000 0.000 339.457 0.000 585.707
548.119 435.054 328.615 347.405 499.470 675.809 982.332 0.000
391.439 649.984 552.047 0.000 0.000 317.861 0.000 545.925
0.000 0.000 0.000 675.438 816.229 0.000 707.080 0.000
500.322 0.000 0.000 0.000 836.829 0.000 0.000 711.072
804.650 0.000 0.000 811.708 927.245 834.634 0.000 0.000
392.066 0.000 0.000 0.000 0.000 0.000 885.777 447.468
0.000 440.042 0.000 0.000 846.097 0.000 0.000 0.000
885.265 0.000 395.168 998.505 394.754 0.000 0.000 0.000
885.211 0.000 0.000 0.000 0.000 0.000 572.110 470.966
0.000 0.000 0.000 0.000 0.000 0.000 933.316 0.000
504.447 989.398 526.964 0.000 0.000 0.000 0.000 999.938
999.004 448.902 0.000 386.707 0.000 0.000 640.313 985.023
0.000 0.000 939.792 0.000 839.767 498.104 0.000 0.000
386.455 674.232 406.582 0.000 0.000 0.000 0.000 0.000
0.000 0.000 0.000 0.000 0.000 551.443 825.066 0.000
0.000 0.000 689.043 0.000 895.374 469.990 423.226 439.993
874.276 0.000 433.852 525.632 0.000 0.000 0.000 0.000
476.399 0.000 0.000 0.000 647.216 477.904 381.689 0.000
815.082 988.868 452.863 0.000 380.615 967.515 602.256 0.000
0.000 778.665 745.793 315.508 593.847 804.270 825.647 0.000
0.000 478.608 636.192 0.000 663.779 591.394 433.024 0.000
0.000 0.000 840.669 326.540 0.000 849.046 0.000 684.650
0.000 0.000 0.000 0.000 312.934 862.269 463.987 0.000
0.000 0.000 0.000 0.000 808.843 984.615 540.281 0.000
0.000 473.554 0.000 0.000 555.678 503.523 709.650 0.000
983.434 897.667 0.000 525.272 0.000 0.000 830.333 520.319
0.000 801.407 614.351 0.000 472.291 0.000 0.000 0.000
841.247 560.544 0.000 0.000 0.000 592.316 435.920 0.000
0.000 664.685 0.000 889.766 880.774 351.253 0.000 0.000
0.000 881.738 0.000 0.000 618.662 0.000 473.909 549.595
385.244 802.578 0.000 742.763 319.429 502.204 445.792 0.000
0.000 0.000 0.000 507.173 462.611 0.000 0.000 0.000
963.204 0.000 485.878 417.948 822.693 0.000 878.618 0.000
680.823 758.689 787.752 0.000 883.299 343.760 0.000 757.147
766.024 630.323 538.464 639.662 0.000 403.182 758.711 472.695
584.681 560.422 515.028 0.000 0.000 0.000 0.000 869.267
0.000 498.460 0.000 0.000 537.116 0.000 753.999 0.000
716.137 503.221 946.276 0.000 782.142 998.446 0.000 723.206
924.605 312.317 914.926 603.167 579.602 644.461 0.000 0.000
0.000 0.000 956.191 495.405 0.000 959.561 0.000 0.000
943.332 638.115 471.448 0.000 0.000 0.000 0.000 624.225
0.000 448.153 915.930 0.000 967.733 875.668 828.594 859.969
0.000 0.000 335.636 437.103 0.000 0.000 553.615 0.000
430.987 0.000 337.111 0.000 0.000 328.648 0.000 398.880
0.000 0.000 0.000 634.350 0.000 565.892 0.000 0.000
904.163 884.396 630.048 0.000 0.000 0.000 562.250 474.688
657.920 747.153 512.194 0.000 905.458 0.000 0.000 0.000
0.000 917.625 705.881 920.842 938.087 0.000 459.134 0.000
0.000 375.213 0.000 0.000 0.000 0.000 769.952 0.000
371.073 0.000 855.773 0.000 399.068 0.000 914.075 350.224
655.238 981.817 806.952 0.000 442.107 0.000 0.000 0.000
0.000 0.000 0.000 0.000 595.972 0.000 0.000 859.454
0.000 415.433 661.569 0.000 0.000 0.000 0.000 0.000
395.269 0.000 504.848 435.268 509.166 458.279 0.000 0.000
0.000 0.000 632.722 634.347 0.000 0.000 394.785 788.384
0.000 389.043 0.000 0.000 408.744 997.702 0.000 0.000
719.088 0.000 0.000 649.333 0.000 0.000 0.000 963.492
0.000 907.749 0.000 347.717 916.334 897.410 660.756 0.000
0.000 734.387 960.146 0.000 312.222 402.647 635.007 0.000
342.188 0.000 0.000 0.000 439.698 386.389 0.000 0.000
0.000 0.000 0.000 0.000 301.944 574.452 857.586 0.000
605.803 593.052 971.131 0.000 348.811 610.925 701.115 0.000
0.000 960.805 0.000 852.973 0.000 0.000 0.000 573.891
0.000 0.000 0.000 511.900 939.944 0.000 731.522 647.084
0.000 0.000 0.000 921.320 995.404 790.186 0.000 482.871
764.614 0.000 0.000 866.300 0.000 0.000 388.537 0.000
0.000 0.000 778.417 0.000 321.140 579.383 340.691 864.506
0.000 0.000 368.704 0.000 601.539 0.000 722.335 0.000
0.000 0.000 0.000 0.000 382.391 434.116 728.766 0.000
0.000 0.000 0.000 0.000 0.000 565.932 0.000 512.641
0.000 0.000 0.000 0.000 456.095 396.283 0.000 0.000
384.452 326.141 375.899 0.000 596.717 0.000 0.000 0.000
0.000 0.000 679.516 0.000 526.102 0.000 892.546 0.000
945.606 765.365 0.000 0.000 663.019 0.000 786.837 956.235
0.000 785.048 0.000 883.753 0.000 911.410 0.000 408.958
0.000 0.000 0.000 0.000 574.324 0.000 0.000 844.053
765.765 0.000 0.000 637.295 0.000 0.000 0.000 624.275
494.388 340.209 535.477 0.000 0.000 0.000 643.028 0.000
581.409 927.098 323.692 0.000 0.000 0.000 0.000 466.410
760.251 0.000 316.563 664.347 0.000 689.048 671.865 812.858
653.846 0.000 561.372 0.000 996.018 749.410 753.373 357.649
764.643 0.000 0.000 925.747 0.000 0.000 0.000 845.134
0.000 0.000 345.371 0.000 807.713 386.917 0.000 379.488
0.000 542.014 377.843 0.000 0.000 0.000 0.000 810.676
0.000 0.000 474.879 891.363 920.084 941.774 0.000 302.963
525.571 0.000 0.000 598.064 376.575 0.000 977.135 0.000
425.544 929.880 0.000 0.000 0.000 551.721 574.469 366.326
0.000 769.936 810.497 0.000 926.895 0.000 0.000 733.862
706.981 0.000 886.021 640.084 0.000 0.000 980.052 854.368
0.000 0.000 0.000 0.000 497.179 888.333 936.766 780.812
0.000 0.000 547.864 569.528 622.420 393.762 812.084 0.000
0.000 902.656 902.816 536.209 856.861 467.474 0.000 0.000
431.360 0.000 0.000 535.908 0.000 546.780 492.424 0.000
0.000 0.000 497.754 0.000 634.730 743.702 788.384 0.000
0.000 0.000 0.000 352.007 0.000 437.718 675.224 0.000
0.000 340.475 0.000 557.391 0.000 332.286 326.610 793.226
0.000 919.529 394.839 0.000 0.000 0.000 377.184 377.988
514.034 939.014 0.000 0.000 887.286 0.000 0.000 454.080
0.000 640.291 0.000 973.383 0.000 734.461 639.778 384.874
572.435 760.898 0.000 0.000 0.000 774.838 331.752 721.096
386.866 457.225 719.523 0.000 0.000 0.000 707.495 0.000
983.478 0.000 940.602 0.000 450.009 0.000 922.116 757.305
0.000 0.000 0.000 0.000 545.302 0.000 0.000 0.000
517.701 543.762 0.000 0.000 0.000 771.473 0.000 0.000
640.164 438.326 831.772 0.000 652.943 448.923 600.528 801.548
0.000 0.000 973.168 0.000 361.457 0.000 532.004 0.000
0.000 0.000 0.000 337.790 390.216 0.000 300.618 893.231
0.000 492.173 757.307 374.199 0.000 0.000 0.000 904.933
462.646 0.000 0.000 0.000 458.914 883.309 0.000 311.697
544.407 0.000 475.598 0.000 313.985 0.000 426.403 0.000
0.000 644.944 552.537 0.000 0.000 516.070 419.860 0.000
0.000 318.983 0.000 0.000 751.824 0.000 0.000 791.956
0.000 0.000 0.000 0.000 354.450 756.579 987.974 881.305
513.840 0.000 452.710 551.399 710.101 0.000 395.276 633.358
0.000 0.000 0.000 0.000 714.368 0.000 692.166 566.228
467.973 656.370 342.912 675.772 0.000 364.087 0.000 496.190
0.000 0.000 815.036 0.000 809.394 682.901 0.000 0.000
581.453 0.000 0.000 0.000 550.449 0.000 0.000 0.000
0.000 0.000 651.317 0.000 926.531 0.000 0.000 797.525
0.000 0.000 581.559 751.166 400.810 827.438 0.000 0.000
0.000 861.637 972.048 0.000 0.000 0.000 0.000 0.000
0.000 0.000 884.023 0.000 733.465 0.000 0.000 484.878
0.000 450.309 762.956 605.111 0.000 0.000 732.122 467.821
330.510 920.885 936.498 0.000 599.015 445.834 529.720 514.588
612.556 993.428 0.000 620.332 316.333 0.000 0.000 0.000
777.105 503.933 0.000 392.759 719.886 0.000 0.000 897.800
383.805 575.890 335.737 508.133 946.362 0.000 0.000 305.873
0.000 628.087 0.000 0.000 616.002 0.000 0.000 0.000
0.000 332.978 0.000 0.000 0.000 0.000 0.000 0.000
652.713 516.383 441.636 768.427 0.000 384.937 0.000 0.000
0.000 656.519 0.000 836.567 0.000 0.000 0.000 711.831
0.000 0.000 535.531 925.505 0.000 475.302 0.000 671.464
939.023 321.849 541.045 987.859 778.224 0.000 555.283 0.000
963.531 0.000 651.180 718.591 430.775 0.000 0.000 0.000
0.000 0.000 799.187 0.000 0.000 0.000 574.341 0.000
0.000 0.000 384.382 0.000 824.571 526.148 0.000 410.485
921.017 827.512 481.997 953.075 581.602 0.000 0.000 319.544
582.319 779.584 0.000 475.124 800.764 0.000 0.000 802.842
304.770 0.000 0.000 521.134 0.000 843.936 0.000 429.587
0.000 977.671 354.247 0.000 319.499 0.000 496.313 921.452
529.486 993.401 0.000 318.426 0.000 0.000 892.278 0.000
650.699 0.000 749.698 0.000 0.000 943.971 396.235 925.638
530.933 0.000 654.523 707.265 551.784 739.837 0.000 425.484
572.998 866.700 839.316 0.000 0.000 770.314 0.000 0.000
470.901 0.000 0.000 535.324 0.000 0.000 0.000 0.000
0.000 0.000 429.940 0.000 363.399 542.201 559.866 485.965
0.000 0.000 317.466 0.000 0.000 0.000 0.000 0.000
793.090 956.884 934.607 0.000 0.000 824.564 656.740 0.000
643.461 475.979 0.000 0.000 0.000 936.053 775.709 743.823
990.132 526.324 0.000 648.089 0.000 971.549 0.000 0.000
919.544 0.000 646.268 450.145 0.000 0.000 461.077 0.000
965.625 548.261 0.000 0.000 963.261 473.125 966.966 0.000
0.000 540.090 770.240 482.289 0.000 691.910 945.732 872.072
754.704 640.182 0.000 554.746 0.000 612.592 580.359 591.863
0.000 323.700 0.000 0.000 768.358 0.000 0.000 579.856
0.000 0.000 726.235 0.000 0.000 0.000 0.000 696.190
0.000 565.698 707.340 0.000 0.000 778.171 0.000 0.000
823.692 598.459 0.000 0.000 0.000 0.000 660.367 553.605
395.192 446.890 608.424 0.000 0.000 345.883 341.748 773.894
0.000 806.440 442.624 790.255 0.000 0.000 939.391 0.000
0.000 0.000 636.591 0.000 0.000 939.176 718.134 0.000
0.000 653.558 695.242 0.000 494.184 450.860 403.142 0.000
630.111 0.000 458.418 0.000 986.026 0.000 0.000 866.981
607.991 373.967 586.394 536.146 403.919 0.000 850.507 0.000
445.379 726.232 0.000 900.322 0.000 0.000 0.000 0.000
0.000 0.000 378.304 609.126 0.000 0.000 439.909 0.000
449.727 499.270 0.000 0.000 775.797 0.000 681.575 0.000
750.697 0.000 0.000 456.157 0.000 955.463 0.000 0.000
353.380 0.000 619.234 559.842 888.155 706.643 0.000 0.000
517.639 984.498 432.864 0.000 0.000 490.907 0.000 454.348
0.000 0.000 726.516 917.850 484.488 759.641 914.995 658.346
344.775 0.000 378.945 0.000 0.000 0.000 0.000 879.992
0.000 0.000 541.991 303.991 879.787 0.000 821.975 0.000
557.633 0.000 681.218 496.838 471.508 0.000 886.934 0.000
0.000 0.000 0.000 0.000 552.912 617.203 0.000 0.000
711.599 436.395 0.000 0.000 403.026 352.020 0.000 702.532
0.000 0.000 463.680 0.000 0.000 949.996 498.673 0.000
0.000 0.000 0.000 0.000 540.767 0.000 0.000 394.426
515.162 515.483 0.000 0.000 0.000 506.898 0.000 353.425
0.000 0.000 407.916 832.134 0.000 889.967 822.233 0.000
0.000 611.341 0.000 0.000 988.031 0.000 370.798 0.000
840.830 623.799 678.840 776.305 736.360 0.000 354.465 378.909
0.000 0.000 0.000 560.597 445.349 930.426 0.000 845.573
308.308 0.000 400.052 0.000 995.146 0.000 0.000 655.324
780.463 0.000 0.000 692.882 0.000 0.000 0.000 851.267
905.253 0.000 957.768 0.000 775.510 513.091 0.000 0.000
378.780 580.789 579.446 344.881 0.000 630.320 0.000 634.413
558.962 0.000 0.000 592.596 451.823 570.692 0.000 0.000
0.000 0.000 820.046 0.000 882.893 0.000 0.000 342.881
419.984 0.000 0.000 496.960 798.242 919.410 0.000 847.160
0.000 472.362 495.809 887.700 0.000 0.000 413.942 709.756
455.727 0.000 544.600 541.509 349.353 0.000 585.711 0.000
0.000 353.840 787.952 623.046 896.909 0.000 0.000 0.000
0.000 0.000 413.017 816.631 0.000 0.000 0.000 0.000
0.000 0.000 0.000 0.000 0.000 0.000 0.000 840.160
0.000 0.000 608.543 323.590 0.000 0.000 399.167 760.293
693.232 0.000 0.000 0.000 0.000 0.000 0.000 750.294
0.000 345.558 429.355 826.690 0.000 985.325 0.000 832.908
0.000 0.000 0.000 0.000 0.000 680.436 0.000 961.295
0.000 624.761 514.534 0.000 390.689 699.234 504.599 0.000
0.000 764.654 0.000 571.892 0.000 0.000 0.000 0.000
0.000 0.000 0.000 0.000 0.000 849.027 0.000 0.000
0.000 0.000 0.000 0.000 369.924 0.000 333.655 572.617
412.743 0.000 821.983 0.000 640.280 930.580 818.605 461.569
0.000 772.245 937.183 0.000 0.000 309.937 0.000 0.000
0.000 0.000 0.000 793.239 841.410 0.000 0.000 0.000
0.000 0.000 0.000 318.069 0.000 728.819 0.000 525.361
0.000 498.156 0.000 0.000 0.000 951.801 602.430 0.000
0.000 569.678 0.000 535.767 667.906 797.276 863.833 710.130
0.000 0.000 0.000 892.629 0.000 967.886 0.000 974.307
0.000 0.000 0.000 391.220 978.130 857.041 448.690 452.646
0.000 0.000 0.000 383.465 586.525 0.000 0.000 855.914
0.000 421.977 0.000 815.925 864.247 0.000 0.000 0.000
934.932 0.000 0.000 693.412 744.769 0.000 0.000 0.000
0.000 660.516 691.358 357.181 537.596 346.741 0.000 0.000
785.735 0.000 440.380 423.819 689.177 0.000 838.374 0.000
485.156 482.547 0.000 0.000 0.000 0.000 492.151 432.186
953.692 0.000 444.993 0.000 0.000 0.000 0.000 0.000
888.755 0.000 0.000 0.000 933.407 0.000 411.909 974.395
0.000 594.218 414.181 814.179 0.000 950.569 793.727 944.536
0.000 0.000 0.000 516.737 465.627 519.363 714.178 495.319
0.000 969.062 0.000 976.345 0.000 0.000 0.000 0.000
421.636 302.605 313.039 367.862 0.000 0.000 467.435 0.000
0.000 0.000 842.992 333.914 370.166 0.000 353.592 0.000
0.000 0.000 659.241 0.000 0.000 0.000 0.000 0.000
0.000 618.736 0.000 0.000 0.000 718.501 0.000 962.639
663.997 0.000 326.234 342.628 0.000 976.100 0.000 0.000
0.000 0.000 508.332 0.000 551.584 0.000 0.000 320.804
306.554 893.434 324.449 0.000 0.000 514.359 0.000 617.680
328.342 0.000 968.196 0.000 345.660 0.000 0.000 0.000
0.000 0.000 0.000 507.178 674.976 0.000 483.182 0.000
530.105 0.000 955.650 484.108 0.000 0.000 911.955 0.000
0.000 574.800 0.000 989.698 694.151 0.000 0.000 436.021
0.000 0.000 0.000 982.371 759.407 0.000 519.208 840.786
725.212 0.000 0.000 306.624 0.000 0.000 0.000 0.000
954.347 904.230 0.000 344.123 0.000 572.976 570.247 955.673
0.000 0.000 710.300 422.717 624.821 0.000 860.798 0.000
0.000 0.000 507.109 0.000 738.981 720.644 0.000 0.000
0.000 0.000 388.752 0.000 852.454 0.000 833.682 959.476
503.969 630.112 0.000 621.552 405.889 444.511 0.000 689.558
725.256 0.000 0.000 750.888 0.000 724.847 0.000 892.835
440.816 0.000 629.894 0.000 0.000 0.000 0.000 0.000
0.000 0.000 566.362 598.025 0.000 0.000 949.318 497.344
978.595 986.549 385.957 774.254 496.389 730.286 0.000 0.000
0.000 0.000 0.000 0.000 0.000 0.000 0.000 421.760
0.000 691.643 0.000 0.000 765.179 0.000 473.699 0.000
315.130 0.000 0.000 540.473 0.000 967.090 619.507 0.000
725.783 789.501 0.000 412.309 897.749 0.000 334.100 750.260
0.000 313.587 935.541 0.000 485.186 0.000 526.897 944.251
0.000 882.400 0.000 0.000 0.000 0.000 973.926 418.183
568.142 911.066 345.461 460.289 0.000 634.316 331.317 759.850
516.780 405.015 0.000 779.965 751.594 377.028 0.000 719.271
353.170 523.067 0.000 0.000 399.984 416.862 0.000 348.726
0.000 909.781 0.000 620.919 0.000 865.701 0.000 0.000
378.414 968.401 0.000 922.983 0.000 820.887 0.000 848.151
806.053 323.097 827.671 0.000 0.000 0.000 0.000 0.000
411.360 0.000 0.000 0.000 0.000 0.000 321.557 0.000
0.000 836.614 0.000 695.488 781.415 617.014 0.000 915.306
0.000 0.000 0.000 966.249 0.000 586.176 686.658 0.000
776.489 949.203 572.205 591.447 0.000 0.000 872.426 0.000
447.498 500.369 0.000 0.000 400.497 0.000 625.828 878.458
722.802 0.000 0.000 0.000 724.858 813.941 574.011 396.180
322.287 0.000 0.000 0.000 433.518 0.000 724.128 0.000
0.000 0.000 736.873 460.931 0.000 0.000 554.951 867.489
701.971 693.382 0.000 0.000 0.000 656.853 0.000 901.122
0.000 0.000 0.000 0.000 981.423 0.000 866.171 762.142
645.441 951.022 780.201 0.000 0.000 0.000 0.000 621.801
741.458 0.000 0.000 763.208 0.000 308.158 806.250 862.099
473.899 0.000 645.791 448.756 0.000 0.000 0.000 488.784
430.754 0.000 331.506 793.396 823.374 0.000 0.000 522.816
0.000 493.979 0.000 822.047 720.335 0.000 0.000 975.143
465.491 346.768 0.000 758.188 968.163 0.000 0.000 654.448
0.000 0.000 667.602 483.327 900.069 869.480 967.305 0.000
499.941 0.000 0.000 422.933 355.419 341.113 486.344 0.000
0.000 554.652 901.684 509.778 357.672 0.000 0.000 0.000
576.435 648.967 0.000 0.000 0.000 0.000 0.000 0.000
786.889 0.000 817.910 0.000 0.000 0.000 0.000 697.722
0.000 389.134 326.322 519.646 0.000 836.906 0.000 0.000
0.000 977.969 356.638 0.000 0.000 0.000 0.000 485.660
383.968 0.000 570.192 0.000 395.731 0.000 779.115 0.000
0.000 0.000 737.470 864.818 0.000 407.099 0.000 0.000
980.223 0.000 851.036 0.000 920.384 0.000 0.000 351.286
0.000 473.409 601.329 925.808 430.641 0.000 0.000 0.000
939.627 0.000 0.000 0.000 723.269 0.000 386.305 890.270
0.000 0.000 795.572 0.000 406.086 0.000 0.000 0.000
652.635 743.116 944.128 517.229 0.000 800.968 0.000 926.414
718.485 0.000 726.834 810.551 304.539 811.050 0.000 0.000
837.763 0.000 768.021 567.851 0.000 840.067 0.000 872.440
0.000 0.000 0.000 363.008 336.386 0.000 0.000 307.852
415.821 722.803 918.046 669.119 537.643 617.693 0.000 506.396
0.000 456.888 0.000 891.684 0.000 493.335 0.000 845.908
0.000 651.667 0.000 0.000 390.973 437.914 0.000 0.000
784.304 971.345 0.000 0.000 0.000 750.473 0.000 0.000
919.580 340.412 0.000 920.385 747.154 0.000 0.000 0.000
0.000 917.631 829.541 592.696 383.242 0.000 446.368 0.000
0.000 0.000 544.713 642.265 0.000 0.000 0.000 973.679
974.797 893.184 797.683 802.423 657.763 483.112 0.000 565.062
0.000 917.617 673.960 0.000 801.545 551.166 0.000 967.268
916.315 358.203 317.689 0.000 0.000 614.875 0.000 437.888
0.000 373.013 566.486 0.000 0.000 965.729 517.545 0.000
691.899 0.000 472.128 725.072 0.000 564.428 0.000 811.253
0.000 0.000 855.794 0.000 0.000 0.000 889.697 449.938
0.000 978.666 0.000 0.000 0.000 0.000 0.000 0.000
429.250 0.000 432.847 382.183 670.512 631.136 0.000 466.900
797.852 371.016 546.815 0.000 690.377 0.000 756.647 0.000
302.941 0.000 0.000 933.834 348.928 975.921 803.479 0.000
746.718 0.000 0.000 0.000 0.000 0.000 798.731 0.000
0.000 0.000 0.000 935.324 546.187 0.000 0.000 0.000
423.335 565.265 0.000 467.489 888.469 592.104 0.000 0.000
0.000 646.199 672.423 0.000 557.335 606.438 997.248 377.488
891.190 588.943 0.000 0.000 741.054 0.000 478.460 478.496
0.000 0.000 0.000 0.000 0.000 0.000 893.351 0.000
422.821 0.000 367.131 0.000 553.508 0.000 632.752 588.281
927.148 0.000 553.221 0.000 0.000 0.000 525.489 0.000
339.021 0.000 376.160 0.000 966.982 0.000 551.765 594.040
739.256 517.934 0.000 919.324 0.000 638.461 0.000 0.000
0.000 0.000 0.000 0.000 488.212 346.598 0.000 0.000
0.000 0.000 0.000 0.000 456.829 0.000 875.771 434.758
960.657 0.000 551.245 0.000 0.000 529.776 395.634 0.000
690.382 0.000 0.000 0.000 556.268 332.426 0.000 603.793
0.000 541.423 0.000 0.000 0.000 0.000 622.359 932.258
0.000 376.175 988.700 616.793 0.000 0.000 0.000 676.393
991.319 669.965 0.000 0.000 741.061 0.000 0.000 904.392
566.305 0.000 0.000 816.480 0.000 662.982 0.000 0.000
577.146 0.000 335.248 401.521 0.000 565.569 402.415 576.497
580.034 569.962 880.370 808.192 584.270 0.000 574.787 0.000
339.536 597.084 0.000 0.000 560.958 631.984 721.005 0.000
603.728 958.692 0.000 0.000 534.351 0.000 0.000 0.000
722.849 0.000 553.428 719.674 0.000 0.000 803.035 0.000
621.010 312.468 438.270 334.918 0.000 332.324 807.156 311.466
0.000 0.000 0.000 633.351 0.000 801.094 966.100 0.000
528.197 0.000 370.493 0.000 0.000 0.000 314.307 825.841
0.000 0.000 0.000 0.000 443.058 0.000 0.000 459.553
0.000 0.000 0.000 370.570 0.000 834.157 812.126 923.759
0.000 0.000 878.536 0.000 0.000 0.000 369.141 830.521
0.000 0.000 769.041 983.556 0.000 0.000 555.058 518.665
0.000 0.000 0.000 609.804 0.000 880.303 0.000 517.256
0.000 0.000 0.000 970.130 0.000 811.935 536.052 0.000
639.878 0.000 0.000 0.000 0.000 0.000 536.332 0.000
920.674 936.830 640.484 0.000 0.000 0.000 0.000 337.258
629.707 613.195 391.850 728.205 0.000 0.000 399.321 0.000
0.000 305.821 0.000 0.000 0.000 0.000 947.883 0.000
452.357 528.120 0.000 735.994 538.426 0.000 0.000 920.028
532.668 0.000 914.216 0.000 0.000 613.161 0.000 0.000
976.113 0.000 854.801 516.477 750.960 637.700 0.000 0.000
858.795 926.650 0.000 0.000 0.000 0.000 0.000 0.000
0.000 0.000 928.482 557.777 0.000 0.000 0.000 854.604
390.994 0.000 554.711 0.000 383.017 889.615 779.931 0.000
0.000 328.897 0.000 676.247 0.000 792.240 322.735 928.785
0.000 547.609 0.000 976.619 0.000 0.000 400.014 421.376
387.128 0.000 808.269 0.000 0.000 0.000 363.668 0.000
676.961 0.000 530.111 0.000 406.422 312.170 503.934 767.358
301.301 642.650 0.000 0.000 0.000 0.000 0.000 0.000
364.665 993.632 0.000 0.000 0.000 0.000 364.293 0.000
915.304 842.538 876.834 0.000 844.135 0.000 709.181 878.565
0.000 885.540 0.000 942.234 0.000 640.418 0.000 506.295
353.532 923.607 0.000 0.000 311.160 664.668 646.101 543.193
0.000 853.023 404.468 0.000 364.413 0.000 487.792 562.582
0.000 0.000 598.053 0.000 0.000 900.797 0.000 756.724
482.487 588.561 958.402 0.000 0.000 389.444 392.189 0.000
0.000 0.000 0.000 377.100 0.000 361.597 0.000 0.000
665.861 0.000 843.942 0.000 614.984 0.000 0.000 967.296
931.328 0.000 0.000 0.000 365.384 0.000 692.724 0.000
994.008 0.000 0.000 0.000 0.000 930.748 412.797 996.841
0.000 0.000 0.000 617.381 749.478 514.864 0.000 0.000
0.000 0.000 0.000 326.233 0.000 0.000 0.000 349.576
0.000 0.000 586.860 656.039 0.000 0.000 700.913 0.000
309.915 963.628 930.320 825.208 0.000 707.961 0.000 645.326
0.000 627.906 559.791 0.000 0.000 0.000 0.000 0.000
367.138 0.000 0.000 0.000 0.000 771.159 0.000 933.464
981.687 597.366 0.000 0.000 0.000 0.000 691.797 0.000
578.114 616.267 682.476 0.000 0.000 0.000 652.707 646.062
938.606 674.231 0.000 0.000 0.000 0.000 715.416 0.000
0.000 552.936 0.000 720.763 0.000 0.000 0.000 0.000
0.000 0.000 0.000 559.904 0.000 0.000 0.000 0.000
0.000 0.000 0.000 949.831 534.408 0.000 0.000 544.733
812.292 368.517 0.000 483.602 810.795 633.206 541.338 756.820
0.000 0.000 620.107 490.016 778.822 932.703 368.380 983.574
0.000 308.278 525.466 0.000 0.000 0.000 569.241 0.000
0.000 841.540 741.763 0.000 681.855 0.000 968.519 0.000
596.242 883.239 701.275 906.123 720.525 538.412 510.735 0.000
0.000 731.321 0.000 0.000 617.231 970.324 485.848 576.492
900.206 0.000 0.000 0.000 0.000 0.000 559.593 0.000
811.781 966.333 0.000 0.000 458.601 0.000 888.108 404.928
0.000 0.000 645.416 965.108 907.701 0.000 561.967 0.000
0.000 616.237 0.000 0.000 931.866 389.199 750.448 616.498
534.711 859.485 890.995 689.784 636.356 387.196 355.006 0.000
857.177 0.000 0.000 0.000 692.281 665.282 0.000 0.000
0.000 975.798 615.595 0.000 612.465 0.000 400.556 367.190
497.191 409.695 780.959 510.905 537.768 387.640 834.576 0.000
0.000 576.416 0.000 0.000 0.000 0.000 660.945 0.000
943.435 0.000 0.000 369.522 520.310 558.973 941.870 0.000
0.000 0.000 0.000 0.000 910.776 379.439 0.000 684.543
0.000 0.000 943.889 432.026 0.000 0.000 909.067 0.000
0.000 0.000 757.514 0.000 0.000 638.588 0.000 0.000
0.000 0.000 472.611 0.000 848.181 0.000 925.252 0.000
945.377 0.000 0.000 0.000 952.744 734.047 974.823 943.094
588.778 698.892 811.989 529.517 0.000 498.210 446.387 0.000
654.370 0.000 0.000 0.000 914.528 0.000 0.000 0.000
0.000 0.000 657.801 0.000 826.518 317.640 0.000 704.327
454.546 691.464 0.000 431.740 0.000 0.000 0.000 312.142
0.000 573.734 0.000 318.007 0.000 0.000 0.000 0.000
551.117 0.000 0.000 369.542 0.000 458.308 703.339 0.000
0.000 0.000 0.000 876.823 768.439 0.000 479.984 805.521
0.000 639.577 0.000 939.118 0.000 0.000 0.000 907.578
0.000 775.183 0.000 0.000 477.330 587.138 0.000 499.946
0.000 375.674 0.000 767.397 0.000 0.000 613.125 0.000
0.000 881.160 0.000 0.000 539.026 0.000 522.951 968.598
0.000 918.239 934.276 719.937 0.000 0.000 0.000 0.000
531.669 0.000 0.000 765.062 0.000 826.653 757.689 881.696
0.000 0.000 0.000 0.000 801.858 0.000 0.000 787.164
0.000 0.000 0.000 0.000 0.000 921.607 0.000 0.000
827.136 0.000 0.000 0.000 612.325 0.000 0.000 847.675
338.711 0.000 709.177 0.000 440.033 0.000 0.000 673.902
0.000 0.000 325.598 465.989 0.000 0.000 653.322 646.093
704.644 0.000 981.012 763.735 0.000 606.273 339.420 504.141
0.000 0.000 776.647 0.000 0.000 0.000 596.556 0.000
0.000 779.617 0.000 0.000 937.676 690.490 0.000 891.610
779.289 0.000 0.000 0.000 719.207 0.000 359.287 879.484
0.000 616.404 0.000 369.116 0.000 368.369 0.000 0.000
0.000 0.000 0.000 0.000 0.000 0.000 0.000 388.317
0.000 863.364 0.000 439.413 0.000 896.597 0.000 0.000
0.000 765.822 830.616 510.020 0.000 0.000 0.000 0.000
305.689 0.000 0.000 0.000 0.000 648.514 525.383 589.364
904.876 746.906 0.000 0.000 0.000 0.000 667.767 0.000
0.000 0.000 877.524 396.183 812.337 0.000 0.000 0.000
883.232 787.182 0.000 0.000 0.000 649.477 0.000 0.000
872.745 0.000 0.000 518.515 0.000 0.000 0.000 0.000
0.000 778.233 0.000 0.000 912.691 503.523 0.000 0.000
536.149 703.344 0.000 0.000 0.000 912.305 0.000 648.742
742.999 0.000 305.322 764.859 0.000 349.397 0.000 593.766
813.031 813.587 950.729 0.000 961.699 0.000 509.343 0.000
575.218 968.871 0.000 0.000 912.747 0.000 616.235 0.000
0.000 927.762 0.000 385.759 535.220 913.165 763.120 744.533
780.077 0.000 417.888 0.000 0.000 0.000 870.773 711.895
638.930 0.000 803.721 430.444 669.347 661.636 621.941 0.000
0.000 0.000 0.000 0.000 0.000 671.557 0.000 696.444
0.000 934.232 0.000 0.000 0.000 0.000 601.069 0.000
0.000 843.914 526.245 0.000 0.000 959.145 474.199 457.859
690.345 0.000 0.000 947.031 311.103 0.000 558.129 562.769
0.000 0.000 351.886 809.455 663.162 749.261 803.167 0.000
0.000 621.265 516.255 673.103 898.212 0.000 749.238 0.000
0.000 336.770 0.000 850.614 0.000 555.153 0.000 917.068
0.000 802.097 473.594 0.000 773.068 0.000 0.000 0.000
787.375 831.174 0.000 438.584 521.462 464.995 0.000 734.535
967.086 773.873 0.000 913.125 0.000 0.000 0.000 578.745
0.000 867.194 912.907 511.185 0.000 0.000 0.000 815.935
0.000 840.399 0.000 0.000 0.000 0.000 0.000 0.000
472.828 0.000 0.000 0.000 0.000 668.080 663.786 977.187
589.216 0.000 417.495 0.000 0.000 745.786 994.780 0.000
843.439 810.896 319.607 720.522 0.000 791.990 973.080 0.000
906.384 0.000 686.593 0.000 0.000 0.000 832.015 0.000
582.797 749.080 0.000 0.000 0.000 0.000 758.857 472.090
0.000 0.000 0.000 0.000 0.000 0.000 821.765 329.809
890.255 0.000 629.300 726.643 0.000 497.913 0.000 403.044
678.758 660.872 740.637 888.921 920.995 0.000 717.952 0.000
0.000 416.675 614.640 0.000 630.359 993.274 0.000 906.607
0.000 537.833 884.425 0.000 0.000 757.670 0.000 742.762
408.540 741.708 343.125 0.000 916.624 0.000 481.107 522.600
0.000 0.000 707.354 406.953 411.541 861.819 0.000 493.043
621.867 0.000 918.122 0.000 733.578 677.478 596.679 925.494
758.073 495.106 0.000 404.805 532.353 465.221 514.413 0.000
855.145 717.335 0.000 0.000 674.242 431.327 0.000 0.000
0.000 0.000 0.000 809.789 728.794 0.000 0.000 474.008
790.604 0.000 871.906 0.000 355.953 571.757 0.000 0.000
0.000 0.000 0.000 585.655 0.000 890.035 742.916 603.091
796.071 418.727 0.000 0.000 733.073 315.201 459.987 0.000
0.000 797.959 754.986 0.000 0.000 732.179 527.570 0.000
0.000 0.000 0.000 0.000 805.916 327.045 0.000 880.776
949.523 0.000 0.000 0.000 701.236 0.000 807.713 0.000
849.269 0.000 374.084 0.000 993.745 0.000 389.359 0.000
0.000 0.000 515.439 0.000 605.567 0.000 379.077 961.997
562.267 432.856 0.000 705.385 988.475 442.559 808.415 0.000
0.000 0.000 824.810 0.000 0.000 0.000 0.000 378.459
0.000 0.000 469.874 0.000 0.000 846.188 0.000 0.000
892.153 0.000 456.650 0.000 492.545 503.225 831.292 488.429
0.000 0.000 0.000 607.543 949.377 0.000 478.813 0.000
606.416 0.000 873.073 0.000 0.000 0.000 0.000 0.000
594.542 898.130 651.408 588.373 0.000 613.289 0.000 0.000
428.642 830.319 0.000 414.143 782.647 0.000 0.000 0.000
473.380 0.000 0.000 867.671 0.000 0.000 0.000 0.000
317.791 0.000 439.656 0.000 0.000 994.707 0.000 0.000
0.000 652.063 947.929 0.000 865.747 676.447 0.000 0.000
0.000 0.000 0.000 439.286 603.031 0.000 499.473 0.000
903.339 0.000 0.000 625.635 0.000 0.000 0.000 0.000
448.536 0.000 721.544 0.000 0.000 0.000 513.593 716.142
642.963 786.481 0.000 0.000 304.779 0.000 797.266 426.295
657.914 990.140 323.733 0.000 0.000 0.000 980.950 0.000
922.939 0.000 0.000 988.698 0.000 450.261 0.000 643.679
