0.000 0.000 406.604 0.000 0.000 451.691 728.512 0.000
0.000 0.000 417.047 713.023 892.562 0.000 0.000 346.567
0.000 0.000 628.560 0.000 0.000 0.000 394.606 0.000
302.987 0.000 0.000 743.897 0.000 631.055 977.957 0.000
824.281 583.945 468.886 0.000 753.499 605.788 0.000 0.000
799.476 0.000 0.000 0.000 0.000 871.494 803.544 502.709
855.576 0.000 966.185 815.460 691.355 0.000 0.000 737.383
0.000 969.452 0.000 346.331 0.000 0.000 483.404 0.000
302.098 403.498 0.000 751.387 0.000 925.302 345.286 387.658
698.409 576.920 988.314 0.000 0.000 877.316 0.000 763.070
363.675 0.000 315.935 940.385 0.000 500.170 0.000 355.819
415.043 0.000 0.000 0.000 0.000 353.694 577.777 0.000
0.000 333.551 0.000 0.000 660.012 981.896 435.719 0.000
0.000 0.000 877.885 0.000 720.756 0.000 663.349 940.010
678.203 645.543 0.000 0.000 0.000 0.000 0.000 0.000
0.000 0.000 0.000 503.015 0.000 759.951 0.000 775.716
0.000 964.810 0.000 815.135 938.450 315.078 405.646 948.577
824.958 709.081 0.000 916.436 977.853 0.000 532.380 851.665
0.000 504.817 0.000 455.120 467.942 774.866 0.000 867.606
881.965 0.000 0.000 0.000 583.313 686.830 0.000 565.392
0.000 972.928 625.396 590.424 0.000 885.017 695.890 582.026
0.000 404.886 968.879 697.280 794.818 675.428 0.000 0.000
0.000 506.518 0.000 846.483 633.863 0.000 0.000 0.000
792.283 0.000 0.000 0.000 0.000 0.000 441.337 0.000
0.000 0.000 0.000 0.000 0.000 0.000 841.603 893.653
0.000 557.827 707.647 0.000 946.810 0.000 339.763 971.326
0.000 350.588 0.000 480.915 482.019 0.000 0.000 0.000
0.000 796.638 0.000 358.067 0.000 525.513 0.000 597.129
0.000 0.000 0.000 0.000 351.724 647.643 777.993 596.426
723.514 0.000 0.000 360.599 0.000 507.336 742.483 0.000
0.000 0.000 742.356 0.000 511.824 778.755 0.000 614.951
450.641 0.000 421.931 0.000 766.198 0.000 501.953 0.000
0.000 528.987 576.077 0.000 0.000 672.488 500.338 936.458
0.000 955.575 0.000 405.383 0.000 0.000 0.000 964.554
728.399 0.000 885.143 0.000 577.472 338.723 0.000 574.702
0.000 0.000 320.646 321.510 0.000 513.551 743.354 0.000
0.000 0.000 708.164 0.000 672.347 496.017 364.767 543.563
561.048 0.000 658.123 0.000 0.000 0.000 377.280 627.978
333.952 0.000 877.952 591.578 0.000 393.873 488.204 468.877
550.399 813.146 0.000 940.984 492.319 495.697 304.534 0.000
0.000 686.790 878.225 0.000 0.000 657.404 0.000 0.000
0.000 0.000 477.702 0.000 471.739 0.000 350.880 453.857
0.000 0.000 0.000 576.160 0.000 541.370 344.640 0.000
503.255 0.000 0.000 0.000 815.579 0.000 0.000 950.198
0.000 493.369 749.790 0.000 620.916 0.000 0.000 0.000
721.630 955.868 0.000 993.654 673.060 0.000 881.558 0.000
792.120 0.000 874.482 800.989 0.000 807.109 0.000 0.000
402.962 927.611 0.000 0.000 955.642 0.000 0.000 0.000
0.000 0.000 684.045 688.743 0.000 0.000 0.000 527.313
326.997 611.744 0.000 0.000 387.432 493.541 404.554 866.801
905.793 845.341 750.369 0.000 0.000 661.549 384.362 0.000
801.652 0.000 843.537 0.000 560.982 0.000 512.373 0.000
661.575 476.164 0.000 977.215 0.000 889.455 0.000 0.000
0.000 485.272 0.000 0.000 681.303 0.000 535.441 0.000
635.394 0.000 886.967 0.000 972.756 0.000 0.000 954.662
0.000 0.000 0.000 0.000 0.000 0.000 510.817 514.803
0.000 714.691 0.000 459.720 0.000 0.000 753.629 540.346
0.000 882.277 0.000 0.000 0.000 0.000 0.000 0.000
303.569 0.000 0.000 949.426 862.339 782.957 0.000 0.000
985.730 0.000 750.005 990.255 0.000 396.601 497.507 389.961
411.416 532.067 0.000 592.976 0.000 0.000 669.302 836.685
0.000 440.831 653.726 368.292 548.438 0.000 961.652 814.395
0.000 0.000 922.788 730.782 0.000 0.000 859.238 0.000
654.452 941.600 861.694 0.000 834.499 579.188 592.295 804.787
708.867 327.113 668.353 0.000 686.312 0.000 0.000 553.670
0.000 0.000 616.630 800.834 573.827 859.500 0.000 0.000
0.000 548.254 0.000 733.798 748.789 0.000 378.926 671.570
396.923 0.000 0.000 0.000 574.466 686.765 0.000 883.201
0.000 688.070 773.292 345.946 492.744 0.000 469.809 0.000
635.914 972.361 407.702 0.000 937.396 844.134 534.706 659.144
0.000 958.091 310.235 910.705 0.000 0.000 710.151 0.000
0.000 334.774 671.543 0.000 0.000 302.293 799.052 0.000
0.000 484.189 981.726 479.851 642.679 0.000 0.000 0.000
477.575 0.000 849.149 391.259 0.000 418.888 0.000 792.683
843.696 0.000 0.000 0.000 539.516 311.346 0.000 773.579
0.000 0.000 714.341 0.000 317.027 805.880 0.000 931.286
0.000 441.093 0.000 0.000 839.557 0.000 455.563 0.000
624.632 306.633 376.739 0.000 0.000 971.024 848.281 480.194
520.764 640.260 0.000 0.000 0.000 0.000 0.000 972.523
0.000 752.113 0.000 0.000 744.383 0.000 0.000 0.000
589.290 0.000 0.000 0.000 0.000 0.000 683.469 434.545
0.000 0.000 563.886 0.000 0.000 0.000 0.000 0.000
0.000 0.000 0.000 355.784 525.805 593.206 606.010 965.442
0.000 708.226 0.000 0.000 506.338 0.000 0.000 0.000
0.000 0.000 0.000 0.000 0.000 649.486 0.000 0.000
0.000 0.000 690.955 0.000 0.000 0.000 0.000 632.512
0.000 692.552 860.488 0.000 0.000 0.000 937.084 0.000
483.267 861.334 545.731 664.968 520.964 405.212 945.596 759.086
0.000 0.000 0.000 0.000 0.000 0.000 0.000 951.604
647.215 942.079 0.000 0.000 675.223 849.498 799.848 964.987
0.000 0.000 0.000 361.780 0.000 889.148 930.790 651.600
385.149 684.684 499.892 0.000 506.806 0.000 0.000 0.000
689.623 0.000 0.000 898.013 918.758 696.835 0.000 0.000
928.050 589.810 0.000 823.158 477.153 680.755 0.000 844.254
329.412 470.845 533.484 0.000 0.000 0.000 0.000 553.030
630.351 0.000 0.000 531.146 0.000 907.133 533.149 332.404
0.000 779.275 0.000 531.312 302.850 0.000 809.171 876.450
315.812 971.304 0.000 0.000 575.277 663.817 858.451 509.081
0.000 328.958 880.419 469.055 495.189 0.000 0.000 0.000
332.771 0.000 0.000 0.000 0.000 825.550 698.617 404.286
0.000 0.000 919.694 542.189 0.000 0.000 0.000 0.000
0.000 344.090 0.000 0.000 0.000 0.000 0.000 0.000
884.927 0.000 734.390 0.000 0.000 953.059 0.000 889.114
0.000 629.269 0.000 780.925 378.612 767.417 429.047 0.000
0.000 479.357 602.913 0.000 0.000 794.172 0.000 384.882
603.264 0.000 0.000 573.542 0.000 0.000 0.000 571.934
809.157 0.000 0.000 305.708 0.000 469.286 433.261 0.000
388.375 788.624 0.000 371.261 0.000 975.859 832.243 538.137
789.335 813.410 0.000 0.000 0.000 599.107 432.199 537.165
0.000 364.842 539.479 868.822 0.000 0.000 877.124 0.000
451.343 473.869 383.574 0.000 0.000 779.065 0.000 0.000
0.000 0.000 862.254 667.235 554.647 0.000 0.000 884.963
568.151 523.346 817.589 330.398 0.000 430.199 0.000 576.838
0.000 300.548 919.899 640.509 970.441 0.000 446.893 0.000
798.994 880.382 444.274 969.952 0.000 545.698 0.000 447.270
460.502 0.000 709.012 0.000 633.990 831.637 583.501 0.000
459.326 0.000 725.288 820.107 0.000 0.000 728.915 392.893
910.956 704.008 0.000 468.028 0.000 896.007 935.546 0.000
0.000 975.169 0.000 771.335 708.853 886.682 684.033 859.836
0.000 0.000 835.508 564.038 0.000 0.000 733.899 869.088
0.000 0.000 0.000 421.333 906.461 0.000 586.937 0.000
549.321 0.000 353.960 0.000 0.000 0.000 716.405 0.000
0.000 0.000 0.000 914.303 935.103 791.112 947.015 319.455
0.000 0.000 0.000 962.896 0.000 410.174 0.000 0.000
375.097 715.049 0.000 0.000 0.000 0.000 0.000 399.061
437.083 652.947 502.452 898.281 0.000 351.392 0.000 854.004
0.000 0.000 605.439 656.075 0.000 689.543 0.000 0.000
430.745 780.477 0.000 390.744 0.000 0.000 0.000 0.000
0.000 0.000 0.000 621.917 470.140 356.134 519.474 725.199
526.509 0.000 0.000 680.080 662.121 0.000 650.132 0.000
0.000 0.000 0.000 667.072 0.000 0.000 0.000 0.000
0.000 576.491 936.955 0.000 0.000 0.000 0.000 0.000
0.000 631.120 0.000 0.000 0.000 892.142 0.000 611.516
705.057 0.000 0.000 0.000 0.000 457.732 0.000 0.000
909.654 0.000 781.737 896.589 456.833 0.000 577.754 918.346
0.000 776.178 0.000 0.000 897.639 0.000 0.000 479.720
0.000 681.328 508.131 607.841 0.000 0.000 884.002 901.522
0.000 0.000 0.000 0.000 977.223 880.978 0.000 674.815
787.860 0.000 490.181 652.576 588.196 0.000 320.349 552.121
0.000 497.308 0.000 0.000 0.000 565.423 865.679 692.453
0.000 0.000 0.000 0.000 775.864 0.000 992.141 0.000
968.079 741.244 0.000 523.012 978.688 990.707 0.000 0.000
0.000 315.670 769.504 0.000 402.750 689.931 0.000 0.000
0.000 0.000 963.496 360.826 0.000 0.000 603.172 392.877
446.383 0.000 965.949 0.000 675.614 468.186 0.000 0.000
930.223 387.336 703.095 0.000 608.087 0.000 0.000 394.236
818.799 0.000 915.348 0.000 417.151 0.000 553.335 0.000
0.000 621.835 539.877 922.228 0.000 0.000 0.000 404.705
987.490 0.000 0.000 322.275 0.000 725.755 0.000 0.000
0.000 0.000 340.162 0.000 323.054 0.000 0.000 894.992
389.026 477.485 446.767 581.166 712.601 0.000 844.696 700.884
0.000 0.000 726.067 0.000 0.000 707.262 378.091 586.694
0.000 438.338 0.000 918.768 584.633 593.885 560.097 0.000
0.000 944.916 950.203 0.000 435.757 850.365 908.232 0.000
897.564 817.152 879.469 349.815 781.574 932.585 309.454 0.000
492.488 915.027 0.000 0.000 0.000 0.000 0.000 0.000
388.834 888.663 590.633 969.184 653.050 0.000 868.025 0.000
0.000 311.890 498.683 766.402 0.000 0.000 743.099 923.406
443.786 0.000 937.716 676.595 796.234 0.000 0.000 715.118
915.261 308.323 501.957 442.771 834.554 485.902 0.000 0.000
0.000 0.000 0.000 728.381 0.000 0.000 0.000 0.000
0.000 0.000 695.625 672.858 909.274 0.000 799.803 590.397
0.000 806.690 775.648 872.930 0.000 0.000 608.393 0.000
0.000 0.000 0.000 443.269 0.000 0.000 0.000 790.558
0.000 0.000 627.701 0.000 0.000 0.000 0.000 493.911
0.000 888.422 793.233 0.000 0.000 863.419 481.145 0.000
450.577 656.885 0.000 355.733 557.034 556.835 459.211 0.000
0.000 318.460 593.221 390.411 0.000 0.000 435.123 0.000
736.017 473.169 0.000 942.412 0.000 0.000 0.000 655.390
0.000 493.300 538.660 304.366 0.000 0.000 0.000 0.000
0.000 0.000 738.176 0.000 0.000 938.451 443.369 878.380
798.920 347.450 0.000 0.000 975.737 0.000 0.000 693.754
0.000 435.761 0.000 922.538 579.261 0.000 0.000 621.134
713.738 0.000 0.000 0.000 607.665 963.147 944.180 767.871
0.000 0.000 633.686 0.000 469.425 523.053 0.000 0.000
0.000 405.348 0.000 0.000 0.000 0.000 0.000 850.073
510.906 936.411 0.000 851.138 0.000 0.000 328.472 503.103
599.604 0.000 0.000 855.248 879.188 0.000 0.000 0.000
0.000 654.047 972.315 0.000 520.094 656.356 480.715 564.019
0.000 895.547 759.384 0.000 504.820 913.456 0.000 0.000
0.000 0.000 0.000 416.432 0.000 0.000 928.313 894.963
856.843 904.636 757.831 944.369 509.593 0.000 0.000 771.258
940.638 0.000 985.802 0.000 0.000 0.000 951.465 0.000
760.729 0.000 846.540 0.000 465.145 956.945 0.000 0.000
0.000 0.000 0.000 389.880 667.735 792.540 0.000 0.000
506.218 0.000 832.986 0.000 0.000 0.000 0.000 958.567
0.000 462.047 0.000 723.769 791.697 0.000 0.000 0.000
0.000 0.000 481.025 0.000 0.000 773.714 472.588 0.000
526.649 0.000 0.000 930.201 0.000 407.991 511.531 534.322
0.000 584.279 0.000 547.860 978.558 998.960 0.000 0.000
517.467 0.000 899.107 444.980 0.000 310.604 622.870 0.000
0.000 928.136 0.000 0.000 648.399 442.223 0.000 0.000
0.000 0.000 0.000 320.993 0.000 0.000 529.741 0.000
955.312 0.000 0.000 0.000 0.000 0.000 0.000 0.000
0.000 874.529 391.011 690.123 0.000 0.000 706.252 438.600
0.000 688.935 0.000 0.000 710.870 0.000 0.000 0.000
563.781 478.738 0.000 308.248 732.011 638.727 0.000 0.000
0.000 0.000 0.000 350.746 933.814 816.787 341.163 767.683
423.966 0.000 0.000 0.000 628.827 0.000 886.720 895.238
330.811 805.769 640.912 491.641 670.533 0.000 0.000 916.813
0.000 727.367 0.000 491.995 347.828 0.000 0.000 508.599
0.000 714.219 0.000 0.000 791.763 470.291 0.000 571.457
0.000 910.109 0.000 891.585 0.000 325.982 593.953 0.000
719.883 0.000 752.667 552.073 0.000 683.563 367.183 359.433
0.000 0.000 335.906 593.215 446.413 0.000 642.592 0.000
902.712 313.640 580.780 0.000 986.002 771.181 0.000 990.116
0.000 0.000 0.000 0.000 0.000 460.242 476.112 821.603
0.000 0.000 0.000 0.000 602.442 379.723 0.000 300.171
858.287 0.000 0.000 0.000 662.753 0.000 933.724 547.339
0.000 638.869 0.000 0.000 943.435 0.000 804.451 0.000
0.000 0.000 0.000 0.000 362.078 0.000 0.000 0.000
675.498 0.000 511.271 852.208 940.749 938.849 0.000 612.697
367.502 828.219 0.000 696.177 800.931 978.261 387.653 420.809
322.234 446.286 847.015 0.000 357.570 0.000 549.995 0.000
0.000 0.000 0.000 0.000 0.000 428.050 0.000 305.746
0.000 0.000 827.584 0.000 761.021 0.000 0.000 0.000
0.000 305.895 0.000 936.249 0.000 687.741 955.380 979.025
916.520 0.000 712.502 691.455 0.000 552.135 831.049 0.000
0.000 767.283 0.000 0.000 0.000 0.000 468.250 464.482
978.572 0.000 0.000 851.926 0.000 0.000 0.000 422.639
771.537 0.000 932.119 822.754 386.466 811.652 0.000 0.000
907.549 872.141 0.000 559.872 0.000 976.161 0.000 465.071
488.224 0.000 0.000 0.000 562.048 0.000 0.000 381.625
384.676 950.475 0.000 983.222 0.000 907.001 0.000 0.000
0.000 530.511 0.000 989.394 0.000 495.888 0.000 382.909
500.840 613.564 0.000 0.000 0.000 0.000 0.000 0.000
581.629 0.000 0.000 0.000 0.000 475.441 0.000 0.000
816.773 0.000 343.137 806.257 406.363 348.934 0.000 919.669
332.937 871.977 0.000 898.716 492.157 0.000 0.000 421.221
0.000 0.000 414.256 604.721 833.117 954.800 353.276 0.000
0.000 0.000 0.000 899.279 0.000 0.000 0.000 787.400
0.000 0.000 361.533 963.520 0.000 315.815 302.277 0.000
0.000 906.558 0.000 0.000 0.000 572.997 534.218 763.697
0.000 968.959 921.328 853.066 0.000 0.000 370.945 0.000
599.317 0.000 0.000 0.000 0.000 708.244 973.615 0.000
0.000 557.293 881.739 0.000 0.000 0.000 0.000 0.000
469.826 0.000 0.000 922.517 0.000 827.966 0.000 0.000
0.000 0.000 0.000 639.319 506.113 474.222 805.884 545.258
0.000 0.000 0.000 0.000 0.000 0.000 0.000 312.330
419.343 0.000 0.000 0.000 0.000 0.000 507.177 0.000
0.000 368.539 0.000 0.000 922.444 449.944 0.000 362.357
346.370 987.416 0.000 0.000 621.130 0.000 0.000 0.000
0.000 0.000 0.000 963.839 0.000 692.167 0.000 703.235
990.987 474.682 0.000 0.000 866.347 403.557 0.000 0.000
0.000 0.000 876.033 0.000 0.000 913.814 589.755 0.000
0.000 0.000 0.000 852.827 735.783 910.096 0.000 0.000
0.000 0.000 423.254 963.212 0.000 808.716 0.000 506.170
0.000 0.000 0.000 612.889 836.729 0.000 0.000 671.346
0.000 0.000 0.000 705.248 775.808 472.741 668.772 649.745
0.000 0.000 975.135 0.000 324.920 734.982 944.643 480.809
0.000 616.413 0.000 731.906 0.000 0.000 0.000 0.000
0.000 574.188 412.684 0.000 554.584 0.000 0.000 0.000
0.000 0.000 536.868 0.000 0.000 0.000 412.793 0.000
0.000 0.000 0.000 687.413 843.802 0.000 639.334 927.641
0.000 0.000 321.973 855.985 0.000 0.000 0.000 474.834
0.000 0.000 327.343 754.012 843.687 0.000 557.444 0.000
0.000 0.000 826.178 998.758 0.000 0.000 811.101 0.000
0.000 0.000 747.152 0.000 344.064 0.000 0.000 972.130
0.000 0.000 927.163 0.000 853.603 0.000 0.000 0.000
823.194 715.782 0.000 0.000 621.761 0.000 428.281 0.000
993.739 792.264 888.523 0.000 0.000 307.930 897.731 651.995
0.000 892.277 378.142 612.521 702.490 511.673 695.156 0.000
0.000 0.000 0.000 741.378 0.000 528.397 956.971 651.005
0.000 0.000 0.000 0.000 0.000 0.000 694.534 0.000
953.770 0.000 720.793 348.421 0.000 876.384 0.000 0.000
0.000 0.000 0.000 365.338 910.612 370.271 768.422 0.000
0.000 0.000 521.482 0.000 896.305 951.459 931.772 834.593
535.470 0.000 0.000 756.408 0.000 313.168 491.226 0.000
0.000 616.061 861.381 0.000 0.000 0.000 943.796 380.787
646.774 735.419 0.000 726.477 0.000 0.000 333.024 0.000
460.968 0.000 0.000 0.000 456.932 0.000 833.935 604.836
0.000 0.000 488.814 0.000 667.767 529.107 0.000 0.000
615.354 0.000 0.000 967.166 0.000 0.000 987.154 0.000
0.000 0.000 0.000 901.045 0.000 0.000 533.540 0.000
0.000 0.000 741.656 0.000 0.000 0.000 0.000 0.000
692.832 0.000 0.000 325.237 963.580 0.000 788.356 0.000
0.000 0.000 0.000 868.240 951.780 0.000 0.000 0.000
773.710 0.000 0.000 0.000 0.000 0.000 970.363 878.000
0.000 0.000 0.000 719.396 774.610 782.123 0.000 440.969
935.593 663.133 970.291 0.000 0.000 0.000 0.000 0.000
0.000 0.000 798.196 0.000 643.219 0.000 975.100 0.000
0.000 0.000 960.615 342.258 0.000 0.000 465.801 371.326
0.000 0.000 326.362 0.000 0.000 492.149 0.000 0.000
0.000 747.108 0.000 0.000 0.000 0.000 703.953 0.000
0.000 0.000 0.000 578.842 0.000 0.000 458.588 0.000
440.327 825.988 0.000 0.000 731.271 730.420 0.000 0.000
0.000 0.000 0.000 0.000 907.514 0.000 0.000 300.959
0.000 308.724 605.637 488.606 0.000 0.000 0.000 306.870
815.041 889.661 338.328 599.949 778.906 560.638 875.221 854.115
0.000 821.880 0.000 848.382 0.000 0.000 978.208 368.824
753.434 0.000 0.000 0.000 778.097 0.000 0.000 902.220
541.737 416.401 0.000 902.378 0.000 0.000 0.000 859.739
0.000 0.000 0.000 478.810 485.920 0.000 634.057 352.558
897.592 354.730 469.282 0.000 995.987 725.916 401.861 0.000
0.000 778.826 355.483 0.000 568.699 348.229 0.000 0.000
860.624 0.000 0.000 0.000 745.619 0.000 659.207 576.504
706.490 0.000 966.960 0.000 0.000 0.000 0.000 379.688
0.000 0.000 0.000 0.000 0.000 603.155 0.000 398.277
0.000 0.000 0.000 0.000 705.851 743.194 0.000 0.000
0.000 330.615 0.000 0.000 501.249 0.000 315.383 0.000
883.165 0.000 0.000 0.000 570.485 0.000 0.000 742.953
0.000 0.000 0.000 0.000 303.579 0.000 0.000 857.720
930.219 0.000 907.924 963.484 518.048 374.485 606.033 342.584
988.572 0.000 547.657 803.907 620.132 0.000 0.000 473.114
517.082 435.486 964.687 854.004 0.000 376.812 848.558 920.208
350.052 0.000 0.000 0.000 746.553 0.000 0.000 0.000
0.000 778.167 691.907 0.000 0.000 0.000 685.876 972.287
0.000 680.213 454.914 0.000 490.338 439.603 0.000 604.592
494.277 739.343 0.000 0.000 0.000 931.594 0.000 412.759
0.000 319.525 0.000 0.000 0.000 0.000 0.000 0.000
732.655 547.794 0.000 0.000 744.921 0.000 481.717 0.000
0.000 0.000 730.780 930.141 821.854 0.000 0.000 0.000
408.668 0.000 0.000 844.207 0.000 446.772 337.999 491.259
0.000 410.737 300.836 0.000 975.183 534.265 986.907 0.000
486.552 772.479 486.315 0.000 664.172 0.000 938.149 0.000
0.000 716.869 0.000 611.288 0.000 916.414 0.000 0.000
0.000 443.498 481.594 393.998 0.000 0.000 701.403 367.229
877.210 0.000 0.000 0.000 0.000 0.000 0.000 0.000
331.367 0.000 673.211 702.732 324.747 0.000 318.043 526.052
0.000 0.000 0.000 911.726 0.000 0.000 731.899 995.999
595.976 0.000 932.321 0.000 0.000 0.000 957.981 514.526
0.000 946.615 0.000 858.245 0.000 464.654 0.000 852.887
922.629 413.707 0.000 0.000 0.000 0.000 0.000 0.000
319.843 0.000 540.516 310.180 0.000 315.538 792.853 399.547
975.065 0.000 351.097 734.064 703.855 0.000 0.000 335.644
565.147 433.263 822.229 857.043 0.000 996.205 504.687 606.781
0.000 530.588 0.000 515.359 0.000 655.641 679.488 0.000
0.000 0.000 504.656 0.000 640.730 408.871 0.000 0.000
0.000 0.000 0.000 499.256 0.000 0.000 566.687 0.000
768.115 0.000 822.447 453.534 926.030 0.000 0.000 418.965
0.000 581.313 0.000 652.644 0.000 0.000 0.000 0.000
0.000 497.433 452.852 794.933 996.806 0.000 0.000 0.000
0.000 726.532 982.375 818.397 964.950 687.573 0.000 0.000
0.000 462.258 0.000 0.000 0.000 394.833 0.000 765.151
0.000 989.477 395.547 0.000 833.691 321.896 597.244 0.000
602.534 0.000 629.930 0.000 964.780 512.425 0.000 0.000
0.000 670.053 0.000 0.000 0.000 319.275 568.988 366.694
898.521 0.000 375.456 0.000 0.000 826.055 319.799 0.000
954.737 698.765 614.632 630.720 944.916 0.000 618.306 0.000
391.836 974.633 334.758 385.592 0.000 926.361 0.000 0.000
0.000 846.113 985.011 0.000 572.679 0.000 0.000 0.000
685.922 0.000 0.000 580.310 623.784 787.002 645.735 396.719
800.256 920.410 898.304 0.000 0.000 776.548 0.000 0.000
468.209 859.469 615.369 0.000 0.000 0.000 448.685 0.000
559.112 554.311 0.000 0.000 993.733 663.183 333.089 0.000
934.795 0.000 0.000 796.669 395.864 765.636 0.000 303.501
0.000 0.000 649.399 437.568 935.763 680.577 826.760 533.213
0.000 0.000 660.371 0.000 367.191 357.211 643.889 852.048
0.000 0.000 0.000 684.682 313.380 395.972 0.000 0.000
0.000 367.235 0.000 681.834 0.000 973.396 491.933 424.390
775.852 0.000 980.918 806.339 0.000 450.945 904.088 795.152
0.000 0.000 0.000 610.924 894.025 0.000 394.002 576.671
606.902 0.000 561.116 0.000 0.000 0.000 324.162 613.019
475.983 718.847 0.000 938.727 0.000 738.059 826.142 0.000
0.000 0.000 0.000 0.000 352.845 0.000 482.143 768.739
428.799 0.000 0.000 900.626 0.000 0.000 672.650 0.000
0.000 657.439 866.743 567.921 941.436 665.043 810.673 559.047
520.247 0.000 0.000 0.000 539.268 641.196 0.000 473.226
608.105 0.000 0.000 720.793 849.539 507.486 0.000 0.000
322.401 445.000 0.000 760.341 0.000 984.973 0.000 790.230
0.000 429.403 0.000 0.000 0.000 0.000 0.000 0.000
0.000 0.000 820.287 611.009 649.186 0.000 503.883 727.096
0.000 0.000 393.200 522.623 0.000 612.836 0.000 0.000
0.000 0.000 0.000 0.000 530.678 0.000 772.671 0.000
492.099 0.000 0.000 343.500 0.000 0.000 806.148 0.000
0.000 0.000 0.000 0.000 0.000 534.732 723.329 0.000
434.821 0.000 663.162 697.465 0.000 852.848 492.195 800.494
0.000 0.000 0.000 0.000 0.000 0.000 710.836 963.294
664.789 718.035 0.000 527.372 0.000 703.644 0.000 0.000
349.307 0.000 935.470 0.000 0.000 0.000 0.000 348.008
468.970 346.025 927.510 0.000 0.000 0.000 517.621 923.306
0.000 744.508 0.000 492.516 348.230 0.000 619.626 560.514
0.000 0.000 481.188 784.737 614.745 0.000 307.952 0.000
992.305 0.000 0.000 636.220 887.369 0.000 583.598 0.000
761.031 0.000 0.000 908.162 306.295 880.266 0.000 394.273
0.000 0.000 648.683 0.000 873.269 0.000 0.000 0.000
699.890 0.000 858.121 601.741 0.000 647.529 811.204 0.000
0.000 777.178 0.000 0.000 0.000 0.000 0.000 814.000
0.000 0.000 758.256 0.000 376.632 0.000 599.677 0.000
0.000 0.000 756.574 0.000 544.795 0.000 0.000 935.113
0.000 825.156 0.000 0.000 682.071 0.000 870.663 969.826
0.000 0.000 841.885 0.000 680.212 982.179 0.000 0.000
377.460 0.000 0.000 0.000 343.162 0.000 0.000 0.000
0.000 0.000 0.000 610.564 365.757 556.425 0.000 0.000
0.000 763.942 0.000 0.000 0.000 0.000 482.597 0.000
855.071 757.399 0.000 976.183 381.582 0.000 0.000 0.000
0.000 491.088 0.000 837.503 460.643 0.000 444.638 0.000
382.079 0.000 0.000 0.000 0.000 0.000 489.925 0.000
0.000 0.000 0.000 0.000 0.000 463.509 0.000 942.231
635.893 0.000 843.233 952.325 0.000 0.000 0.000 895.114
0.000 0.000 980.806 368.355 0.000 762.910 474.831 931.658
845.035 799.530 0.000 883.454 0.000 0.000 352.933 0.000
0.000 640.635 0.000 0.000 662.934 0.000 0.000 0.000
0.000 447.096 0.000 0.000 0.000 407.298 904.964 0.000
0.000 0.000 0.000 862.941 0.000 732.387 766.973 889.201
0.000 322.204 847.533 552.221 372.640 0.000 777.964 767.196
0.000 397.623 890.981 804.477 666.187 418.588 0.000 0.000
311.308 0.000 631.711 535.658 0.000 679.425 0.000 378.553
0.000 429.582 0.000 657.623 0.000 0.000 392.571 332.372
580.580 650.262 0.000 486.528 600.022 541.318 0.000 896.823
494.055 0.000 760.908 0.000 366.305 410.088 0.000 670.059
0.000 0.000 729.281 557.536 0.000 539.595 0.000 697.411
0.000 382.828 0.000 0.000 871.149 721.513 447.640 0.000
335.412 0.000 484.076 957.422 898.750 744.632 738.536 0.000
642.929 0.000 0.000 812.127 0.000 0.000 385.704 487.181
901.339 0.000 0.000 381.622 838.729 0.000 0.000 0.000
991.548 0.000 0.000 0.000 670.315 958.669 0.000 0.000
709.288 960.911 0.000 428.217 363.456 814.504 0.000 834.003
602.723 0.000 837.194 482.387 882.156 0.000 338.914 693.878
504.527 0.000 0.000 385.635 0.000 515.410 0.000 0.000
0.000 0.000 329.271 0.000 0.000 588.552 0.000 0.000
458.426 324.409 0.000 0.000 0.000 0.000 0.000 0.000
0.000 0.000 526.673 638.660 710.498 0.000 0.000 607.779
407.426 0.000 584.775 930.268 0.000 503.963 392.101 999.091
0.000 516.408 531.869 685.494 0.000 522.725 891.785 0.000
0.000 604.503 541.014 0.000 0.000 560.694 945.211 539.246
838.091 733.268 652.248 370.633 0.000 512.860 387.447 0.000
504.343 676.840 0.000 359.726 0.000 0.000 0.000 0.000
0.000 597.100 581.208 532.581 927.054 0.000 0.000 583.960
815.833 0.000 0.000 512.584 985.472 0.000 434.542 644.428
869.514 879.970 0.000 0.000 556.754 0.000 880.231 0.000
0.000 714.105 629.877 0.000 0.000 846.929 310.242 315.641
530.582 438.208 0.000 0.000 533.160 639.278 0.000 0.000
0.000 411.281 302.804 464.335 0.000 0.000 543.874 862.174
0.000 0.000 426.598 0.000 553.976 0.000 0.000 561.796
0.000 613.922 868.183 0.000 0.000 0.000 0.000 0.000
908.123 843.539 0.000 0.000 312.126 736.715 0.000 0.000
905.569 503.057 0.000 0.000 0.000 0.000 339.876 566.522
0.000 0.000 394.070 0.000 561.304 642.918 312.183 0.000
797.214 0.000 694.465 708.338 947.307 328.138 350.960 0.000
568.568 676.366 0.000 506.523 483.757 742.393 0.000 0.000
554.773 0.000 0.000 578.930 513.907 751.088 0.000 489.304
0.000 942.740 730.897 390.143 0.000 787.130 0.000 374.086
591.637 865.566 0.000 886.277 930.775 0.000 308.570 0.000
754.398 0.000 0.000 0.000 632.801 0.000 0.000 453.771
657.893 0.000 825.351 0.000 0.000 851.736 0.000 351.687
0.000 0.000 0.000 0.000 0.000 0.000 479.510 0.000
0.000 793.177 0.000 0.000 502.393 561.540 0.000 634.508
0.000 0.000 0.000 572.639 0.000 0.000 839.978 0.000
0.000 581.299 0.000 306.808 658.016 880.162 0.000 0.000
0.000 0.000 0.000 0.000 499.044 0.000 443.845 375.490
0.000 482.446 605.720 0.000 740.241 0.000 578.914 0.000
816.612 626.014 902.637 423.366 747.927 632.334 460.815 0.000
931.054 636.157 439.161 431.666 302.488 0.000 691.296 388.311
812.910 899.065 0.000 646.207 0.000 0.000 0.000 554.005
0.000 0.000 0.000 0.000 0.000 0.000 0.000 717.583
307.877 772.026 0.000 0.000 785.212 0.000 788.427 913.727
470.581 382.481 0.000 0.000 540.011 0.000 0.000 739.327
0.000 0.000 0.000 723.152 571.422 528.633 0.000 0.000
0.000 0.000 808.520 694.862 336.936 0.000 0.000 0.000
0.000 0.000 697.617 0.000 486.320 684.013 315.777 0.000
571.330 389.331 0.000 0.000 0.000 0.000 841.457 555.171
963.407 0.000 734.306 506.513 536.666 671.646 465.668 0.000
0.000 582.271 324.363 0.000 0.000 0.000 0.000 0.000
926.179 559.970 343.903 936.968 708.773 0.000 0.000 0.000
392.918 462.874 0.000 336.583 0.000 866.190 589.644 0.000
481.924 0.000 0.000 0.000 539.768 0.000 629.459 334.040
0.000 0.000 0.000 0.000 0.000 549.987 0.000 457.456
849.644 0.000 340.635 384.776 0.000 973.593 517.001 607.281
0.000 0.000 705.709 846.067 0.000 838.831 0.000 511.549
0.000 799.674 0.000 964.483 0.000 655.929 0.000 831.326
600.693 401.011 450.682 0.000 556.249 0.000 822.273 344.411
867.272 0.000 694.467 0.000 0.000 511.791 860.932 928.048
830.617 0.000 512.366 926.589 637.546 0.000 0.000 401.811
0.000 0.000 800.172 605.661 633.143 810.425 334.336 0.000
774.444 0.000 0.000 0.000 0.000 0.000 0.000 0.000
880.094 371.196 0.000 0.000 453.763 0.000 348.223 0.000
0.000 0.000 0.000 498.061 412.495 0.000 0.000 0.000
0.000 766.524 839.187 0.000 574.191 0.000 0.000 0.000
0.000 0.000 0.000 0.000 0.000 0.000 686.079 847.365
0.000 675.086 0.000 0.000 787.135 0.000 653.230 0.000
0.000 0.000 0.000 0.000 0.000 0.000 453.015 0.000
0.000 454.844 0.000 0.000 0.000 505.419 588.005 657.025
337.027 318.331 0.000 0.000 0.000 0.000 337.415 0.000
995.010 0.000 0.000 860.812 0.000 0.000 0.000 0.000
0.000 0.000 458.273 0.000 0.000 422.753 543.747 782.858
0.000 0.000 0.000 775.601 642.062 0.000 634.282 328.099
0.000 0.000 0.000 487.831 0.000 416.835 0.000 0.000
408.215 0.000 0.000 518.190 0.000 0.000 0.000 814.919
0.000 323.762 949.178 738.019 344.242 0.000 0.000 0.000
324.022 0.000 418.437 0.000 957.069 0.000 0.000 0.000
0.000 0.000 814.992 549.659 0.000 865.551 678.302 343.640
668.378 943.246 588.325 0.000 0.000 0.000 0.000 0.000
439.625 654.877 0.000 0.000 500.365 0.000 794.986 0.000
0.000 0.000 718.725 0.000 0.000 561.859 0.000 0.000
0.000 0.000 621.862 688.993 0.000 0.000 0.000 895.321
0.000 0.000 914.595 339.784 999.197 383.274 571.383 0.000
0.000 405.894 652.088 0.000 0.000 560.888 324.790 988.373
0.000 586.465 804.877 363.437 624.439 881.990 0.000 660.148
0.000 926.157 0.000 570.786 0.000 0.000 427.118 517.741
0.000 0.000 387.868 532.874 450.472 0.000 0.000 0.000
953.873 900.794 872.712 0.000 608.889 0.000 0.000 0.000
0.000 0.000 916.444 0.000 0.000 997.945 0.000 850.715
669.946 0.000 668.705 0.000 358.398 0.000 793.639 0.000
806.564 0.000 0.000 356.396 877.595 0.000 584.683 0.000
0.000 954.432 656.258 0.000 0.000 617.549 0.000 554.252
666.792 461.545 0.000 0.000 0.000 0.000 0.000 0.000
0.000 0.000 0.000 855.022 384.022 432.902 0.000 301.784
0.000 321.912 599.097 727.726 0.000 487.599 0.000 0.000
807.001 533.363 577.778 498.753 436.274 0.000 0.000 0.000
