847.327 0.000 493.448 544.109 521.837 886.535 332.606 0.000
394.665 0.000 663.978 711.595 787.957 710.587 485.720 0.000
0.000 0.000 844.959 855.397 0.000 710.005 402.683 994.965
803.634 657.947 819.899 0.000 0.000 0.000 440.103 0.000
343.501 422.031 0.000 830.495 0.000 469.932 748.727 0.000
0.000 0.000 599.043 716.317 629.541 0.000 0.000 628.145
0.000 0.000 828.642 905.126 0.000 825.845 0.000 0.000
305.099 0.000 703.971 0.000 528.088 503.259 0.000 0.000
717.830 0.000 0.000 0.000 429.745 0.000 0.000 0.000
708.649 0.000 704.163 0.000 0.000 0.000 0.000 0.000
786.761 546.468 417.356 363.387 621.416 0.000 0.000 712.080
947.002 0.000 0.000 669.763 0.000 0.000 0.000 857.680
0.000 833.107 0.000 0.000 732.047 455.185 0.000 792.563
0.000 406.008 303.960 0.000 0.000 675.551 885.551 520.553
324.018 574.030 0.000 488.545 313.218 805.255 840.023 774.978
911.871 0.000 0.000 0.000 0.000 847.292 678.673 0.000
525.738 0.000 616.248 0.000 0.000 0.000 0.000 998.660
0.000 0.000 653.885 401.548 0.000 671.702 652.720 712.868
797.871 920.625 0.000 763.128 826.820 0.000 976.914 0.000
0.000 501.089 0.000 0.000 0.000 0.000 395.126 0.000
473.330 450.156 0.000 793.129 546.639 0.000 0.000 330.819
570.036 383.372 0.000 0.000 859.951 0.000 795.212 748.550
399.322 406.205 0.000 0.000 964.039 0.000 0.000 314.652
0.000 0.000 843.688 323.563 827.188 674.139 856.015 0.000
725.008 505.997 0.000 0.000 996.767 0.000 375.442 758.259
0.000 0.000 0.000 596.353 0.000 918.620 380.119 0.000
0.000 0.000 0.000 743.852 0.000 0.000 952.797 386.935
845.626 936.897 627.241 0.000 0.000 0.000 711.269 667.553
619.909 385.505 0.000 0.000 0.000 942.456 348.184 0.000
0.000 937.071 715.690 507.484 550.782 757.282 808.017 0.000
342.871 0.000 0.000 0.000 514.452 0.000 0.000 0.000
0.000 0.000 0.000 0.000 570.862 600.446 392.162 0.000
0.000 0.000 0.000 0.000 0.000 483.891 470.741 922.166
653.704 990.362 403.408 733.170 0.000 0.000 0.000 0.000
714.775 0.000 747.423 0.000 410.956 0.000 495.502 682.076
0.000 0.000 884.362 0.000 0.000 921.494 0.000 0.000
0.000 0.000 592.983 910.402 0.000 0.000 0.000 0.000
678.935 0.000 0.000 925.766 363.185 0.000 0.000 0.000
0.000 649.767 719.735 769.894 884.945 0.000 0.000 497.802
0.000 0.000 378.029 306.595 0.000 344.827 0.000 995.451
0.000 0.000 375.751 948.943 0.000 684.848 560.350 0.000
0.000 0.000 0.000 582.385 0.000 443.487 756.665 635.222
0.000 0.000 815.316 596.602 482.879 395.281 448.139 924.014
0.000 377.787 0.000 377.716 960.474 0.000 0.000 0.000
0.000 0.000 0.000 0.000 847.067 863.829 0.000 912.540
0.000 0.000 0.000 857.664 856.379 860.125 0.000 807.747
0.000 797.035 0.000 0.000 0.000 0.000 798.124 972.669
897.388 0.000 0.000 700.552 0.000 373.927 0.000 0.000
0.000 346.819 0.000 879.190 0.000 0.000 677.581 953.732
0.000 0.000 525.599 980.055 0.000 515.237 0.000 730.552
0.000 465.610 0.000 938.014 719.385 316.102 860.666 0.000
319.160 0.000 587.596 0.000 0.000 851.481 433.789 0.000
0.000 341.257 790.612 319.811 0.000 0.000 975.922 952.717
0.000 374.933 573.372 0.000 0.000 0.000 732.766 0.000
0.000 759.757 0.000 725.815 0.000 698.133 0.000 412.474
759.842 0.000 504.331 0.000 599.422 0.000 473.383 805.626
912.266 932.446 0.000 0.000 697.416 424.948 0.000 827.036
0.000 0.000 466.699 376.305 0.000 0.000 967.583 0.000
767.121 384.251 0.000 343.498 0.000 0.000 0.000 0.000
991.970 695.552 0.000 0.000 0.000 859.991 617.965 0.000
0.000 0.000 713.800 0.000 625.864 0.000 876.705 474.153
0.000 0.000 832.771 307.699 909.327 426.856 0.000 463.113
0.000 0.000 0.000 0.000 0.000 0.000 890.431 0.000
870.806 670.333 748.949 0.000 363.557 0.000 833.964 754.108
994.415 0.000 0.000 0.000 0.000 999.997 927.031 0.000
624.076 0.000 0.000 0.000 0.000 909.128 0.000 0.000
0.000 571.111 0.000 397.916 0.000 0.000 612.172 834.221
513.796 582.222 0.000 555.547 0.000 0.000 0.000 379.315
0.000 0.000 0.000 883.641 466.873 789.172 651.152 804.441
553.565 0.000 963.052 0.000 0.000 580.399 0.000 615.788
799.842 383.957 0.000 0.000 742.716 634.063 0.000 0.000
0.000 533.250 799.825 0.000 380.578 948.727 361.860 0.000
365.475 447.321 533.748 907.240 897.577 850.741 0.000 374.626
482.211 883.527 866.214 507.322 776.948 0.000 939.768 0.000
0.000 419.194 687.579 907.303 0.000 0.000 0.000 322.716
0.000 0.000 0.000 0.000 800.460 352.568 0.000 0.000
0.000 706.652 0.000 491.831 0.000 0.000 310.101 0.000
319.672 0.000 0.000 667.784 0.000 588.563 0.000 0.000
0.000 0.000 0.000 660.614 946.194 0.000 0.000 600.683
0.000 0.000 0.000 563.455 640.066 0.000 843.933 0.000
0.000 0.000 0.000 648.649 0.000 0.000 0.000 778.323
426.308 0.000 0.000 731.946 0.000 766.447 0.000 0.000
805.101 0.000 669.001 0.000 0.000 0.000 508.450 590.092
0.000 0.000 0.000 580.054 604.358 603.711 0.000 0.000
615.963 0.000 0.000 0.000 601.724 0.000 0.000 0.000
0.000 979.099 0.000 971.466 757.034 852.131 821.515 0.000
709.762 347.816 0.000 0.000 626.053 837.291 0.000 684.219
849.086 692.447 389.116 0.000 0.000 570.863 334.367 344.799
0.000 0.000 895.850 0.000 0.000 972.998 474.966 787.308
0.000 381.195 0.000 0.000 483.646 0.000 0.000 765.474
623.964 0.000 847.409 675.520 420.273 0.000 760.091 0.000
0.000 0.000 976.256 0.000 0.000 812.964 927.973 0.000
0.000 0.000 0.000 703.066 984.918 0.000 904.906 0.000
757.263 0.000 0.000 0.000 744.094 384.984 871.360 0.000
501.975 0.000 0.000 475.421 819.601 0.000 0.000 0.000
739.797 0.000 0.000 0.000 0.000 737.038 626.514 722.674
312.883 805.716 0.000 610.727 756.272 0.000 956.115 0.000
895.958 0.000 647.898 797.500 0.000 0.000 451.449 711.147
962.241 939.842 0.000 605.854 0.000 392.633 353.521 771.690
693.413 0.000 370.413 909.198 0.000 494.471 623.782 891.367
0.000 0.000 897.141 906.656 645.769 562.633 0.000 703.359
0.000 0.000 328.153 715.837 0.000 798.013 0.000 973.198
798.403 382.676 0.000 0.000 917.656 0.000 0.000 0.000
970.801 661.127 563.195 0.000 754.752 0.000 350.863 0.000
0.000 0.000 422.775 0.000 0.000 0.000 0.000 0.000
0.000 778.729 821.183 0.000 0.000 417.409 0.000 609.302
0.000 0.000 0.000 821.162 0.000 865.930 973.532 0.000
0.000 914.824 381.329 863.282 590.524 0.000 0.000 0.000
0.000 0.000 0.000 790.319 888.548 0.000 583.325 0.000
0.000 691.309 652.331 382.477 689.099 0.000 0.000 0.000
984.317 417.552 871.908 637.183 734.398 0.000 0.000 0.000
0.000 414.258 837.006 0.000 665.093 883.916 0.000 325.347
412.752 0.000 0.000 391.111 812.342 722.880 421.047 0.000
0.000 869.121 0.000 440.142 433.187 787.936 0.000 325.379
305.412 781.873 0.000 0.000 333.058 0.000 0.000 0.000
800.659 547.172 849.824 774.102 0.000 0.000 533.709 415.088
0.000 0.000 0.000 0.000 363.206 390.780 887.497 0.000
0.000 0.000 0.000 495.037 750.864 753.049 0.000 975.991
0.000 0.000 395.653 315.277 496.098 0.000 359.225 0.000
0.000 901.556 862.735 0.000 0.000 0.000 558.773 0.000
0.000 512.277 574.969 0.000 686.310 0.000 358.083 0.000
0.000 0.000 0.000 313.404 0.000 0.000 0.000 0.000
0.000 783.524 895.040 0.000 0.000 0.000 0.000 0.000
0.000 385.364 0.000 0.000 396.106 0.000 0.000 833.111
0.000 326.581 0.000 0.000 0.000 622.555 0.000 687.329
0.000 0.000 320.945 383.012 0.000 462.397 507.266 0.000
0.000 754.796 427.969 301.829 0.000 590.711 914.436 0.000
0.000 850.759 425.690 0.000 428.614 0.000 851.405 374.669
0.000 0.000 342.628 0.000 0.000 763.197 642.961 363.953
386.780 0.000 0.000 0.000 728.091 0.000 704.638 0.000
0.000 0.000 366.712 311.601 0.000 959.027 645.298 0.000
503.216 0.000 0.000 934.991 0.000 0.000 0.000 952.119
0.000 0.000 0.000 837.977 0.000 0.000 549.637 957.689
373.478 377.842 0.000 398.671 0.000 394.854 0.000 0.000
0.000 941.586 0.000 626.937 338.938 666.932 0.000 628.692
0.000 0.000 302.597 333.370 0.000 364.588 0.000 672.597
871.092 424.709 0.000 591.165 844.656 580.003 0.000 0.000
793.847 0.000 0.000 0.000 0.000 363.660 0.000 479.377
0.000 0.000 0.000 455.134 0.000 0.000 0.000 795.776
0.000 0.000 955.790 0.000 0.000 0.000 673.656 535.217
980.295 0.000 0.000 947.760 427.482 655.735 0.000 583.733
479.317 799.115 0.000 0.000 0.000 0.000 709.667 950.634
0.000 375.171 701.522 0.000 0.000 527.319 0.000 0.000
842.962 993.801 0.000 0.000 0.000 682.657 0.000 0.000
453.676 904.716 0.000 0.000 615.580 0.000 583.326 985.664
765.385 745.254 309.050 0.000 0.000 0.000 386.983 0.000
0.000 964.451 0.000 788.529 654.250 0.000 848.220 657.416
0.000 629.497 0.000 0.000 0.000 0.000 0.000 0.000
0.000 506.116 577.835 304.033 0.000 0.000 520.034 442.731
735.318 582.676 511.269 0.000 872.943 600.749 0.000 448.083
610.405 0.000 0.000 0.000 712.421 0.000 0.000 0.000
0.000 990.531 686.334 389.146 0.000 300.928 0.000 504.810
0.000 765.141 0.000 487.965 0.000 578.110 847.061 0.000
313.789 722.223 0.000 513.292 762.833 330.848 911.178 578.933
0.000 758.049 0.000 849.641 663.561 901.314 0.000 331.741
0.000 957.170 0.000 548.824 417.536 358.740 0.000 0.000
425.950 620.983 0.000 0.000 0.000 0.000 952.114 345.089
0.000 796.151 0.000 0.000 0.000 879.348 0.000 897.297
921.717 451.514 0.000 839.482 410.201 0.000 305.139 541.118
0.000 0.000 594.177 969.453 551.013 0.000 478.926 0.000
915.430 0.000 0.000 0.000 584.232 866.454 777.791 825.442
0.000 0.000 608.504 0.000 436.338 472.908 0.000 0.000
534.498 472.428 432.222 0.000 480.792 0.000 0.000 0.000
993.406 532.476 863.736 471.546 923.444 0.000 416.529 922.434
740.889 0.000 0.000 997.800 0.000 986.965 0.000 0.000
844.831 0.000 0.000 0.000 0.000 0.000 0.000 343.340
0.000 0.000 631.390 0.000 0.000 0.000 0.000 0.000
493.136 0.000 883.680 0.000 0.000 976.050 0.000 0.000
0.000 593.645 0.000 746.531 0.000 651.338 0.000 0.000
800.369 0.000 996.069 0.000 498.314 496.276 0.000 0.000
420.951 406.969 0.000 0.000 0.000 0.000 468.081 0.000
0.000 0.000 425.657 0.000 504.360 0.000 760.612 0.000
463.537 0.000 989.951 0.000 0.000 0.000 0.000 0.000
0.000 734.932 784.036 791.281 0.000 638.790 0.000 622.542
458.727 0.000 0.000 0.000 0.000 702.652 900.178 0.000
0.000 569.991 783.763 0.000 0.000 554.144 0.000 0.000
953.383 559.100 985.007 965.463 0.000 0.000 775.050 0.000
336.486 785.959 460.807 0.000 0.000 748.217 0.000 0.000
502.563 0.000 0.000 752.178 381.267 0.000 867.861 0.000
0.000 996.495 0.000 538.111 0.000 344.954 0.000 742.610
740.825 0.000 473.662 0.000 0.000 0.000 773.700 0.000
545.774 619.501 684.650 0.000 0.000 915.169 0.000 0.000
0.000 453.682 0.000 713.377 453.708 927.142 0.000 0.000
0.000 0.000 823.813 0.000 860.143 472.673 685.575 0.000
0.000 790.306 675.779 0.000 0.000 0.000 0.000 489.471
0.000 832.229 0.000 326.520 0.000 911.387 319.406 0.000
0.000 0.000 910.876 545.140 0.000 778.979 0.000 0.000
0.000 364.393 0.000 973.036 621.320 0.000 511.567 604.735
656.700 0.000 779.339 655.308 362.208 310.626 665.971 734.468
453.733 0.000 0.000 752.163 0.000 0.000 0.000 0.000
841.159 553.035 0.000 665.638 316.328 941.818 0.000 701.132
794.737 433.429 934.443 540.679 0.000 0.000 0.000 0.000
419.457 0.000 0.000 0.000 933.940 0.000 0.000 302.285
0.000 655.556 515.167 725.517 0.000 644.908 590.714 444.880
410.166 522.052 835.495 0.000 392.216 0.000 0.000 701.919
0.000 712.543 955.446 0.000 926.784 531.519 0.000 0.000
404.438 0.000 0.000 0.000 0.000 0.000 863.520 0.000
458.730 757.194 726.339 0.000 353.231 371.901 0.000 0.000
0.000 0.000 673.142 407.482 0.000 523.660 499.521 0.000
0.000 0.000 727.303 618.754 0.000 0.000 0.000 724.717
0.000 0.000 0.000 0.000 539.930 375.879 0.000 0.000
460.504 0.000 658.598 0.000 0.000 0.000 630.431 0.000
684.653 0.000 0.000 0.000 406.652 0.000 630.638 0.000
350.535 853.367 752.257 506.600 362.018 337.865 0.000 714.076
0.000 0.000 990.650 0.000 0.000 835.746 978.854 0.000
332.916 393.923 848.670 853.383 412.961 301.001 466.088 0.000
700.801 346.731 0.000 0.000 0.000 704.632 0.000 825.032
922.279 0.000 0.000 0.000 908.178 0.000 956.942 0.000
0.000 804.050 0.000 0.000 0.000 841.430 0.000 0.000
330.112 509.506 460.367 0.000 0.000 0.000 0.000 322.598
603.609 625.658 665.740 757.139 982.342 0.000 666.395 0.000
0.000 446.081 887.706 367.302 0.000 0.000 0.000 619.084
0.000 0.000 0.000 0.000 0.000 0.000 506.533 588.773
667.140 512.919 595.602 998.769 333.027 0.000 763.025 0.000
0.000 632.613 0.000 0.000 860.148 0.000 378.689 367.921
860.977 0.000 863.561 307.760 0.000 330.208 0.000 318.490
0.000 0.000 0.000 646.800 449.112 625.514 742.396 847.868
474.876 552.778 480.524 0.000 0.000 713.626 947.109 0.000
0.000 0.000 0.000 0.000 767.938 382.992 472.568 853.167
800.590 0.000 825.480 0.000 857.608 690.042 625.523 0.000
0.000 759.181 0.000 678.431 0.000 0.000 895.459 846.874
411.674 830.562 476.113 0.000 0.000 0.000 0.000 0.000
0.000 0.000 725.945 0.000 0.000 430.420 0.000 407.402
484.074 0.000 847.967 0.000 0.000 629.352 594.474 0.000
0.000 0.000 651.251 0.000 0.000 445.250 588.893 0.000
0.000 626.359 0.000 400.135 569.434 480.518 810.293 564.386
454.281 797.359 359.901 0.000 382.228 965.929 506.616 891.195
0.000 448.341 360.999 0.000 917.508 0.000 0.000 0.000
0.000 548.169 320.604 746.981 0.000 0.000 0.000 920.497
0.000 0.000 0.000 0.000 0.000 396.399 0.000 585.750
614.921 0.000 777.407 0.000 763.798 571.164 779.664 458.561
0.000 0.000 899.489 681.062 618.247 0.000 0.000 935.275
0.000 0.000 0.000 540.166 0.000 837.269 0.000 0.000
0.000 782.000 642.156 918.315 489.601 0.000 632.857 0.000
0.000 708.955 381.797 679.079 926.119 0.000 0.000 769.302
539.636 0.000 0.000 522.142 0.000 0.000 0.000 0.000
797.735 0.000 0.000 520.339 380.257 0.000 819.406 661.019
0.000 0.000 0.000 892.764 814.602 548.977 414.962 476.917
0.000 0.000 816.399 0.000 0.000 702.601 0.000 679.513
0.000 0.000 366.296 0.000 312.285 470.744 778.439 0.000
635.859 638.809 842.572 0.000 473.332 0.000 0.000 682.214
772.677 0.000 0.000 865.501 0.000 911.545 926.587 528.960
0.000 0.000 338.032 483.505 0.000 0.000 850.227 455.843
0.000 0.000 0.000 353.598 829.745 0.000 0.000 0.000
764.074 0.000 574.979 833.630 0.000 391.144 0.000 855.952
524.307 0.000 0.000 856.364 560.264 0.000 964.851 0.000
647.373 677.689 842.582 0.000 507.678 0.000 697.214 0.000
761.537 407.945 720.904 0.000 575.781 476.274 448.084 609.818
584.058 685.367 950.515 438.267 0.000 856.895 0.000 0.000
971.278 708.828 0.000 941.799 611.433 0.000 336.064 556.700
882.236 574.480 0.000 0.000 0.000 0.000 537.372 0.000
0.000 937.350 955.226 675.154 0.000 547.066 0.000 515.652
0.000 343.283 0.000 0.000 606.588 0.000 606.550 0.000
807.085 0.000 695.129 0.000 0.000 991.202 875.701 0.000
0.000 945.035 0.000 0.000 0.000 493.305 783.156 305.295
481.491 0.000 0.000 666.919 0.000 659.272 363.761 0.000
652.528 480.772 0.000 0.000 908.527 0.000 0.000 0.000
0.000 634.003 848.096 0.000 0.000 381.165 0.000 881.064
0.000 0.000 0.000 397.433 0.000 0.000 0.000 0.000
514.700 0.000 941.879 380.279 831.554 0.000 0.000 0.000
0.000 0.000 0.000 0.000 601.023 582.504 650.241 677.812
0.000 0.000 0.000 0.000 0.000 835.226 0.000 0.000
0.000 916.944 0.000 0.000 370.547 0.000 0.000 0.000
969.759 476.341 0.000 503.038 982.759 582.824 839.214 0.000
0.000 0.000 0.000 871.290 0.000 384.586 380.679 0.000
837.818 0.000 568.615 0.000 0.000 439.081 0.000 762.040
0.000 0.000 717.406 380.369 900.439 483.022 0.000 0.000
0.000 404.593 0.000 0.000 365.923 0.000 699.287 560.138
0.000 0.000 993.052 0.000 817.110 0.000 764.833 0.000
494.184 483.569 0.000 489.528 375.992 0.000 0.000 824.249
0.000 496.237 827.581 0.000 681.053 652.083 963.001 745.434
0.000 440.252 0.000 0.000 0.000 0.000 389.983 0.000
0.000 0.000 368.563 935.192 645.290 471.316 0.000 728.414
396.312 0.000 432.436 0.000 937.977 493.516 891.765 0.000
0.000 764.151 0.000 0.000 0.000 440.958 301.533 921.996
0.000 0.000 602.472 409.020 543.835 940.605 0.000 0.000
525.566 826.418 936.215 592.784 986.433 0.000 781.012 0.000
853.759 781.926 0.000 827.687 582.091 706.062 563.926 602.341
951.521 0.000 386.825 716.175 665.886 0.000 414.157 950.276
0.000 809.228 0.000 0.000 581.817 0.000 0.000 713.413
0.000 902.705 0.000 692.890 355.659 554.392 761.544 628.277
919.198 349.913 759.163 898.412 859.379 0.000 0.000 0.000
536.807 0.000 589.795 0.000 0.000 0.000 0.000 0.000
376.174 609.279 368.590 0.000 517.655 513.850 593.980 805.261
0.000 439.337 984.634 0.000 725.660 338.566 353.710 0.000
0.000 611.663 497.306 0.000 558.499 661.943 0.000 0.000
568.472 784.270 0.000 774.890 935.063 0.000 0.000 0.000
0.000 542.650 0.000 500.525 0.000 0.000 905.260 0.000
448.376 369.465 0.000 770.211 0.000 582.153 979.422 0.000
0.000 955.916 818.242 0.000 0.000 0.000 0.000 988.464
0.000 0.000 0.000 330.997 0.000 0.000 771.858 0.000
829.876 0.000 446.536 0.000 308.262 861.813 0.000 496.074
794.828 321.431 866.470 0.000 996.120 589.344 626.852 414.447
0.000 0.000 480.891 0.000 805.908 471.863 922.099 0.000
0.000 0.000 496.975 0.000 0.000 0.000 791.767 0.000
511.538 0.000 0.000 947.289 0.000 354.971 0.000 661.758
422.809 842.894 670.611 0.000 428.200 420.418 770.641 740.116
0.000 582.746 768.341 0.000 0.000 385.658 0.000 0.000
887.371 0.000 698.210 531.413 0.000 0.000 681.957 0.000
613.559 0.000 0.000 0.000 0.000 0.000 636.946 0.000
635.613 657.943 543.978 0.000 649.571 963.829 634.126 0.000
0.000 0.000 831.111 0.000 0.000 895.451 386.384 0.000
0.000 0.000 0.000 853.206 936.086 979.185 681.743 973.298
0.000 0.000 310.384 613.960 806.051 0.000 798.836 688.257
0.000 0.000 0.000 532.733 0.000 0.000 644.160 533.281
0.000 936.093 907.637 0.000 751.662 452.540 329.289 0.000
443.229 991.639 0.000 0.000 0.000 975.448 0.000 0.000
760.923 0.000 0.000 645.523 443.393 655.098 979.731 927.637
864.925 0.000 718.004 0.000 0.000 0.000 0.000 339.039
0.000 617.509 571.629 535.518 0.000 943.665 0.000 0.000
329.664 0.000 0.000 773.222 0.000 708.895 0.000 509.686
920.105 0.000 476.458 0.000 0.000 951.164 0.000 729.559
481.972 512.709 496.913 0.000 0.000 0.000 0.000 0.000
0.000 0.000 0.000 0.000 966.047 0.000 0.000 0.000
836.818 940.420 470.178 0.000 0.000 0.000 729.442 0.000
0.000 0.000 0.000 0.000 0.000 866.509 0.000 614.376
971.808 0.000 801.585 379.869 0.000 0.000 0.000 0.000
0.000 0.000 713.642 765.865 0.000 942.078 0.000 829.541
852.192 0.000 0.000 742.264 907.803 318.019 0.000 735.393
0.000 0.000 0.000 0.000 778.477 592.214 0.000 0.000
847.942 0.000 413.294 655.239 0.000 0.000 739.203 937.352
634.747 0.000 526.764 0.000 0.000 373.684 0.000 972.335
0.000 968.538 997.614 0.000 0.000 628.504 0.000 359.126
0.000 0.000 0.000 543.227 673.821 694.361 0.000 562.742
0.000 0.000 493.422 525.188 0.000 0.000 0.000 367.331
0.000 0.000 818.509 942.379 397.075 567.409 0.000 0.000
0.000 958.657 864.955 553.602 0.000 0.000 636.077 714.226
489.224 909.547 0.000 880.681 0.000 356.374 0.000 0.000
0.000 974.916 341.143 0.000 0.000 830.833 0.000 839.045
0.000 796.158 399.041 543.054 422.693 539.945 0.000 319.903
875.918 338.948 0.000 0.000 704.912 600.207 336.803 614.118
972.835 0.000 407.060 0.000 0.000 0.000 0.000 0.000
0.000 0.000 575.298 0.000 0.000 0.000 700.081 647.693
0.000 0.000 0.000 579.128 0.000 0.000 0.000 0.000
0.000 0.000 797.681 0.000 434.497 0.000 0.000 801.836
0.000 0.000 427.514 466.603 571.525 0.000 397.553 0.000
0.000 0.000 0.000 349.791 0.000 0.000 0.000 0.000
953.187 780.243 590.344 0.000 0.000 904.492 0.000 965.476
0.000 0.000 682.994 384.211 490.088 313.948 0.000 0.000
0.000 500.520 0.000 0.000 376.283 904.575 0.000 0.000
595.287 0.000 0.000 0.000 347.027 0.000 977.595 0.000
0.000 407.515 0.000 349.058 307.098 860.768 807.456 766.324
574.284 0.000 0.000 0.000 627.533 0.000 0.000 0.000
0.000 0.000 940.346 669.641 500.647 0.000 0.000 754.809
379.869 0.000 828.307 560.946 989.498 382.793 969.585 436.765
0.000 470.045 0.000 508.978 582.769 0.000 0.000 338.488
0.000 0.000 516.778 0.000 694.809 0.000 0.000 960.314
879.179 691.379 0.000 0.000 0.000 603.040 595.864 0.000
0.000 0.000 662.187 0.000 827.223 0.000 0.000 0.000
0.000 333.521 0.000 0.000 0.000 992.982 0.000 858.106
0.000 709.362 773.161 853.213 0.000 0.000 759.516 543.086
544.600 553.123 0.000 0.000 0.000 728.733 992.722 790.995
857.703 739.550 703.096 0.000 692.720 0.000 0.000 803.539
708.373 962.937 0.000 0.000 935.192 952.552 0.000 968.565
0.000 606.356 0.000 856.870 726.753 0.000 0.000 652.491
952.093 0.000 0.000 596.898 0.000 684.526 729.135 0.000
689.835 0.000 0.000 0.000 0.000 0.000 413.748 0.000
0.000 396.074 0.000 812.973 569.966 728.436 439.667 0.000
0.000 0.000 0.000 0.000 481.903 0.000 0.000 815.066
0.000 827.715 0.000 0.000 0.000 0.000 658.428 573.580
513.483 0.000 854.501 0.000 985.055 0.000 300.316 616.520
301.824 0.000 0.000 0.000 0.000 682.124 516.899 0.000
0.000 0.000 339.940 303.786 0.000 0.000 797.237 768.634
357.192 0.000 650.984 919.971 454.156 670.223 0.000 328.497
0.000 0.000 0.000 0.000 627.429 0.000 0.000 0.000
0.000 458.531 991.788 575.293 410.485 0.000 869.020 0.000
952.713 0.000 0.000 661.943 979.148 760.866 0.000 0.000
879.120 725.895 530.542 620.599 891.495 838.092 679.783 868.735
347.235 0.000 0.000 324.066 0.000 0.000 716.081 0.000
0.000 0.000 0.000 714.295 990.148 751.670 418.629 0.000
873.978 0.000 0.000 513.421 834.876 425.500 604.169 0.000
908.308 861.737 556.156 0.000 720.780 0.000 0.000 733.730
806.674 987.835 0.000 0.000 866.528 901.761 0.000 0.000
0.000 972.133 0.000 0.000 756.332 0.000 0.000 718.727
895.339 797.716 620.919 620.292 0.000 0.000 0.000 0.000
0.000 722.670 0.000 0.000 0.000 448.430 446.978 837.672
746.541 0.000 0.000 0.000 0.000 668.066 380.363 0.000
0.000 0.000 0.000 622.296 0.000 520.245 516.769 0.000
405.118 0.000 722.178 436.147 796.691 0.000 0.000 462.436
957.207 0.000 0.000 813.896 683.456 520.619 0.000 0.000
0.000 0.000 454.597 0.000 0.000 0.000 0.000 0.000
870.351 0.000 921.201 381.922 823.985 884.816 567.453 0.000
773.744 0.000 588.653 0.000 704.014 0.000 930.515 338.193
0.000 0.000 0.000 980.538 0.000 550.261 0.000 526.064
474.982 0.000 0.000 683.470 387.879 695.026 0.000 519.771
716.381 0.000 326.792 0.000 844.575 398.268 893.719 410.462
0.000 0.000 0.000 448.029 417.858 0.000 0.000 0.000
0.000 0.000 365.927 0.000 0.000 0.000 0.000 752.520
784.388 0.000 745.361 594.977 850.819 0.000 0.000 0.000
849.016 0.000 703.357 0.000 426.350 0.000 842.832 0.000
390.643 0.000 0.000 503.886 0.000 743.061 0.000 775.770
0.000 778.885 0.000 568.961 777.067 0.000 550.065 0.000
0.000 743.800 482.699 0.000 0.000 993.098 0.000 0.000
0.000 0.000 0.000 398.951 0.000 0.000 525.786 892.307
0.000 0.000 335.677 611.686 842.994 840.955 720.764 516.888
378.118 0.000 582.997 630.849 0.000 410.682 0.000 0.000
581.017 0.000 873.383 0.000 0.000 454.446 0.000 754.785
0.000 0.000 0.000 0.000 0.000 680.970 732.483 0.000
0.000 562.034 0.000 0.000 0.000 713.859 0.000 0.000
0.000 0.000 0.000 0.000 0.000 0.000 701.123 0.000
0.000 904.584 0.000 794.591 0.000 918.944 697.485 921.330
0.000 728.749 577.109 0.000 528.049 474.009 0.000 0.000
0.000 0.000 416.587 0.000 757.679 732.082 429.528 0.000
0.000 734.126 0.000 0.000 0.000 984.118 774.057 630.518
0.000 954.139 844.522 0.000 0.000 605.392 982.130 629.821
0.000 0.000 0.000 0.000 0.000 0.000 0.000 447.040
0.000 0.000 786.981 0.000 0.000 0.000 0.000 0.000
459.996 759.439 0.000 0.000 405.902 0.000 985.583 726.113
0.000 0.000 0.000 0.000 400.044 0.000 0.000 0.000
393.482 0.000 0.000 672.047 0.000 616.145 681.663 0.000
0.000 875.798 675.815 716.539 678.138 620.390 802.043 0.000
0.000 348.805 406.189 0.000 958.686 0.000 0.000 0.000
425.795 705.609 508.168 692.792 397.605 0.000 798.885 447.816
0.000 500.532 433.316 613.131 475.940 0.000 937.999 0.000
321.122 0.000 844.783 464.176 817.790 322.447 914.981 0.000
715.932 828.927 0.000 0.000 885.821 0.000 626.562 0.000
0.000 0.000 851.053 0.000 0.000 359.280 800.562 0.000
0.000 673.961 313.297 676.378 0.000 333.592 447.203 0.000
0.000 0.000 758.302 0.000 0.000 628.583 919.662 911.356
927.428 0.000 589.015 961.616 0.000 339.992 328.627 0.000
0.000 0.000 0.000 623.031 0.000 476.276 628.928 629.083
641.689 0.000 0.000 0.000 525.508 0.000 508.820 360.973
817.153 535.764 343.369 0.000 0.000 743.137 0.000 316.130
573.163 819.671 0.000 0.000 0.000 0.000 648.890 508.800
680.414 828.373 434.471 433.033 0.000 0.000 796.139 482.572
0.000 0.000 0.000 0.000 0.000 632.775 471.628 928.508
0.000 0.000 0.000 313.979 679.813 0.000 0.000 0.000
0.000 635.136 0.000 0.000 929.811 919.775 0.000 0.000
0.000 455.348 0.000 490.186 0.000 0.000 0.000 381.521
545.780 0.000 0.000 415.315 0.000 0.000 0.000 874.729
372.453 841.349 0.000 0.000 713.913 0.000 0.000 931.119
726.184 817.638 0.000 0.000 960.859 674.653 0.000 402.923
0.000 0.000 0.000 580.231 0.000 394.457 888.241 446.271
0.000 0.000 772.815 0.000 0.000 0.000 0.000 0.000
0.000 808.395 608.638 0.000 640.853 317.204 0.000 870.333
0.000 483.445 0.000 0.000 832.027 677.310 0.000 417.566
854.278 0.000 0.000 0.000 0.000 480.626 389.768 847.529
890.161 0.000 832.470 494.743 561.828 0.000 970.181 861.709
984.464 391.034 849.479 645.057 0.000 312.388 661.492 912.814
360.384 0.000 780.809 599.641 0.000 485.437 0.000 0.000
985.687 664.871 671.808 674.388 0.000 458.462 600.646 0.000
972.495 365.742 588.622 654.539 639.970 813.323 396.193 745.503
867.248 0.000 0.000 993.123 0.000 0.000 999.246 0.000
0.000 0.000 773.658 0.000 666.601 0.000 872.269 861.229
0.000 533.585 425.881 807.878 0.000 0.000 637.013 377.386
0.000 0.000 0.000 0.000 0.000 0.000 0.000 861.392
463.392 0.000 0.000 942.047 344.654 0.000 673.750 420.675
0.000 759.408 779.075 454.744 0.000 949.895 976.767 0.000
446.200 0.000 332.864 0.000 0.000 677.867 692.599 868.335
0.000 513.340 728.150 0.000 0.000 542.387 0.000 483.624
873.043 0.000 0.000 781.850 0.000 0.000 0.000 0.000
439.969 592.425 682.807 502.746 465.655 905.727 0.000 0.000
332.766 0.000 680.462 0.000 343.384 495.740 562.007 0.000
0.000 0.000 0.000 0.000 0.000 0.000 775.024 0.000
449.673 919.415 0.000 0.000 0.000 555.151 944.291 0.000
641.894 370.850 0.000 851.981 590.037 0.000 0.000 0.000
0.000 504.383 960.689 0.000 0.000 909.390 0.000 0.000
0.000 934.694 0.000 972.972 0.000 993.471 0.000 0.000
0.000 469.233 0.000 868.346 0.000 0.000 0.000 928.807
0.000 911.255 508.704 318.083 0.000 423.221 0.000 436.317
933.494 0.000 590.137 0.000 0.000 0.000 0.000 0.000
0.000 705.614 0.000 0.000 887.110 647.384 524.751 673.998
850.385 849.260 743.223 831.646 448.853 787.575 639.536 0.000
0.000 0.000 0.000 0.000 462.291 389.176 0.000 0.000
322.826 742.697 0.000 419.748 0.000 0.000 317.255 0.000
733.228 0.000 0.000 553.777 0.000 669.189 0.000 0.000
670.096 692.307 0.000 777.116 950.551 396.410 352.693 552.665
0.000 0.000 818.523 0.000 753.777 745.793 0.000 0.000
0.000 408.343 0.000 803.917 859.731 0.000 0.000 422.974
0.000 0.000 572.548 993.097 623.899 891.110 0.000 866.887
0.000 551.119 863.765 0.000 874.288 975.418 0.000 0.000
761.588 0.000 544.232 0.000 925.879 0.000 0.000 0.000
666.261 0.000 990.219 751.114 0.000 979.841 0.000 331.188
0.000 716.913 0.000 0.000 0.000 463.756 0.000 747.145
874.657 0.000 0.000 547.775 0.000 715.172 317.204 513.242
0.000 0.000 0.000 0.000 0.000 590.501 764.125 942.369
0.000 0.000 0.000 0.000 893.874 0.000 0.000 365.544
0.000 680.907 490.959 0.000 430.046 0.000 940.356 891.572
0.000 0.000 0.000 446.432 0.000 0.000 0.000 923.780
801.318 479.683 922.917 0.000 518.224 0.000 318.604 0.000
989.887 0.000 867.750 0.000 0.000 599.309 0.000 378.123
861.701 0.000 993.849 0.000 0.000 0.000 802.396 464.133
308.579 850.551 0.000 0.000 0.000 0.000 321.434 0.000
738.710 786.035 344.538 0.000 0.000 750.082 696.734 0.000
0.000 0.000 623.185 501.859 0.000 664.971 553.538 0.000
0.000 0.000 0.000 394.654 939.902 804.444 563.369 869.866
744.595 540.683 317.823 0.000 478.924 894.076 788.177 0.000
0.000 0.000 387.237 368.424 781.957 0.000 0.000 600.600
732.277 0.000 749.032 817.748 0.000 0.000 0.000 0.000
327.701 0.000 912.123 527.300 0.000 0.000 670.623 0.000
0.000 919.914 0.000 0.000 0.000 798.840 0.000 0.000
0.000 754.947 746.424 0.000 0.000 896.098 0.000 319.607
0.000 871.804 877.820 709.697 0.000 840.464 0.000 826.326
0.000 626.511 0.000 834.934 0.000 0.000 427.094 652.265
0.000 639.371 0.000 0.000 0.000 0.000 797.428 0.000
0.000 761.060 0.000 0.000 662.839 0.000 0.000 0.000
995.968 628.234 368.022 377.854 0.000 359.907 0.000 763.526
0.000 0.000 735.583 320.496 0.000 525.596 413.541 0.000
985.010 0.000 0.000 0.000 0.000 578.043 0.000 0.000
0.000 0.000 838.070 361.864 0.000 0.000 738.258 640.431
