881.818 781.931 0.000 0.000 0.000 0.000 0.000 598.989
0.000 307.361 0.000 0.000 0.000 0.000 0.000 815.822
0.000 526.547 0.000 444.467 0.000 0.000 331.384 0.000
0.000 647.843 0.000 636.292 725.760 0.000 584.142 470.383
544.484 942.535 499.229 0.000 592.226 0.000 0.000 912.087
0.000 730.826 382.746 0.000 924.443 678.833 0.000 0.000
378.654 0.000 0.000 0.000 663.757 444.743 736.138 0.000
0.000 0.000 411.968 310.629 509.242 522.600 646.984 925.213
0.000 0.000 485.117 698.036 542.694 773.542 0.000 825.412
406.057 482.943 683.293 998.026 810.569 0.000 0.000 690.474
939.142 375.722 703.558 322.743 0.000 0.000 315.932 954.754
0.000 619.380 603.094 870.976 0.000 0.000 0.000 829.881
0.000 384.108 887.988 866.335 0.000 418.606 786.663 653.845
921.351 0.000 0.000 428.840 0.000 987.071 348.827 380.008
0.000 0.000 304.711 0.000 0.000 0.000 970.925 612.799
0.000 0.000 843.469 895.021 0.000 347.129 0.000 344.430
0.000 746.777 0.000 513.718 0.000 0.000 0.000 577.248
971.114 600.881 0.000 522.581 0.000 0.000 0.000 0.000
0.000 396.573 647.277 0.000 0.000 0.000 0.000 0.000
788.682 0.000 400.680 0.000 0.000 495.761 588.573 0.000
0.000 425.822 767.735 0.000 537.222 0.000 0.000 0.000
865.127 0.000 886.570 986.879 882.533 420.312 969.679 0.000
793.750 821.060 0.000 726.115 0.000 0.000 677.776 988.966
0.000 0.000 0.000 842.812 321.583 0.000 0.000 0.000
0.000 834.843 843.718 567.551 924.116 0.000 920.381 0.000
0.000 0.000 0.000 836.871 403.454 0.000 566.070 721.414
0.000 568.370 0.000 0.000 0.000 0.000 0.000 0.000
431.202 0.000 0.000 0.000 932.575 862.697 445.438 0.000
319.618 0.000 483.391 0.000 885.653 935.502 0.000 0.000
0.000 965.413 671.317 0.000 0.000 0.000 0.000 361.300
0.000 771.454 392.273 546.255 501.482 822.248 520.198 0.000
393.798 992.123 917.132 860.937 0.000 849.029 0.000 0.000
0.000 465.247 612.518 815.407 857.099 680.849 0.000 0.000
758.556 968.265 0.000 0.000 0.000 0.000 686.956 915.385
785.816 948.807 616.660 798.892 819.460 771.802 388.038 408.384
383.777 0.000 0.000 0.000 994.827 626.499 0.000 0.000
963.198 651.050 316.464 0.000 0.000 908.486 0.000 0.000
744.112 0.000 596.794 0.000 0.000 774.953 0.000 0.000
910.384 0.000 494.024 733.831 0.000 0.000 0.000 881.109
0.000 0.000 824.712 345.586 0.000 797.505 0.000 505.859
0.000 975.023 819.730 953.690 891.660 0.000 0.000 0.000
404.928 368.014 705.816 490.083 382.774 779.140 479.381 369.535
0.000 669.767 561.941 585.483 0.000 0.000 453.756 977.273
0.000 917.366 0.000 0.000 0.000 431.390 0.000 964.296
448.257 0.000 837.714 0.000 771.749 701.511 873.251 0.000
0.000 0.000 0.000 314.594 0.000 720.496 830.693 805.620
640.368 0.000 0.000 301.904 0.000 454.070 0.000 570.990
872.764 655.208 0.000 523.696 0.000 0.000 627.482 757.401
0.000 888.875 0.000 360.039 528.705 0.000 0.000 772.555
0.000 943.858 566.585 0.000 987.349 312.663 0.000 0.000
681.295 446.306 726.990 760.002 0.000 432.875 782.688 828.902
0.000 491.318 0.000 462.601 849.988 0.000 0.000 0.000
899.757 597.998 363.252 0.000 491.784 0.000 0.000 902.126
359.150 303.391 646.282 0.000 0.000 519.334 993.864 0.000
502.167 762.617 0.000 458.009 741.676 0.000 0.000 752.882
498.073 840.044 410.441 0.000 0.000 0.000 679.567 0.000
568.340 0.000 0.000 653.478 591.430 0.000 524.903 887.940
329.214 0.000 395.017 499.609 505.581 0.000 0.000 0.000
0.000 0.000 467.349 0.000 0.000 500.346 0.000 0.000
0.000 994.310 905.590 659.412 0.000 402.811 748.898 0.000
643.624 0.000 0.000 0.000 982.608 397.157 0.000 844.306
495.847 0.000 0.000 0.000 961.092 0.000 0.000 378.112
322.021 600.737 0.000 456.532 0.000 535.507 0.000 703.193
0.000 660.261 0.000 0.000 0.000 0.000 0.000 759.449
644.926 0.000 0.000 0.000 845.020 0.000 933.875 0.000
0.000 0.000 0.000 0.000 0.000 0.000 0.000 763.922
493.749 383.168 0.000 0.000 919.231 711.453 0.000 671.217
0.000 0.000 817.387 0.000 0.000 0.000 496.351 0.000
0.000 0.000 0.000 585.510 922.263 535.793 729.643 0.000
0.000 621.601 0.000 386.070 0.000 599.757 0.000 0.000
0.000 453.460 546.061 943.158 637.122 327.509 983.374 719.385
0.000 843.392 723.542 0.000 575.610 539.335 0.000 0.000
596.043 0.000 831.480 0.000 0.000 813.395 0.000 927.394
0.000 0.000 545.903 675.746 877.115 0.000 665.091 0.000
881.957 0.000 0.000 0.000 398.473 675.438 0.000 0.000
910.014 0.000 0.000 417.203 0.000 916.236 0.000 0.000
0.000 0.000 565.012 0.000 0.000 946.531 0.000 0.000
0.000 0.000 0.000 0.000 874.959 0.000 0.000 0.000
304.638 0.000 376.371 926.208 863.088 0.000 433.163 0.000
0.000 979.151 0.000 0.000 0.000 0.000 0.000 772.926
956.520 0.000 524.453 0.000 591.707 777.322 802.993 980.290
0.000 978.338 536.760 0.000 480.029 466.791 0.000 0.000
0.000 0.000 717.479 396.111 972.477 0.000 938.302 0.000
0.000 697.003 0.000 519.321 509.499 884.851 683.751 458.434
909.769 351.780 0.000 0.000 425.134 0.000 900.293 0.000
946.988 0.000 0.000 0.000 795.067 562.977 947.131 981.869
0.000 0.000 0.000 435.741 566.662 0.000 405.184 0.000
0.000 0.000 446.271 766.822 933.749 0.000 0.000 634.926
310.573 0.000 0.000 0.000 0.000 491.660 319.714 0.000
424.773 0.000 469.523 0.000 849.681 0.000 0.000 0.000
510.626 305.081 911.464 0.000 760.163 0.000 832.554 797.867
0.000 334.873 986.206 0.000 0.000 395.984 0.000 438.570
0.000 465.824 374.787 0.000 427.649 946.205 0.000 0.000
321.299 795.596 0.000 544.777 0.000 0.000 0.000 0.000
781.964 0.000 691.078 0.000 744.403 0.000 0.000 0.000
397.188 648.355 605.908 543.834 0.000 0.000 591.262 611.681
0.000 748.639 836.405 0.000 947.784 0.000 491.100 0.000
0.000 365.429 302.143 842.243 701.203 0.000 481.255 0.000
0.000 732.066 958.554 643.238 0.000 969.402 465.599 0.000
0.000 813.525 352.368 0.000 632.186 0.000 709.680 660.842
390.082 0.000 0.000 0.000 0.000 884.101 0.000 383.181
978.953 360.725 434.184 0.000 0.000 0.000 0.000 401.846
407.768 764.338 0.000 0.000 620.733 0.000 478.206 858.650
0.000 0.000 0.000 322.269 905.963 0.000 519.523 692.565
577.671 692.216 0.000 0.000 0.000 0.000 487.573 419.111
0.000 0.000 312.818 0.000 307.204 593.746 782.900 779.530
478.029 0.000 823.518 730.803 0.000 881.891 0.000 0.000
359.041 0.000 0.000 0.000 615.401 0.000 0.000 757.567
0.000 0.000 0.000 476.364 354.735 0.000 643.289 893.570
0.000 904.254 0.000 499.859 0.000 0.000 403.540 816.099
424.759 935.152 0.000 882.512 0.000 838.099 0.000 0.000
0.000 0.000 0.000 0.000 665.962 687.740 0.000 0.000
681.546 500.108 753.474 456.863 325.750 522.534 931.968 0.000
515.560 0.000 0.000 0.000 552.795 0.000 575.710 0.000
400.553 0.000 359.357 0.000 795.978 0.000 747.860 0.000
0.000 367.857 738.813 0.000 428.476 875.171 310.145 0.000
0.000 996.335 0.000 878.933 0.000 621.358 0.000 0.000
0.000 997.838 0.000 0.000 985.818 0.000 369.138 0.000
0.000 0.000 618.589 720.468 0.000 938.965 0.000 383.385
831.481 912.994 710.151 511.986 316.430 655.825 956.779 372.895
875.843 0.000 880.965 867.263 615.686 454.904 681.598 0.000
0.000 408.242 628.585 0.000 0.000 853.483 0.000 590.078
0.000 490.137 893.513 0.000 0.000 0.000 0.000 667.665
372.696 830.531 0.000 734.073 577.710 0.000 837.000 0.000
0.000 402.507 971.810 0.000 0.000 0.000 0.000 617.389
739.616 808.068 0.000 515.823 0.000 0.000 0.000 770.818
0.000 0.000 0.000 919.695 638.837 0.000 0.000 888.896
0.000 475.103 404.157 0.000 844.138 0.000 0.000 825.069
902.303 507.514 847.446 654.896 0.000 765.640 778.257 692.676
906.485 0.000 0.000 606.028 0.000 0.000 891.673 975.506
0.000 822.253 0.000 712.558 466.151 0.000 0.000 367.629
990.612 0.000 311.646 578.353 0.000 581.588 671.423 637.199
0.000 0.000 503.866 939.952 0.000 0.000 573.891 506.511
966.129 451.437 534.674 930.880 775.147 999.447 893.288 443.763
0.000 752.790 770.836 582.039 626.914 344.869 0.000 998.104
516.653 0.000 388.529 714.254 0.000 676.939 0.000 510.595
391.658 687.391 0.000 0.000 0.000 0.000 631.666 0.000
461.309 0.000 0.000 0.000 0.000 0.000 0.000 0.000
0.000 641.373 808.701 0.000 911.128 415.531 0.000 702.563
726.989 0.000 683.090 569.161 334.274 707.750 396.685 370.855
683.042 834.579 808.242 0.000 0.000 0.000 375.747 396.043
0.000 321.068 806.911 714.483 861.365 518.176 492.134 408.339
576.930 519.403 343.660 832.903 746.185 0.000 0.000 0.000
577.325 0.000 662.657 0.000 704.522 659.798 555.987 0.000
0.000 0.000 0.000 947.830 581.208 0.000 485.514 303.212
0.000 0.000 556.395 0.000 344.570 0.000 0.000 331.568
455.753 0.000 332.204 430.117 0.000 0.000 0.000 0.000
828.454 796.219 666.490 0.000 532.649 0.000 665.236 985.896
475.976 0.000 710.889 395.190 597.072 645.431 0.000 644.051
906.156 0.000 476.245 929.413 0.000 490.090 438.985 0.000
970.892 589.104 0.000 377.928 0.000 0.000 0.000 0.000
0.000 750.966 0.000 353.414 878.335 0.000 637.552 436.292
692.175 0.000 0.000 808.265 314.660 454.867 487.981 808.122
553.765 591.592 852.680 0.000 625.182 0.000 0.000 644.491
595.695 0.000 0.000 824.773 741.866 599.088 438.563 0.000
524.206 0.000 885.219 0.000 0.000 0.000 0.000 971.282
388.243 0.000 0.000 788.302 0.000 0.000 808.469 426.304
0.000 0.000 0.000 0.000 641.214 0.000 347.220 854.311
0.000 863.793 728.599 401.199 0.000 0.000 886.011 556.623
0.000 546.628 935.220 588.662 698.900 0.000 0.000 0.000
0.000 0.000 408.980 768.741 0.000 0.000 478.941 0.000
887.645 0.000 362.173 900.311 351.066 593.988 457.554 426.186
0.000 0.000 0.000 0.000 651.074 0.000 0.000 0.000
0.000 829.636 0.000 636.674 0.000 985.650 995.076 594.639
990.437 497.893 505.735 0.000 0.000 602.092 0.000 617.249
371.375 0.000 0.000 0.000 0.000 984.404 765.420 0.000
0.000 659.258 363.511 0.000 957.303 888.557 303.273 0.000
306.848 0.000 0.000 487.636 0.000 796.439 0.000 0.000
0.000 0.000 0.000 500.984 0.000 0.000 0.000 764.303
0.000 439.770 777.662 793.046 0.000 0.000 0.000 0.000
773.235 657.550 589.719 792.376 0.000 0.000 0.000 0.000
724.253 787.600 919.478 0.000 496.994 0.000 0.000 0.000
0.000 0.000 0.000 670.648 329.834 358.461 0.000 0.000
0.000 0.000 332.705 665.818 0.000 0.000 440.588 718.194
0.000 0.000 935.900 438.066 992.881 535.751 926.948 570.696
0.000 0.000 0.000 0.000 0.000 659.590 595.035 0.000
0.000 0.000 0.000 698.073 0.000 778.931 0.000 340.547
590.002 0.000 0.000 0.000 0.000 903.382 0.000 0.000
951.154 996.484 723.295 631.148 0.000 852.641 0.000 0.000
373.698 0.000 373.074 0.000 0.000 0.000 595.732 0.000
563.476 0.000 0.000 319.648 0.000 534.824 0.000 495.823
0.000 0.000 789.863 359.017 934.085 0.000 0.000 669.118
946.911 511.644 0.000 0.000 519.591 446.126 727.826 807.075
659.977 0.000 322.634 0.000 440.597 446.961 0.000 0.000
0.000 939.402 0.000 0.000 856.744 0.000 0.000 600.931
456.067 0.000 0.000 321.812 417.560 433.624 0.000 547.608
0.000 0.000 841.904 0.000 0.000 447.188 329.663 576.991
0.000 798.077 0.000 865.254 0.000 0.000 0.000 663.663
0.000 954.109 0.000 0.000 709.759 353.243 450.467 0.000
0.000 802.565 709.194 0.000 800.137 0.000 629.226 0.000
944.084 528.190 0.000 858.901 729.259 0.000 0.000 0.000
0.000 0.000 955.256 692.642 859.296 618.900 942.175 924.625
384.937 464.020 790.508 0.000 0.000 0.000 690.250 983.388
584.147 0.000 725.897 595.051 0.000 386.063 325.868 0.000
492.232 0.000 0.000 451.916 337.683 858.288 0.000 0.000
0.000 601.627 971.118 866.499 0.000 384.932 392.540 0.000
0.000 869.572 0.000 599.245 0.000 0.000 450.650 0.000
757.650 413.291 0.000 598.348 704.671 0.000 0.000 315.891
921.878 733.243 0.000 523.795 586.499 0.000 863.300 594.597
0.000 631.144 0.000 0.000 0.000 0.000 506.522 0.000
0.000 715.427 675.134 0.000 0.000 0.000 0.000 333.900
0.000 0.000 0.000 0.000 996.797 0.000 0.000 834.790
308.111 0.000 0.000 668.002 0.000 653.292 0.000 0.000
0.000 0.000 0.000 872.904 929.871 352.003 0.000 0.000
0.000 0.000 715.159 542.537 568.955 677.796 541.320 782.252
0.000 678.993 624.654 686.597 0.000 0.000 834.571 0.000
0.000 731.873 0.000 0.000 456.917 495.936 776.803 0.000
632.285 641.961 976.986 0.000 0.000 0.000 995.017 0.000
0.000 0.000 366.368 0.000 509.281 0.000 0.000 749.434
741.097 889.217 0.000 707.714 889.845 363.258 0.000 631.098
0.000 0.000 0.000 0.000 0.000 0.000 319.505 0.000
0.000 783.127 0.000 575.377 685.344 0.000 378.842 643.248
764.718 0.000 362.007 0.000 487.112 0.000 431.806 0.000
0.000 0.000 0.000 531.770 0.000 337.969 475.226 0.000
0.000 519.478 370.945 0.000 371.719 774.917 876.544 543.868
866.623 0.000 671.221 0.000 0.000 0.000 531.009 0.000
0.000 0.000 571.993 0.000 0.000 0.000 647.477 770.684
0.000 0.000 923.168 752.666 907.666 351.483 646.814 0.000
471.423 934.583 0.000 584.188 662.530 363.399 0.000 418.591
895.484 0.000 0.000 0.000 457.953 0.000 984.965 0.000
0.000 0.000 537.662 0.000 871.605 581.076 889.643 538.517
0.000 331.430 0.000 643.115 639.969 514.761 730.360 534.042
933.777 360.591 577.729 0.000 0.000 818.999 848.572 0.000
839.582 921.571 420.521 438.508 0.000 364.360 652.004 953.063
0.000 370.420 0.000 370.057 485.934 0.000 425.166 976.783
0.000 462.815 0.000 0.000 0.000 0.000 375.671 791.474
0.000 0.000 0.000 948.746 828.650 0.000 0.000 0.000
0.000 0.000 808.396 0.000 973.405 0.000 0.000 0.000
792.831 776.474 320.936 540.457 686.529 332.740 0.000 0.000
0.000 0.000 331.575 0.000 966.147 0.000 854.933 783.395
0.000 0.000 0.000 0.000 574.952 487.508 984.601 825.665
460.879 610.520 306.119 805.960 0.000 990.360 368.863 0.000
419.163 659.602 0.000 928.884 386.629 0.000 769.076 944.706
0.000 0.000 0.000 0.000 359.448 540.609 949.321 553.332
959.394 562.000 564.475 487.109 0.000 0.000 0.000 800.930
0.000 765.421 748.423 0.000 0.000 923.993 718.440 939.947
561.670 369.175 933.338 0.000 0.000 0.000 863.925 398.013
0.000 530.909 476.722 0.000 931.564 971.001 0.000 0.000
408.932 715.762 0.000 843.766 0.000 315.135 0.000 925.200
917.941 859.352 0.000 0.000 0.000 0.000 0.000 0.000
416.730 0.000 0.000 444.703 883.946 944.030 930.825 0.000
897.204 0.000 310.425 434.129 494.829 0.000 710.473 0.000
499.040 573.969 0.000 797.645 721.117 0.000 622.222 0.000
497.615 333.139 898.057 0.000 0.000 0.000 0.000 637.368
555.029 816.865 727.930 560.713 0.000 0.000 774.651 750.444
0.000 0.000 849.372 703.809 577.055 0.000 976.924 0.000
743.591 0.000 0.000 0.000 767.859 0.000 876.610 606.492
0.000 868.965 0.000 0.000 0.000 0.000 932.677 917.674
0.000 0.000 0.000 797.397 770.666 0.000 770.218 816.337
456.885 0.000 0.000 0.000 0.000 476.706 0.000 0.000
559.200 856.577 0.000 0.000 0.000 915.305 0.000 0.000
0.000 0.000 760.248 730.146 946.580 642.266 0.000 0.000
0.000 0.000 859.537 741.526 0.000 0.000 482.695 0.000
0.000 689.565 0.000 0.000 0.000 356.610 0.000 798.457
0.000 0.000 0.000 0.000 949.293 419.746 0.000 0.000
0.000 773.902 0.000 0.000 583.948 0.000 931.890 0.000
0.000 0.000 0.000 0.000 723.204 916.083 0.000 783.360
765.912 0.000 0.000 756.909 0.000 0.000 603.549 917.318
497.551 0.000 883.947 400.353 0.000 0.000 0.000 0.000
988.903 862.347 0.000 0.000 740.494 508.520 0.000 833.914
398.138 948.109 836.926 588.086 794.081 629.676 473.277 983.998
342.575 474.820 0.000 0.000 398.583 0.000 0.000 0.000
544.653 946.762 0.000 402.965 0.000 833.590 0.000 0.000
585.470 0.000 338.995 446.491 0.000 0.000 894.641 660.759
399.109 0.000 0.000 483.639 0.000 0.000 0.000 0.000
0.000 0.000 922.305 313.438 335.994 688.676 572.738 0.000
301.329 514.026 0.000 0.000 0.000 851.551 486.693 0.000
392.186 556.654 832.596 902.188 645.895 0.000 804.958 938.679
0.000 788.119 893.148 547.659 322.608 0.000 0.000 487.840
395.776 530.473 987.968 586.247 0.000 479.834 965.817 952.143
0.000 946.210 546.557 410.081 0.000 0.000 507.368 964.186
0.000 0.000 818.878 0.000 691.982 666.205 582.090 841.652
0.000 0.000 0.000 0.000 0.000 841.904 0.000 828.285
398.781 918.515 0.000 666.157 328.724 532.206 537.744 0.000
708.607 0.000 727.127 477.460 388.506 0.000 966.546 484.566
342.444 808.898 0.000 0.000 0.000 0.000 717.807 0.000
355.527 0.000 0.000 0.000 0.000 0.000 892.351 0.000
922.958 0.000 0.000 0.000 610.965 934.869 0.000 0.000
434.954 705.608 0.000 550.675 0.000 752.245 0.000 0.000
912.711 0.000 563.736 958.713 798.936 0.000 0.000 0.000
0.000 412.800 560.862 880.148 425.352 697.642 0.000 0.000
0.000 587.061 535.172 507.651 645.884 520.821 0.000 932.181
0.000 395.181 620.367 949.084 499.242 0.000 726.098 625.473
431.887 0.000 0.000 819.957 379.141 0.000 843.337 872.050
458.752 725.316 838.888 0.000 491.833 909.034 0.000 0.000
846.938 807.382 0.000 0.000 734.639 903.442 0.000 0.000
722.961 890.968 937.669 332.798 0.000 583.393 0.000 916.567
0.000 0.000 0.000 0.000 682.186 711.613 842.129 0.000
529.668 0.000 913.759 591.571 880.081 818.880 0.000 541.345
0.000 0.000 0.000 479.937 669.840 0.000 0.000 0.000
565.803 0.000 0.000 0.000 696.984 0.000 502.440 414.550
977.836 612.720 309.514 0.000 0.000 0.000 0.000 0.000
0.000 0.000 0.000 0.000 944.142 0.000 0.000 931.723
0.000 0.000 694.438 0.000 646.724 0.000 0.000 488.912
0.000 0.000 448.063 0.000 0.000 616.325 812.206 0.000
415.950 0.000 735.130 0.000 975.173 946.737 720.332 652.006
676.477 889.089 0.000 0.000 0.000 0.000 0.000 0.000
0.000 0.000 648.578 0.000 0.000 0.000 467.124 0.000
0.000 0.000 0.000 0.000 857.615 0.000 797.582 0.000
766.915 525.284 574.724 0.000 302.612 745.588 955.825 0.000
0.000 0.000 0.000 0.000 0.000 425.012 0.000 695.329
0.000 363.243 614.224 0.000 941.710 0.000 599.523 931.760
0.000 664.252 0.000 0.000 671.176 0.000 323.373 546.135
0.000 0.000 0.000 434.120 0.000 727.162 0.000 732.435
0.000 303.207 602.891 0.000 0.000 701.413 514.127 0.000
769.146 641.350 338.052 0.000 0.000 882.851 0.000 782.382
552.503 712.331 0.000 715.588 378.633 692.039 0.000 0.000
809.570 0.000 0.000 0.000 794.988 531.260 779.244 0.000
729.856 0.000 853.715 0.000 0.000 912.356 0.000 0.000
0.000 580.894 0.000 857.355 0.000 469.427 904.918 557.530
846.553 0.000 0.000 0.000 0.000 654.353 490.156 0.000
0.000 0.000 464.023 0.000 768.562 673.619 0.000 839.664
0.000 0.000 0.000 0.000 0.000 869.830 434.510 0.000
0.000 0.000 719.337 920.834 0.000 0.000 575.017 0.000
789.301 433.511 460.721 0.000 0.000 767.905 359.451 517.977
0.000 0.000 0.000 726.533 0.000 604.900 863.214 0.000
805.373 0.000 506.478 0.000 397.959 0.000 961.138 634.424
0.000 0.000 0.000 392.355 0.000 0.000 0.000 0.000
433.792 661.242 451.492 614.669 0.000 0.000 0.000 318.176
472.130 301.982 0.000 311.302 0.000 338.989 432.038 0.000
0.000 635.401 390.520 0.000 0.000 487.826 0.000 728.856
900.363 631.439 0.000 0.000 748.370 0.000 910.570 0.000
960.045 0.000 583.960 954.163 377.030 0.000 0.000 525.539
0.000 0.000 878.629 843.903 550.085 743.404 346.266 346.084
720.143 808.287 0.000 571.551 0.000 0.000 503.082 0.000
0.000 345.294 946.503 0.000 638.889 951.939 0.000 0.000
317.849 757.069 0.000 0.000 0.000 0.000 859.010 0.000
0.000 961.571 400.156 847.805 784.030 849.636 338.988 0.000
0.000 0.000 540.607 0.000 818.392 552.950 670.301 0.000
0.000 603.875 921.271 0.000 377.712 0.000 449.411 545.403
0.000 0.000 748.339 0.000 933.394 892.970 823.025 0.000
567.175 506.928 0.000 0.000 925.533 0.000 0.000 764.600
0.000 0.000 833.952 968.783 488.886 0.000 0.000 733.987
814.468 0.000 837.717 947.831 0.000 867.562 601.553 489.253
793.568 0.000 0.000 0.000 452.077 324.541 0.000 782.352
327.267 0.000 0.000 652.402 0.000 929.535 361.024 820.062
0.000 507.863 377.632 357.864 375.292 0.000 559.203 779.382
942.783 0.000 407.307 687.798 0.000 738.201 0.000 582.410
0.000 698.889 0.000 540.657 626.490 0.000 0.000 0.000
819.777 304.737 0.000 629.184 0.000 643.291 0.000 619.670
0.000 920.590 0.000 639.732 0.000 811.565 0.000 981.860
0.000 0.000 499.852 570.306 0.000 0.000 851.493 0.000
393.445 777.189 0.000 0.000 862.711 0.000 0.000 444.412
720.495 555.916 0.000 0.000 450.559 0.000 535.988 0.000
500.405 866.693 770.947 538.952 469.220 0.000 897.544 775.970
0.000 388.968 483.105 0.000 713.861 0.000 321.369 642.994
424.879 0.000 0.000 0.000 706.519 0.000 0.000 491.733
0.000 0.000 0.000 741.347 792.028 0.000 767.979 755.153
522.973 0.000 564.312 0.000 0.000 733.111 0.000 862.397
514.425 0.000 0.000 0.000 906.230 0.000 0.000 312.703
812.746 0.000 0.000 0.000 0.000 0.000 0.000 650.006
0.000 722.315 0.000 375.231 0.000 454.948 876.452 983.558
400.158 0.000 840.986 0.000 0.000 0.000 0.000 0.000
0.000 0.000 441.909 0.000 0.000 631.012 0.000 618.120
0.000 0.000 824.096 0.000 783.722 0.000 0.000 630.840
0.000 0.000 0.000 0.000 672.843 0.000 469.021 0.000
0.000 0.000 744.302 911.440 704.293 0.000 934.807 0.000
0.000 0.000 715.964 0.000 778.520 377.204 0.000 471.984
495.448 358.547 0.000 521.482 0.000 912.824 756.993 0.000
0.000 987.495 713.108 825.128 0.000 0.000 613.465 405.366
588.807 0.000 0.000 343.062 915.037 905.962 543.996 0.000
439.460 0.000 0.000 454.216 789.577 332.462 849.732 972.733
0.000 512.408 0.000 344.231 0.000 581.120 843.171 0.000
795.942 0.000 922.404 0.000 0.000 0.000 0.000 978.950
0.000 463.965 0.000 0.000 623.718 391.172 0.000 0.000
518.729 512.270 0.000 0.000 0.000 767.265 0.000 591.369
912.058 956.030 0.000 476.241 331.482 530.762 0.000 0.000
338.092 303.514 0.000 586.625 406.275 0.000 881.550 0.000
378.090 944.964 0.000 304.243 631.464 697.327 0.000 0.000
0.000 0.000 496.733 0.000 489.610 0.000 0.000 0.000
689.254 0.000 0.000 0.000 0.000 0.000 0.000 674.279
919.397 0.000 944.872 0.000 837.456 0.000 373.480 887.031
403.103 0.000 557.317 832.224 478.280 0.000 345.174 377.432
777.851 0.000 446.331 489.821 0.000 0.000 0.000 360.127
500.984 0.000 0.000 404.453 703.144 436.678 0.000 310.819
0.000 0.000 0.000 0.000 0.000 400.978 950.308 0.000
626.050 311.917 0.000 0.000 709.883 0.000 611.988 0.000
670.082 916.131 0.000 0.000 586.889 0.000 639.482 0.000
930.475 0.000 0.000 0.000 880.174 616.407 530.103 0.000
414.719 0.000 424.518 817.195 379.774 0.000 729.546 734.617
761.133 0.000 757.970 0.000 974.197 755.919 0.000 0.000
934.124 935.772 351.109 0.000 595.086 0.000 627.757 634.698
0.000 0.000 463.778 0.000 776.444 435.665 0.000 0.000
0.000 0.000 481.772 0.000 0.000 0.000 848.416 445.718
549.529 0.000 445.203 564.407 0.000 925.684 752.203 0.000
0.000 0.000 0.000 0.000 0.000 0.000 0.000 486.493
0.000 390.365 0.000 0.000 350.268 890.266 0.000 0.000
0.000 0.000 914.397 914.826 720.691 0.000 887.689 903.315
0.000 981.886 632.474 403.195 478.918 970.655 453.011 530.449
0.000 359.016 847.503 0.000 0.000 0.000 462.470 0.000
0.000 0.000 459.745 0.000 849.402 920.059 0.000 816.748
775.393 810.954 0.000 0.000 433.758 387.354 0.000 389.359
941.951 868.978 0.000 490.657 0.000 0.000 403.977 479.424
520.006 0.000 0.000 0.000 560.964 0.000 0.000 495.630
0.000 0.000 0.000 572.713 469.603 0.000 0.000 0.000
300.209 750.636 428.679 480.849 0.000 0.000 598.232 0.000
801.585 461.788 0.000 784.383 864.646 497.284 0.000 0.000
0.000 0.000 813.040 756.252 0.000 0.000 709.074 950.174
0.000 618.524 0.000 860.085 0.000 420.733 601.214 787.289
637.642 0.000 0.000 300.665 564.725 880.800 916.364 0.000
0.000 0.000 735.563 0.000 0.000 476.880 987.655 0.000
921.627 797.803 0.000 0.000 700.678 0.000 956.988 0.000
0.000 677.617 708.458 0.000 0.000 0.000 0.000 591.771
629.266 0.000 333.893 0.000 672.994 0.000 0.000 595.462
0.000 469.236 531.014 461.976 0.000 776.139 544.254 0.000
0.000 729.852 875.030 0.000 631.916 556.861 0.000 830.482
0.000 0.000 0.000 0.000 0.000 0.000 752.355 711.815
759.177 0.000 0.000 0.000 0.000 831.255 0.000 0.000
458.123 0.000 0.000 0.000 0.000 0.000 0.000 0.000
770.772 680.789 615.734 334.230 304.639 868.716 0.000 617.468
827.659 361.482 0.000 449.958 690.616 426.711 505.538 0.000
0.000 590.672 0.000 409.668 746.365 0.000 0.000 872.774
0.000 0.000 703.946 892.575 810.739 0.000 573.241 443.548
0.000 0.000 915.925 345.070 889.712 917.285 527.833 921.626
888.120 878.632 0.000 0.000 587.768 398.581 0.000 0.000
952.990 0.000 0.000 759.126 0.000 300.903 0.000 0.000
345.733 885.428 794.094 532.571 0.000 339.391 710.917 0.000
315.500 503.969 768.287 560.884 0.000 0.000 0.000 0.000
0.000 409.568 769.506 0.000 956.968 792.651 0.000 640.962
626.989 0.000 683.855 694.450 818.600 855.253 433.198 984.040
428.528 0.000 654.997 706.916 410.426 406.916 0.000 0.000
918.731 0.000 0.000 704.811 0.000 0.000 359.196 0.000
709.566 0.000 480.617 0.000 693.447 0.000 821.107 0.000
300.602 469.407 0.000 420.355 539.124 790.701 900.585 852.673
0.000 806.124 499.343 0.000 0.000 689.877 894.667 623.193
673.190 0.000 0.000 626.047 0.000 947.008 0.000 0.000
948.515 394.034 0.000 383.919 320.729 0.000 910.404 0.000
0.000 904.002 0.000 0.000 496.567 948.211 0.000 771.670
678.465 740.355 0.000 725.951 396.681 0.000 500.341 658.408
761.974 526.364 742.691 0.000 0.000 356.185 780.483 431.915
410.249 0.000 0.000 0.000 656.834 353.478 428.529 0.000
328.964 965.298 624.633 779.860 621.794 0.000 0.000 0.000
673.367 302.023 0.000 816.112 367.134 0.000 0.000 0.000
878.913 836.828 0.000 0.000 597.107 0.000 0.000 661.626
0.000 484.003 461.562 925.189 402.280 0.000 0.000 375.616
407.325 0.000 718.787 0.000 544.140 569.746 484.860 456.734
809.844 743.033 0.000 0.000 946.943 0.000 890.691 0.000
535.333 0.000 0.000 539.822 934.042 0.000 0.000 556.237
0.000 0.000 0.000 803.341 399.444 955.406 403.503 435.274
621.589 613.511 752.602 0.000 971.847 760.383 0.000 0.000
919.413 800.865 942.939 0.000 911.361 0.000 411.843 0.000
464.976 939.570 816.419 830.821 999.070 0.000 0.000 0.000
0.000 0.000 0.000 771.237 0.000 0.000 861.587 0.000
883.888 0.000 0.000 0.000 0.000 727.628 0.000 508.618
707.184 0.000 483.859 819.200 0.000 0.000 632.352 0.000
759.291 977.720 527.057 790.691 0.000 0.000 0.000 518.629
758.306 0.000 0.000 0.000 0.000 0.000 990.340 0.000
333.454 903.661 404.017 0.000 377.552 504.093 0.000 787.275
870.672 0.000 819.761 336.340 0.000 920.184 347.396 479.935
0.000 0.000 0.000 0.000 844.123 0.000 0.000 677.424
0.000 0.000 431.657 899.158 0.000 827.195 567.843 0.000
0.000 0.000 812.994 0.000 0.000 0.000 0.000 0.000
0.000 528.677 498.009 0.000 0.000 0.000 939.010 692.224
659.688 0.000 0.000 0.000 0.000 0.000 562.717 672.422
856.711 0.000 343.758 0.000 761.562 965.868 0.000 473.443
690.985 0.000 757.452 521.722 712.089 0.000 468.075 951.945
500.913 559.023 591.722 703.209 655.454 0.000 0.000 0.000
0.000 457.402 473.924 0.000 0.000 970.402 613.047 0.000
0.000 734.228 669.494 938.593 459.662 795.406 610.890 0.000
0.000 0.000 0.000 641.506 754.210 0.000 931.929 0.000
642.521 0.000 758.065 969.307 0.000 937.946 314.661 0.000
466.964 0.000 872.654 497.158 0.000 677.556 0.000 655.997
0.000 0.000 0.000 0.000 0.000 490.227 0.000 0.000
0.000 0.000 0.000 996.621 0.000 750.296 0.000 0.000
0.000 0.000 822.111 0.000 0.000 714.232 344.609 553.442
0.000 0.000 553.243 0.000 0.000 0.000 0.000 729.188
361.456 0.000 882.254 740.912 891.165 0.000 307.531 592.316
411.319 316.920 0.000 0.000 0.000 0.000 638.720 0.000
0.000 0.000 958.162 358.564 808.020 0.000 0.000 463.542
422.897 0.000 0.000 440.708 0.000 0.000 0.000 628.454
994.341 0.000 0.000 0.000 0.000 0.000 974.192 324.468
0.000 544.127 729.527 0.000 0.000 0.000 678.766 0.000
760.567 937.160 0.000 559.885 0.000 0.000 0.000 0.000
0.000 0.000 0.000 0.000 847.602 301.911 0.000 884.977
510.804 0.000 0.000 0.000 608.549 0.000 0.000 548.710
0.000 854.459 605.141 564.435 922.407 437.423 663.738 874.765
989.961 0.000 0.000 679.361 0.000 545.512 0.000 624.163
405.336 0.000 713.707 0.000 540.121 0.000 425.314 966.033
0.000 420.227 546.914 748.905 778.487 0.000 0.000 0.000
0.000 683.789 0.000 701.945 0.000 638.499 649.212 0.000
0.000 730.754 0.000 0.000 0.000 924.574 0.000 0.000
0.000 877.652 908.197 458.890 473.913 928.025 759.121 644.255
929.392 0.000 0.000 596.174 590.724 0.000 0.000 0.000
475.429 319.716 0.000 0.000 0.000 988.890 0.000 742.187
0.000 0.000 392.185 0.000 0.000 0.000 536.069 0.000
465.728 0.000 0.000 0.000 0.000 373.983 0.000 935.525
0.000 0.000 0.000 0.000 0.000 0.000 447.083 0.000
513.213 854.730 563.528 988.528 0.000 0.000 0.000 0.000
0.000 0.000 0.000 538.132 0.000 0.000 651.288 735.138
778.029 0.000 0.000 779.387 0.000 0.000 0.000 0.000
311.801 975.306 752.136 485.157 0.000 823.860 0.000 992.450
477.515 0.000 0.000 391.329 961.948 952.326 0.000 0.000
428.751 881.557 0.000 620.738 0.000 834.434 0.000 0.000
0.000 0.000 303.907 0.000 0.000 0.000 0.000 0.000
0.000 579.291 439.141 537.157 0.000 769.427 0.000 0.000
0.000 0.000 682.547 0.000 0.000 642.691 0.000 0.000
0.000 575.139 720.362 0.000 896.902 495.531 379.759 919.118
622.822 0.000 0.000 0.000 655.107 679.414 639.918 0.000
0.000 503.096 470.508 939.819 520.246 760.364 459.091 0.000
367.210 461.574 354.455 345.654 836.086 0.000 0.000 0.000
