960.576 357.557 0.000 806.600 0.000 0.000 0.000 0.000
0.000 0.000 0.000 665.116 0.000 0.000 0.000 0.000
0.000 0.000 0.000 663.273 0.000 0.000 484.904 0.000
0.000 0.000 0.000 0.000 800.203 591.986 0.000 746.225
0.000 520.417 454.888 0.000 445.277 0.000 446.712 678.378
857.558 870.711 635.520 997.440 942.701 0.000 957.928 565.184
0.000 0.000 0.000 783.939 0.000 420.480 704.333 0.000
712.936 853.094 0.000 829.930 946.095 0.000 0.000 0.000
0.000 532.762 656.240 0.000 0.000 0.000 0.000 0.000
0.000 0.000 0.000 0.000 0.000 0.000 623.497 571.981
512.847 982.135 627.290 480.008 450.454 595.816 808.399 877.354
0.000 626.957 996.955 0.000 943.431 422.815 539.498 0.000
0.000 612.011 0.000 0.000 459.326 0.000 0.000 884.177
902.477 0.000 0.000 535.963 0.000 0.000 565.766 819.345
0.000 904.582 0.000 0.000 375.460 714.906 525.898 0.000
0.000 387.110 0.000 342.773 0.000 0.000 906.901 634.273
0.000 741.687 938.430 0.000 0.000 580.812 357.721 0.000
0.000 0.000 795.349 565.913 0.000 0.000 0.000 777.598
0.000 914.327 570.142 0.000 0.000 830.381 458.133 481.204
0.000 0.000 0.000 766.119 430.703 931.141 0.000 608.427
552.260 434.545 0.000 831.223 962.673 933.269 474.410 0.000
0.000 768.836 962.113 836.457 0.000 0.000 0.000 660.704
681.400 539.362 698.955 663.250 935.064 0.000 482.738 663.591
0.000 0.000 775.228 0.000 0.000 0.000 0.000 0.000
0.000 438.637 398.981 940.315 911.185 676.884 986.926 822.245
737.534 0.000 0.000 0.000 757.455 687.325 0.000 0.000
0.000 0.000 620.763 301.218 853.097 593.739 433.326 0.000
0.000 874.781 0.000 471.900 380.153 0.000 881.430 0.000
681.848 0.000 0.000 656.837 0.000 935.914 0.000 662.817
0.000 0.000 0.000 335.557 0.000 0.000 0.000 921.350
0.000 934.890 0.000 705.668 819.360 676.727 967.474 857.142
495.638 690.280 0.000 0.000 778.362 450.056 363.909 0.000
748.088 0.000 0.000 845.732 377.292 586.933 0.000 0.000
0.000 0.000 0.000 0.000 0.000 0.000 0.000 864.200
0.000 616.817 0.000 0.000 0.000 779.649 0.000 0.000
944.040 920.410 0.000 815.262 553.099 0.000 0.000 0.000
0.000 685.160 0.000 0.000 0.000 668.619 690.141 533.276
974.165 0.000 0.000 499.330 480.746 353.924 0.000 0.000
764.990 0.000 431.153 0.000 545.427 558.584 0.000 0.000
0.000 310.795 0.000 0.000 0.000 0.000 338.309 0.000
0.000 0.000 0.000 723.397 548.489 485.024 748.581 0.000
0.000 879.169 0.000 0.000 0.000 0.000 0.000 0.000
0.000 497.564 0.000 0.000 721.597 341.213 0.000 635.452
348.022 0.000 954.818 0.000 484.512 909.000 528.447 0.000
0.000 0.000 706.710 0.000 371.936 354.366 386.537 419.017
0.000 0.000 0.000 0.000 0.000 441.284 910.424 0.000
662.039 0.000 690.656 0.000 966.866 340.038 0.000 0.000
0.000 0.000 0.000 0.000 0.000 460.440 413.995 665.735
0.000 712.113 0.000 0.000 0.000 0.000 608.385 0.000
0.000 0.000 521.866 356.121 632.633 0.000 997.823 549.427
510.742 0.000 512.732 0.000 0.000 486.455 0.000 0.000
0.000 559.020 0.000 847.919 368.835 488.783 650.894 0.000
0.000 749.879 732.692 911.422 783.264 815.610 0.000 0.000
391.925 0.000 0.000 404.716 0.000 478.260 0.000 526.062
527.957 0.000 0.000 779.051 0.000 565.588 0.000 0.000
0.000 314.073 370.583 633.480 0.000 410.721 0.000 0.000
318.915 745.566 952.411 641.815 0.000 0.000 331.230 0.000
806.028 0.000 494.294 0.000 444.672 940.274 0.000 790.342
783.731 0.000 0.000 986.818 629.555 664.604 403.650 502.387
493.802 785.832 0.000 0.000 563.236 706.657 360.847 885.076
916.250 0.000 0.000 0.000 735.094 0.000 0.000 0.000
0.000 959.409 0.000 0.000 0.000 942.931 461.454 401.678
752.107 658.023 0.000 884.815 752.547 574.982 0.000 830.477
0.000 861.522 0.000 982.278 467.914 0.000 919.919 0.000
347.532 673.843 713.810 0.000 0.000 630.724 662.388 0.000
0.000 378.060 0.000 0.000 0.000 954.057 435.147 0.000
870.706 448.545 0.000 595.791 0.000 0.000 575.485 0.000
0.000 623.349 303.785 639.453 0.000 772.790 0.000 0.000
0.000 0.000 0.000 381.970 0.000 0.000 394.561 0.000
720.310 0.000 0.000 0.000 431.365 502.710 871.318 0.000
0.000 788.857 429.678 690.259 0.000 0.000 782.341 0.000
0.000 0.000 854.145 740.723 0.000 567.122 830.993 616.949
760.366 907.611 796.436 615.670 0.000 976.303 507.161 0.000
0.000 0.000 0.000 836.668 0.000 0.000 808.615 761.225
0.000 361.949 738.402 987.066 0.000 0.000 0.000 0.000
820.566 763.056 665.630 0.000 0.000 0.000 889.423 563.693
624.918 617.736 0.000 995.350 550.032 915.853 612.754 995.589
986.190 747.369 0.000 0.000 310.338 0.000 384.823 0.000
0.000 0.000 785.989 391.603 555.704 0.000 409.980 0.000
0.000 736.384 0.000 0.000 762.845 0.000 749.229 354.202
0.000 761.455 0.000 722.613 0.000 446.708 0.000 594.448
459.317 0.000 636.075 732.702 0.000 0.000 0.000 312.560
0.000 594.777 0.000 741.978 538.849 0.000 833.911 0.000
0.000 0.000 0.000 398.558 0.000 329.794 0.000 0.000
499.490 623.118 777.764 990.244 0.000 491.202 413.111 918.404
979.462 708.925 589.356 0.000 0.000 0.000 840.642 0.000
554.109 0.000 0.000 917.248 317.811 331.677 610.346 786.942
0.000 499.033 369.132 443.363 0.000 0.000 0.000 0.000
716.535 0.000 646.054 0.000 858.714 857.960 0.000 0.000
0.000 308.085 390.680 0.000 0.000 885.082 860.003 915.810
0.000 0.000 672.610 0.000 0.000 792.431 0.000 0.000
0.000 0.000 972.688 916.264 406.925 0.000 747.534 816.024
894.736 428.559 0.000 472.949 643.498 471.696 898.677 0.000
306.241 0.000 826.532 0.000 825.080 0.000 0.000 0.000
0.000 763.881 447.500 0.000 825.167 0.000 0.000 418.755
390.803 972.738 658.236 731.865 0.000 337.546 969.969 925.028
0.000 779.897 0.000 0.000 0.000 358.645 634.885 0.000
978.817 599.843 0.000 575.673 0.000 0.000 0.000 0.000
0.000 0.000 313.619 0.000 916.587 0.000 896.796 523.570
0.000 568.506 0.000 0.000 490.419 0.000 0.000 698.723
0.000 885.752 0.000 0.000 489.395 419.585 0.000 582.065
851.850 302.130 887.881 0.000 0.000 641.604 0.000 0.000
0.000 730.571 0.000 0.000 0.000 374.835 616.592 383.320
386.760 424.649 970.375 0.000 807.548 923.825 741.212 846.153
0.000 0.000 0.000 507.283 428.390 0.000 436.464 0.000
0.000 0.000 0.000 0.000 0.000 0.000 659.730 0.000
0.000 0.000 0.000 868.617 0.000 860.170 957.775 0.000
0.000 0.000 0.000 423.288 0.000 0.000 0.000 0.000
0.000 445.163 767.365 546.239 0.000 0.000 0.000 0.000
494.277 874.204 0.000 553.106 0.000 438.372 329.207 0.000
0.000 0.000 780.044 919.983 0.000 410.738 766.420 0.000
675.465 521.370 740.915 0.000 525.682 0.000 0.000 850.697
891.238 0.000 0.000 0.000 0.000 0.000 0.000 625.693
0.000 354.399 0.000 502.575 0.000 0.000 0.000 0.000
0.000 677.099 383.786 0.000 0.000 0.000 0.000 0.000
468.199 701.166 595.013 0.000 0.000 0.000 0.000 0.000
0.000 0.000 933.774 0.000 938.275 914.860 0.000 0.000
772.785 691.451 366.975 674.875 0.000 0.000 563.539 0.000
0.000 0.000 882.351 960.128 951.779 620.766 440.509 0.000
0.000 0.000 344.467 954.992 615.627 760.680 576.469 536.118
0.000 941.788 0.000 0.000 863.662 871.376 0.000 820.048
0.000 695.979 0.000 961.386 0.000 511.895 463.795 371.163
757.025 0.000 318.432 0.000 996.700 0.000 0.000 770.817
0.000 0.000 765.158 0.000 316.740 0.000 0.000 788.021
825.999 0.000 0.000 443.765 859.557 952.988 919.397 0.000
0.000 901.375 0.000 0.000 998.553 0.000 0.000 0.000
518.265 309.022 379.382 0.000 971.834 552.493 0.000 0.000
518.772 626.632 314.465 656.083 747.271 981.991 0.000 519.472
0.000 512.107 0.000 637.573 357.964 730.383 0.000 0.000
0.000 0.000 0.000 834.240 758.142 651.210 0.000 936.911
0.000 719.513 0.000 928.552 316.976 669.875 0.000 0.000
0.000 0.000 621.819 0.000 753.942 493.994 499.902 694.482
709.554 335.260 649.872 354.518 0.000 523.835 0.000 736.763
992.426 0.000 0.000 524.901 719.140 0.000 362.657 870.330
0.000 956.530 813.517 369.648 312.202 0.000 495.468 950.521
657.589 0.000 347.767 943.471 0.000 0.000 862.025 812.415
805.673 0.000 0.000 0.000 0.000 0.000 0.000 936.170
0.000 968.708 0.000 398.012 0.000 0.000 489.392 672.375
0.000 0.000 595.213 0.000 0.000 662.922 721.359 630.674
702.620 0.000 568.584 0.000 0.000 866.625 840.376 0.000
938.944 748.176 425.944 952.235 0.000 0.000 583.709 535.619
0.000 481.034 0.000 657.239 0.000 920.497 0.000 0.000
815.544 0.000 0.000 735.670 617.272 448.607 0.000 0.000
704.453 0.000 752.054 0.000 0.000 650.737 867.875 844.395
332.657 806.125 0.000 0.000 0.000 0.000 0.000 0.000
0.000 495.760 531.781 0.000 0.000 0.000 0.000 0.000
421.083 927.823 378.543 0.000 0.000 0.000 424.646 0.000
0.000 717.202 0.000 573.837 0.000 0.000 344.245 519.157
0.000 0.000 0.000 0.000 0.000 802.935 763.531 0.000
908.672 0.000 0.000 0.000 0.000 0.000 310.509 805.941
0.000 0.000 556.571 0.000 0.000 0.000 0.000 0.000
769.808 345.641 0.000 0.000 0.000 0.000 755.995 805.060
0.000 0.000 623.087 0.000 0.000 0.000 328.708 0.000
553.520 357.863 756.042 851.323 351.656 768.542 0.000 330.492
0.000 0.000 446.024 0.000 0.000 542.667 0.000 0.000
0.000 0.000 826.736 633.160 0.000 479.215 338.370 0.000
348.885 0.000 548.938 0.000 655.749 930.694 920.049 623.171
0.000 0.000 0.000 0.000 0.000 0.000 563.683 918.631
0.000 0.000 837.197 462.184 0.000 975.747 933.080 0.000
422.005 791.427 0.000 492.295 362.650 462.502 0.000 906.815
539.374 0.000 502.787 558.305 0.000 838.035 748.630 0.000
516.461 0.000 0.000 0.000 770.917 0.000 817.655 874.544
0.000 586.454 617.253 837.904 0.000 597.555 0.000 384.051
0.000 0.000 0.000 0.000 0.000 0.000 0.000 330.998
0.000 695.864 372.096 0.000 323.366 0.000 0.000 0.000
0.000 724.904 0.000 858.275 865.807 0.000 658.790 0.000
322.765 0.000 924.299 549.723 0.000 0.000 0.000 515.114
0.000 671.412 308.568 670.178 0.000 0.000 765.518 675.837
0.000 512.692 0.000 642.632 979.868 0.000 880.063 0.000
815.916 0.000 0.000 0.000 0.000 823.380 674.017 0.000
0.000 575.025 0.000 0.000 0.000 981.451 0.000 563.656
692.106 0.000 0.000 0.000 0.000 903.943 0.000 863.151
0.000 552.222 734.558 955.459 0.000 582.380 364.484 0.000
0.000 517.500 751.811 0.000 554.022 813.850 625.335 0.000
590.358 526.083 408.360 0.000 620.453 0.000 0.000 0.000
303.057 0.000 938.273 0.000 941.366 547.100 714.681 390.942
0.000 300.433 0.000 627.492 833.294 769.438 0.000 0.000
0.000 890.011 510.726 0.000 447.929 647.273 0.000 503.661
0.000 357.368 569.840 337.569 0.000 0.000 0.000 816.545
0.000 0.000 454.431 913.391 426.646 0.000 0.000 453.733
365.204 317.841 0.000 0.000 0.000 0.000 0.000 0.000
0.000 552.381 0.000 0.000 586.837 630.178 384.083 975.428
463.474 0.000 948.094 0.000 0.000 746.711 0.000 0.000
328.829 0.000 776.305 0.000 573.727 495.560 727.829 0.000
434.406 0.000 0.000 0.000 832.074 0.000 0.000 497.684
0.000 981.241 320.355 0.000 327.329 983.287 0.000 0.000
0.000 439.427 0.000 0.000 0.000 0.000 973.022 0.000
775.020 0.000 317.433 843.762 0.000 896.218 689.160 612.055
0.000 0.000 365.921 503.815 988.693 0.000 538.410 0.000
0.000 0.000 857.208 863.074 0.000 308.614 0.000 870.571
0.000 418.865 0.000 0.000 0.000 771.334 0.000 840.451
592.576 348.036 786.850 536.449 993.865 0.000 513.124 980.741
0.000 0.000 803.366 753.684 0.000 0.000 0.000 991.014
648.265 0.000 0.000 439.790 929.409 0.000 348.935 0.000
642.372 723.687 0.000 617.154 0.000 0.000 504.440 0.000
0.000 711.962 709.786 651.223 0.000 0.000 0.000 0.000
0.000 494.147 618.774 0.000 0.000 786.723 786.155 421.426
752.229 0.000 0.000 406.050 346.566 0.000 424.212 0.000
757.327 447.596 0.000 897.208 0.000 455.786 438.046 0.000
0.000 0.000 921.032 0.000 0.000 504.773 503.961 741.665
0.000 0.000 0.000 418.160 432.937 610.953 463.155 0.000
0.000 908.255 0.000 932.449 753.327 670.835 0.000 340.807
0.000 0.000 831.749 0.000 0.000 374.672 0.000 514.439
703.293 0.000 0.000 0.000 983.285 709.259 862.101 546.923
0.000 405.292 0.000 0.000 850.957 624.277 0.000 0.000
0.000 0.000 846.942 0.000 332.498 0.000 638.614 0.000
337.395 409.544 0.000 0.000 950.927 0.000 803.693 0.000
0.000 580.987 0.000 0.000 656.599 946.317 418.236 0.000
582.087 944.464 444.433 0.000 506.042 0.000 0.000 0.000
0.000 552.910 0.000 0.000 0.000 668.112 949.528 368.796
780.338 689.485 0.000 0.000 670.530 0.000 0.000 0.000
732.457 905.670 705.366 0.000 0.000 0.000 828.889 0.000
0.000 0.000 0.000 669.864 0.000 608.904 921.247 750.800
976.987 0.000 0.000 0.000 0.000 463.742 748.378 0.000
0.000 398.284 409.734 901.652 0.000 746.451 0.000 799.665
0.000 326.220 0.000 0.000 0.000 0.000 821.629 0.000
719.884 0.000 0.000 0.000 527.675 360.953 828.562 747.484
737.075 0.000 936.701 549.808 0.000 0.000 790.459 0.000
0.000 0.000 0.000 971.187 912.901 632.256 0.000 797.165
0.000 0.000 363.965 0.000 0.000 884.906 0.000 389.322
0.000 497.602 0.000 523.924 515.114 0.000 0.000 557.024
0.000 815.624 656.890 0.000 0.000 884.819 0.000 335.116
0.000 0.000 741.296 0.000 522.186 0.000 0.000 471.488
317.040 0.000 910.262 524.450 798.130 0.000 0.000 0.000
580.615 0.000 0.000 0.000 0.000 344.137 742.499 0.000
651.502 0.000 0.000 691.416 941.220 541.715 444.986 774.309
0.000 929.645 897.921 771.926 0.000 0.000 0.000 0.000
0.000 0.000 359.733 0.000 431.612 0.000 0.000 0.000
0.000 0.000 784.952 319.529 743.213 0.000 0.000 0.000
0.000 975.546 647.380 0.000 433.054 980.805 0.000 0.000
311.288 0.000 0.000 0.000 0.000 0.000 0.000 0.000
0.000 0.000 0.000 597.757 591.330 0.000 666.226 710.303
0.000 986.437 0.000 0.000 0.000 0.000 441.299 0.000
860.364 0.000 533.311 0.000 830.391 0.000 0.000 0.000
478.271 720.031 723.809 706.571 0.000 514.569 553.881 777.628
678.766 0.000 447.950 548.649 0.000 526.627 0.000 0.000
719.192 0.000 0.000 764.651 0.000 933.060 0.000 460.646
883.879 678.726 0.000 0.000 612.742 556.404 732.349 0.000
0.000 405.540 702.608 0.000 363.657 517.192 972.422 442.228
0.000 354.555 847.789 531.188 0.000 391.411 638.724 334.604
0.000 851.788 937.032 0.000 886.217 0.000 638.330 422.004
0.000 0.000 0.000 416.037 358.746 0.000 489.362 796.472
583.247 889.896 476.416 0.000 0.000 828.352 613.836 0.000
0.000 942.208 0.000 0.000 0.000 0.000 0.000 858.104
520.953 0.000 0.000 0.000 349.853 419.499 0.000 521.392
613.208 599.951 0.000 683.584 0.000 857.269 0.000 948.315
783.536 528.512 695.674 0.000 0.000 0.000 0.000 0.000
571.709 715.832 0.000 0.000 0.000 0.000 0.000 0.000
767.254 0.000 569.624 689.122 612.491 443.092 0.000 0.000
0.000 0.000 795.007 0.000 724.157 0.000 487.318 0.000
0.000 0.000 0.000 0.000 0.000 802.588 793.283 0.000
0.000 887.034 430.772 759.743 0.000 926.986 306.950 431.042
599.415 303.412 614.901 406.255 0.000 474.990 902.986 440.561
0.000 717.237 888.626 0.000 622.040 634.460 0.000 676.770
703.570 0.000 702.851 679.828 302.313 565.549 0.000 0.000
636.627 0.000 607.216 0.000 0.000 0.000 0.000 816.464
639.072 812.089 0.000 0.000 0.000 0.000 358.679 0.000
927.122 386.188 0.000 0.000 0.000 843.497 0.000 0.000
594.812 879.129 0.000 0.000 374.826 0.000 819.738 0.000
717.716 0.000 905.771 465.731 657.610 0.000 0.000 877.700
682.540 641.139 316.819 0.000 569.830 0.000 904.342 643.090
685.792 571.008 0.000 626.219 611.973 978.028 0.000 0.000
356.843 0.000 0.000 0.000 715.252 0.000 0.000 300.457
0.000 0.000 0.000 0.000 343.812 0.000 499.742 0.000
875.900 0.000 0.000 0.000 0.000 0.000 522.922 678.607
0.000 490.656 0.000 682.081 0.000 634.146 0.000 479.468
346.452 335.797 450.631 0.000 0.000 0.000 0.000 531.046
0.000 970.305 874.327 427.434 761.861 0.000 820.548 640.067
0.000 0.000 0.000 0.000 772.891 0.000 380.762 388.478
493.024 0.000 876.693 0.000 390.305 753.580 667.164 884.194
776.480 0.000 0.000 0.000 734.211 847.975 915.676 766.624
0.000 571.318 0.000 410.813 0.000 0.000 350.356 0.000
552.382 618.198 0.000 0.000 743.747 0.000 408.539 697.797
836.367 886.100 424.440 0.000 338.014 0.000 0.000 375.683
0.000 0.000 739.588 0.000 987.685 951.039 850.031 0.000
671.338 0.000 0.000 500.403 892.754 0.000 0.000 0.000
0.000 972.265 0.000 0.000 488.619 0.000 0.000 0.000
0.000 658.624 331.859 0.000 329.285 619.991 659.057 0.000
0.000 590.451 581.884 300.992 962.452 0.000 684.416 629.750
781.302 0.000 0.000 802.735 524.353 0.000 969.478 368.441
624.803 0.000 0.000 0.000 0.000 553.284 0.000 0.000
0.000 0.000 0.000 525.498 509.441 352.420 0.000 812.663
0.000 569.663 0.000 334.686 0.000 0.000 741.297 420.496
635.261 0.000 0.000 0.000 593.106 0.000 0.000 0.000
407.780 0.000 915.896 0.000 0.000 0.000 994.571 0.000
441.445 0.000 0.000 0.000 0.000 430.417 778.779 382.935
839.983 0.000 661.551 659.659 503.872 678.796 0.000 0.000
359.999 590.000 676.628 767.075 0.000 0.000 0.000 0.000
0.000 991.241 563.766 0.000 707.001 0.000 866.961 0.000
584.534 0.000 0.000 0.000 0.000 0.000 0.000 0.000
0.000 918.611 0.000 0.000 0.000 707.403 0.000 667.240
632.624 0.000 793.904 780.934 794.819 0.000 714.016 0.000
0.000 0.000 963.225 0.000 518.331 0.000 839.324 604.703
0.000 0.000 0.000 493.519 0.000 696.235 886.150 0.000
0.000 0.000 380.837 0.000 353.799 0.000 0.000 330.987
909.977 0.000 779.278 423.851 618.784 0.000 0.000 0.000
723.068 0.000 0.000 0.000 959.150 342.378 0.000 523.590
347.813 0.000 0.000 346.111 639.065 0.000 0.000 443.446
635.925 0.000 896.755 624.537 335.840 0.000 758.681 0.000
732.648 694.157 770.041 405.262 0.000 0.000 375.899 0.000
0.000 642.167 456.814 560.164 0.000 0.000 0.000 0.000
863.585 0.000 0.000 0.000 427.980 0.000 0.000 369.917
0.000 442.447 344.670 0.000 0.000 774.902 833.714 371.960
887.652 463.184 380.190 707.948 0.000 0.000 0.000 453.413
397.970 0.000 0.000 0.000 0.000 0.000 0.000 0.000
0.000 895.214 0.000 0.000 0.000 0.000 0.000 0.000
0.000 0.000 375.368 421.721 956.046 0.000 798.882 541.569
0.000 0.000 0.000 0.000 342.697 388.257 749.915 0.000
556.920 935.506 805.689 0.000 0.000 653.841 970.629 0.000
394.103 945.003 489.296 0.000 657.239 0.000 0.000 0.000
371.581 715.430 0.000 497.705 924.363 851.942 0.000 0.000
373.238 0.000 473.020 361.246 0.000 0.000 0.000 0.000
944.862 0.000 0.000 0.000 0.000 367.065 0.000 786.400
0.000 471.919 312.495 859.128 0.000 450.901 781.016 403.568
0.000 0.000 373.646 334.038 396.340 0.000 0.000 599.079
0.000 0.000 544.920 0.000 0.000 0.000 558.622 0.000
0.000 0.000 0.000 0.000 758.865 348.998 470.846 409.176
0.000 0.000 833.933 0.000 0.000 455.085 0.000 590.180
601.399 599.364 911.810 622.438 387.874 0.000 690.338 0.000
565.765 0.000 0.000 949.900 0.000 0.000 0.000 458.082
874.921 0.000 779.185 975.774 0.000 529.898 0.000 830.479
392.538 0.000 0.000 0.000 0.000 447.311 551.784 591.059
0.000 0.000 731.962 0.000 514.008 998.163 537.170 632.916
741.399 308.501 537.587 401.373 0.000 0.000 484.697 0.000
0.000 553.203 0.000 0.000 0.000 0.000 0.000 0.000
907.708 720.594 992.095 0.000 0.000 0.000 0.000 665.801
910.325 0.000 531.713 0.000 0.000 891.354 573.867 560.383
0.000 512.467 372.371 0.000 0.000 0.000 0.000 0.000
0.000 754.673 876.784 601.801 0.000 0.000 970.636 904.165
0.000 0.000 318.320 0.000 839.858 438.280 913.266 973.709
0.000 0.000 0.000 875.833 0.000 705.248 745.742 0.000
747.636 0.000 0.000 594.073 0.000 980.540 538.855 0.000
532.932 0.000 309.347 977.675 0.000 0.000 583.554 533.149
537.842 0.000 0.000 660.012 490.295 951.480 0.000 506.287
393.391 0.000 0.000 433.417 0.000 773.602 951.816 0.000
423.820 0.000 0.000 0.000 974.277 0.000 600.988 0.000
0.000 712.777 0.000 419.534 998.444 0.000 367.583 314.626
330.578 790.517 568.401 575.190 0.000 343.252 0.000 384.608
0.000 972.223 0.000 0.000 0.000 0.000 0.000 0.000
0.000 402.872 0.000 837.757 836.591 0.000 0.000 944.519
0.000 0.000 774.488 0.000 873.199 0.000 0.000 468.937
0.000 0.000 0.000 0.000 0.000 0.000 427.657 0.000
353.388 0.000 0.000 0.000 0.000 783.575 0.000 0.000
770.281 0.000 0.000 449.914 0.000 0.000 766.522 934.224
0.000 0.000 609.702 769.651 787.772 0.000 656.353 728.077
0.000 0.000 883.765 0.000 0.000 0.000 0.000 446.211
0.000 791.268 0.000 869.999 797.486 570.802 0.000 0.000
664.151 0.000 986.241 843.187 585.675 0.000 0.000 479.776
0.000 0.000 0.000 547.077 871.272 785.313 769.063 0.000
603.118 962.294 0.000 642.181 0.000 0.000 554.356 714.483
0.000 0.000 0.000 364.942 0.000 714.803 837.378 0.000
0.000 843.261 0.000 708.106 0.000 701.569 361.445 0.000
0.000 0.000 537.897 0.000 0.000 0.000 0.000 642.800
0.000 782.682 303.299 706.895 0.000 0.000 0.000 833.728
697.976 945.446 529.271 761.269 720.323 583.428 752.698 0.000
405.941 0.000 961.207 946.099 0.000 0.000 0.000 0.000
873.700 0.000 817.479 344.119 0.000 0.000 0.000 0.000
887.265 0.000 0.000 0.000 0.000 0.000 0.000 946.729
337.276 0.000 0.000 912.355 0.000 612.453 420.254 0.000
0.000 334.253 635.095 417.342 329.591 429.529 0.000 0.000
0.000 0.000 665.480 874.540 0.000 0.000 0.000 621.059
0.000 956.470 842.029 0.000 307.249 0.000 0.000 0.000
0.000 0.000 0.000 585.861 411.087 0.000 579.199 0.000
0.000 848.772 0.000 854.961 0.000 865.566 949.984 0.000
0.000 0.000 0.000 0.000 0.000 822.197 901.794 312.916
414.436 459.501 0.000 513.744 0.000 0.000 883.528 0.000
832.471 861.401 916.077 355.357 504.227 601.176 0.000 0.000
633.768 996.951 0.000 0.000 0.000 0.000 0.000 919.007
0.000 764.269 0.000 997.536 0.000 0.000 387.614 750.777
0.000 0.000 963.206 686.649 0.000 621.975 505.876 0.000
697.688 0.000 0.000 470.782 0.000 0.000 563.952 373.226
0.000 676.008 514.009 0.000 870.423 425.523 0.000 0.000
545.115 510.169 0.000 0.000 670.493 0.000 342.165 0.000
0.000 989.388 765.434 958.461 0.000 0.000 0.000 445.531
0.000 0.000 925.174 0.000 0.000 870.287 0.000 831.831
701.846 0.000 0.000 0.000 0.000 506.210 758.661 0.000
0.000 0.000 876.957 0.000 710.398 0.000 875.324 0.000
0.000 0.000 885.186 0.000 0.000 0.000 0.000 788.002
742.179 442.984 895.162 914.754 980.316 623.124 0.000 0.000
529.630 0.000 971.588 595.694 0.000 847.692 472.098 690.847
493.173 427.266 0.000 712.786 0.000 0.000 783.113 593.345
953.049 0.000 0.000 0.000 512.664 962.341 915.147 0.000
805.867 0.000 988.993 490.109 476.119 932.637 0.000 0.000
0.000 777.464 0.000 467.925 0.000 0.000 0.000 0.000
662.997 358.989 0.000 747.994 0.000 672.566 590.069 0.000
955.606 947.697 847.540 0.000 473.928 562.993 0.000 0.000
0.000 575.494 0.000 0.000 870.970 773.450 922.430 690.345
0.000 792.575 605.729 530.090 0.000 0.000 0.000 796.318
0.000 531.043 0.000 0.000 0.000 675.129 905.038 0.000
956.912 997.957 663.735 544.864 817.913 605.941 0.000 517.383
889.781 0.000 0.000 0.000 0.000 666.099 683.407 627.551
338.700 0.000 0.000 678.798 882.979 972.990 0.000 511.513
0.000 0.000 722.951 834.120 454.559 0.000 0.000 0.000
0.000 0.000 643.187 0.000 644.005 0.000 0.000 803.395
582.196 0.000 0.000 762.726 0.000 0.000 0.000 0.000
0.000 421.022 0.000 0.000 0.000 521.732 448.896 540.482
0.000 459.921 923.991 929.344 0.000 469.700 415.282 0.000
513.451 419.726 918.079 0.000 455.421 0.000 0.000 308.655
0.000 520.598 841.002 0.000 0.000 683.041 0.000 587.056
978.474 721.995 0.000 579.882 476.865 936.519 0.000 445.414
0.000 650.320 583.876 896.514 352.813 319.230 572.297 654.572
0.000 0.000 902.351 0.000 813.206 0.000 0.000 0.000
670.887 0.000 896.670 0.000 858.406 0.000 833.033 650.509
0.000 636.549 0.000 651.413 435.500 0.000 357.317 0.000
0.000 369.166 826.623 0.000 0.000 879.545 700.113 366.162
887.566 0.000 534.207 953.882 956.916 0.000 357.683 601.666
0.000 0.000 824.915 868.492 0.000 0.000 840.981 338.461
437.008 354.321 0.000 0.000 790.661 0.000 946.946 433.473
628.593 0.000 0.000 528.193 607.138 558.652 0.000 0.000
825.080 0.000 0.000 0.000 0.000 0.000 0.000 479.743
661.411 956.878 0.000 0.000 0.000 911.236 0.000 742.985
812.630 629.613 0.000 368.998 842.675 872.342 0.000 0.000
0.000 0.000 954.296 613.890 0.000 0.000 0.000 939.238
0.000 303.855 416.489 0.000 0.000 433.574 417.154 646.898
0.000 670.344 0.000 398.550 509.186 350.304 0.000 537.337
0.000 0.000 412.773 0.000 0.000 0.000 425.730 993.818
917.538 481.628 0.000 0.000 0.000 496.011 536.188 0.000
375.690 0.000 654.734 848.746 719.377 0.000 0.000 0.000
378.661 0.000 480.935 0.000 0.000 0.000 727.142 0.000
0.000 0.000 0.000 0.000 0.000 804.850 0.000 0.000
789.724 0.000 855.882 0.000 550.558 0.000 0.000 600.033
984.461 459.442 913.845 0.000 310.849 0.000 544.721 0.000
0.000 0.000 0.000 0.000 0.000 615.449 0.000 0.000
937.418 0.000 681.890 0.000 992.886 0.000 0.000 0.000
0.000 0.000 793.467 532.378 644.596 0.000 821.361 0.000
467.977 415.363 0.000 0.000 772.745 0.000 869.143 534.597
0.000 442.616 0.000 0.000 0.000 0.000 0.000 0.000
0.000 0.000 304.021 0.000 0.000 483.021 306.126 568.094
0.000 0.000 726.124 0.000 311.189 301.657 856.704 712.705
0.000 362.250 0.000 775.641 567.139 0.000 0.000 0.000
0.000 0.000 0.000 633.686 0.000 0.000 575.279 0.000
729.271 796.235 0.000 505.529 0.000 333.461 0.000 0.000
905.921 958.913 0.000 0.000 0.000 816.389 936.428 0.000
0.000 311.721 0.000 0.000 0.000 491.760 0.000 0.000
0.000 0.000 756.372 0.000 0.000 0.000 914.813 529.533
743.008 539.039 0.000 661.516 0.000 0.000 0.000 0.000
850.937 376.718 0.000 0.000 0.000 552.743 990.589 0.000
330.282 648.793 550.497 690.939 0.000 879.127 0.000 0.000
0.000 820.861 0.000 0.000 0.000 0.000 805.972 0.000
721.397 0.000 704.288 0.000 783.159 768.163 0.000 0.000
816.992 605.927 0.000 0.000 594.283 727.170 731.105 385.499
448.784 752.911 639.877 0.000 610.458 447.607 0.000 316.956
0.000 793.858 0.000 889.491 0.000 0.000 0.000 0.000
0.000 362.718 567.077 0.000 890.756 0.000 0.000 340.213
674.756 0.000 844.497 0.000 0.000 683.614 348.278 0.000
774.120 661.572 0.000 768.421 685.202 0.000 652.114 0.000
0.000 438.920 0.000 876.317 756.184 785.982 0.000 445.626
796.643 713.200 0.000 608.331 0.000 0.000 0.000 574.046
983.942 635.218 667.569 0.000 384.725 0.000 905.441 818.140
723.399 813.192 458.239 865.658 387.898 0.000 0.000 0.000
917.410 0.000 0.000 595.887 0.000 690.721 0.000 0.000
781.605 682.602 0.000 0.000 354.322 0.000 0.000 0.000
0.000 0.000 384.668 946.250 939.282 815.617 0.000 391.534
0.000 546.687 0.000 0.000 955.422 577.433 313.052 0.000
0.000 435.354 504.465 863.594 0.000 0.000 0.000 367.190
326.543 766.765 783.296 501.936 935.982 0.000 0.000 584.129
314.202 550.365 0.000 605.527 953.073 498.678 622.434 0.000
699.941 0.000 0.000 0.000 0.000 0.000 0.000 576.431
788.529 0.000 546.282 0.000 973.925 0.000 0.000 0.000
0.000 853.928 0.000 882.554 0.000 698.453 395.693 855.431
0.000 0.000 0.000 630.783 407.825 0.000 644.885 702.201
663.855 677.106 391.465 847.168 719.076 771.984 492.657 739.811
865.670 955.933 0.000 857.452 0.000 0.000 810.142 0.000
865.365 482.842 371.199 0.000 453.109 897.505 0.000 346.133
0.000 0.000 0.000 326.260 0.000 0.000 926.138 503.115
0.000 0.000 0.000 912.204 0.000 724.178 0.000 0.000
0.000 607.856 849.422 0.000 0.000 0.000 944.242 0.000
0.000 0.000 331.645 0.000 0.000 333.107 0.000 654.374
0.000 824.660 648.527 807.447 0.000 0.000 0.000 804.779
0.000 532.626 0.000 339.184 880.255 0.000 0.000 594.607
508.772 0.000 556.840 0.000 541.660 0.000 958.604 0.000
685.245 0.000 660.720 0.000 0.000 0.000 0.000 537.274
0.000 537.078 339.464 0.000 0.000 0.000 957.181 423.319
0.000 941.112 415.457 0.000 350.765 651.066 0.000 0.000
849.320 980.628 0.000 925.846 593.739 647.398 0.000 882.395
810.936 494.018 717.727 0.000 910.103 464.295 432.084 0.000
578.046 468.208 688.670 678.980 303.771 0.000 704.901 330.875
624.066 736.276 702.202 0.000 643.348 0.000 0.000 334.602
303.114 969.382 0.000 807.900 0.000 0.000 0.000 644.264
0.000 504.920 981.440 0.000 0.000 755.787 848.578 682.559
0.000 0.000 0.000 547.247 452.652 440.513 987.239 0.000
0.000 756.536 827.281 0.000 522.981 0.000 0.000 0.000
610.691 849.461 803.162 0.000 558.261 0.000 0.000 0.000
741.415 824.397 0.000 743.228 0.000 338.358 0.000 0.000
836.675 0.000 0.000 577.656 0.000 970.823 371.641 952.229
0.000 0.000 0.000 0.000 0.000 0.000 678.751 0.000
0.000 899.929 896.789 0.000 563.719 404.768 0.000 624.622
430.834 442.827 733.776 0.000 0.000 474.149 372.100 418.879
844.303 0.000 0.000 0.000 0.000 919.392 0.000 888.781
486.905 0.000 0.000 0.000 923.010 788.172 0.000 486.356
0.000 0.000 0.000 0.000 770.347 0.000 764.999 518.597
700.924 418.734 0.000 371.061 0.000 0.000 526.415 0.000
0.000 0.000 852.871 0.000 0.000 865.937 999.527 0.000
820.678 0.000 926.309 625.590 481.914 0.000 0.000 689.075
0.000 0.000 0.000 466.237 721.109 0.000 455.568 0.000
587.141 931.710 859.327 0.000 0.000 0.000 478.945 0.000
309.336 0.000 569.486 538.790 0.000 917.698 352.736 405.381
695.666 0.000 847.321 717.090 0.000 964.611 0.000 531.402
339.311 0.000 320.799 681.707 526.847 0.000 0.000 0.000
0.000 0.000 0.000 0.000 0.000 0.000 799.084 623.444
