539.314 0.000 827.819 385.233 667.315 919.851 0.000 0.000
559.994 377.872 0.000 844.078 774.846 0.000 698.251 616.095
0.000 798.170 0.000 0.000 0.000 915.425 0.000 679.571
351.973 938.876 0.000 300.556 0.000 0.000 0.000 742.848
895.511 600.913 0.000 727.213 0.000 0.000 0.000 0.000
0.000 0.000 624.736 507.266 0.000 737.636 0.000 0.000
488.239 452.295 682.520 0.000 0.000 0.000 573.311 0.000
828.215 0.000 0.000 785.787 530.225 0.000 312.289 0.000
0.000 0.000 705.441 642.859 582.152 303.617 0.000 0.000
499.935 717.430 891.201 518.464 0.000 0.000 0.000 977.077
689.885 376.097 507.567 948.164 0.000 957.791 668.108 494.504
366.898 0.000 0.000 0.000 0.000 758.540 0.000 0.000
831.288 0.000 485.609 0.000 0.000 332.814 792.487 0.000
0.000 989.895 0.000 0.000 716.540 917.003 302.889 559.092
0.000 0.000 0.000 0.000 444.289 937.865 0.000 0.000
983.992 0.000 0.000 344.751 631.428 362.768 754.713 0.000
0.000 885.865 753.721 0.000 0.000 0.000 0.000 0.000
0.000 0.000 0.000 0.000 661.079 975.731 0.000 0.000
822.423 0.000 746.702 364.139 0.000 0.000 610.291 0.000
923.459 453.934 433.242 0.000 301.731 955.715 503.366 0.000
0.000 0.000 821.873 833.148 668.434 0.000 0.000 561.969
0.000 0.000 591.834 694.080 933.185 0.000 302.954 977.234
0.000 0.000 0.000 0.000 0.000 310.873 0.000 0.000
679.425 556.137 706.176 0.000 0.000 830.092 378.614 0.000
566.715 983.313 607.481 850.012 906.732 460.311 750.901 593.965
927.351 885.691 891.657 830.346 747.196 0.000 0.000 0.000
908.163 577.930 0.000 0.000 0.000 0.000 536.017 909.352
667.003 0.000 0.000 0.000 0.000 504.628 476.122 0.000
656.487 755.259 0.000 917.671 323.345 0.000 0.000 0.000
555.910 0.000 0.000 339.179 546.829 588.868 787.526 0.000
0.000 306.791 0.000 996.273 0.000 0.000 767.538 789.992
0.000 0.000 0.000 620.729 0.000 0.000 0.000 0.000
956.565 0.000 0.000 0.000 0.000 890.304 0.000 0.000
0.000 0.000 701.243 698.789 0.000 0.000 766.947 663.359
819.148 940.011 0.000 0.000 830.664 0.000 925.600 786.243
0.000 585.857 518.017 0.000 0.000 0.000 0.000 0.000
469.479 0.000 0.000 0.000 0.000 764.361 0.000 0.000
649.241 907.310 0.000 478.162 0.000 0.000 537.755 312.091
709.774 0.000 767.432 330.369 0.000 0.000 967.321 0.000
326.926 0.000 0.000 0.000 0.000 0.000 0.000 315.287
0.000 937.462 986.494 469.659 682.701 0.000 0.000 313.896
0.000 0.000 0.000 309.441 0.000 0.000 423.868 0.000
0.000 495.319 0.000 709.926 0.000 946.621 673.791 0.000
0.000 524.623 0.000 0.000 0.000 614.011 0.000 388.558
0.000 365.098 0.000 0.000 0.000 380.802 0.000 927.979
471.903 881.062 0.000 0.000 881.255 0.000 856.691 0.000
0.000 0.000 0.000 0.000 0.000 0.000 688.815 0.000
473.529 854.292 773.849 808.648 0.000 624.305 0.000 694.918
0.000 375.594 0.000 370.586 0.000 0.000 0.000 0.000
736.087 0.000 0.000 757.231 547.100 768.282 342.310 744.357
0.000 471.591 0.000 555.872 508.334 736.429 0.000 0.000
678.213 0.000 891.616 0.000 842.641 0.000 303.252 899.962
300.788 0.000 668.228 328.118 754.755 0.000 0.000 0.000
786.290 729.077 779.168 0.000 0.000 0.000 908.078 300.495
0.000 0.000 0.000 0.000 816.597 827.472 0.000 801.883
631.471 0.000 0.000 780.237 582.104 798.140 735.715 624.048
0.000 0.000 0.000 811.015 380.149 0.000 809.484 349.519
0.000 0.000 0.000 0.000 367.357 596.494 610.372 605.063
811.629 635.089 0.000 0.000 0.000 622.021 399.486 0.000
0.000 619.464 776.616 536.508 0.000 0.000 0.000 425.349
441.210 865.469 480.978 600.455 403.932 757.950 837.406 300.502
0.000 0.000 0.000 431.713 0.000 0.000 0.000 0.000
988.577 888.389 964.808 318.104 345.738 0.000 624.040 0.000
353.342 0.000 0.000 0.000 479.978 0.000 920.165 969.401
0.000 0.000 680.811 0.000 0.000 302.571 0.000 0.000
0.000 328.312 963.163 320.077 0.000 0.000 0.000 701.613
0.000 616.790 447.121 372.930 0.000 422.791 0.000 0.000
0.000 0.000 763.597 0.000 0.000 0.000 865.840 0.000
0.000 700.441 574.124 308.749 483.345 853.351 0.000 316.544
919.172 752.269 0.000 593.014 595.253 831.998 0.000 786.123
0.000 0.000 667.603 531.402 0.000 876.550 664.663 828.037
0.000 673.102 889.520 0.000 0.000 0.000 831.747 306.451
451.496 0.000 0.000 0.000 0.000 947.439 446.778 0.000
672.332 654.619 525.655 313.691 0.000 842.082 918.644 705.696
0.000 0.000 854.568 0.000 622.864 0.000 307.610 0.000
0.000 0.000 0.000 441.288 0.000 0.000 0.000 0.000
693.535 740.662 0.000 0.000 335.900 635.115 471.392 618.654
0.000 740.431 0.000 0.000 477.688 0.000 0.000 612.815
379.890 488.043 0.000 0.000 759.569 0.000 0.000 699.047
862.917 0.000 697.435 0.000 0.000 0.000 0.000 881.960
864.997 0.000 571.120 0.000 0.000 739.115 0.000 0.000
0.000 885.243 0.000 656.363 0.000 690.296 411.795 723.140
695.757 537.334 0.000 0.000 0.000 0.000 0.000 909.127
547.383 937.046 845.858 574.119 0.000 849.541 494.322 754.022
0.000 0.000 0.000 0.000 772.769 954.021 0.000 0.000
0.000 429.090 414.498 0.000 0.000 0.000 0.000 0.000
0.000 666.771 903.761 353.229 0.000 0.000 0.000 347.847
0.000 0.000 0.000 0.000 930.247 718.558 346.537 0.000
0.000 742.813 0.000 884.051 441.668 0.000 878.246 480.826
780.691 932.815 0.000 642.795 0.000 0.000 0.000 0.000
0.000 0.000 0.000 0.000 0.000 0.000 0.000 852.036
0.000 430.561 0.000 780.448 961.853 557.045 0.000 0.000
784.223 0.000 0.000 878.940 789.177 0.000 0.000 434.950
352.534 0.000 871.435 0.000 569.041 0.000 0.000 417.155
0.000 579.988 0.000 0.000 525.783 638.578 400.453 684.025
889.576 567.622 822.879 870.931 0.000 717.385 769.468 989.621
0.000 394.455 0.000 0.000 0.000 0.000 902.369 0.000
0.000 521.051 571.331 0.000 0.000 0.000 667.255 0.000
624.230 0.000 0.000 827.267 0.000 721.444 348.931 0.000
0.000 0.000 0.000 0.000 0.000 938.856 0.000 376.007
994.306 0.000 790.332 734.590 0.000 0.000 723.227 0.000
694.616 0.000 0.000 899.485 0.000 983.549 502.634 386.815
0.000 0.000 726.016 0.000 878.337 0.000 0.000 0.000
439.446 439.478 0.000 500.921 0.000 0.000 567.731 930.366
926.542 0.000 0.000 0.000 375.848 387.574 0.000 647.313
0.000 0.000 789.298 0.000 863.322 0.000 0.000 937.236
0.000 661.927 752.067 455.738 0.000 0.000 0.000 693.696
0.000 0.000 721.964 0.000 642.825 808.181 358.293 625.965
0.000 394.635 0.000 679.624 833.882 0.000 842.309 0.000
634.710 535.675 402.439 0.000 496.355 690.732 0.000 0.000
858.345 515.543 336.661 791.918 466.017 0.000 423.570 695.580
0.000 0.000 0.000 0.000 964.177 444.463 425.477 636.682
0.000 0.000 832.117 438.744 550.568 502.647 0.000 986.682
782.379 739.632 673.900 0.000 415.465 474.766 0.000 360.733
0.000 814.001 698.487 635.845 351.859 326.267 400.582 0.000
890.472 524.946 784.165 0.000 591.770 987.753 376.654 826.967
0.000 836.900 0.000 0.000 0.000 0.000 0.000 0.000
931.413 0.000 404.633 961.887 531.085 0.000 484.701 0.000
780.841 0.000 362.973 656.007 0.000 803.020 0.000 404.394
479.637 0.000 863.723 645.967 757.121 488.586 0.000 0.000
0.000 412.609 0.000 406.208 332.898 968.488 556.847 355.000
470.670 0.000 828.320 0.000 0.000 0.000 0.000 0.000
506.536 0.000 786.464 713.598 0.000 0.000 971.806 0.000
406.654 931.078 811.910 395.010 470.740 0.000 0.000 0.000
308.459 0.000 553.677 0.000 850.282 0.000 0.000 0.000
326.346 799.856 0.000 0.000 635.277 739.084 566.231 338.021
0.000 0.000 0.000 381.761 858.996 0.000 0.000 615.603
772.070 0.000 700.746 0.000 841.031 865.674 0.000 842.494
0.000 0.000 0.000 0.000 910.330 949.077 633.585 744.893
0.000 0.000 502.706 0.000 0.000 0.000 0.000 0.000
861.701 0.000 519.863 0.000 921.607 0.000 0.000 0.000
313.864 0.000 679.148 0.000 457.000 0.000 0.000 0.000
683.534 0.000 621.176 854.443 0.000 476.831 304.313 437.035
0.000 616.312 0.000 0.000 0.000 0.000 0.000 325.102
0.000 0.000 320.231 0.000 861.602 557.672 0.000 0.000
637.942 955.156 0.000 309.570 861.989 0.000 619.111 687.514
391.438 934.139 426.272 763.204 705.119 0.000 0.000 403.036
898.024 623.050 821.121 0.000 807.638 0.000 0.000 340.683
928.546 416.665 0.000 684.617 536.456 0.000 0.000 995.320
0.000 976.243 430.614 867.537 0.000 0.000 414.907 0.000
362.885 0.000 0.000 0.000 0.000 0.000 342.424 0.000
874.458 0.000 767.829 0.000 735.252 753.221 0.000 801.870
770.279 659.981 0.000 0.000 804.811 0.000 0.000 0.000
737.953 844.099 0.000 0.000 842.302 403.664 0.000 361.395
0.000 0.000 0.000 0.000 0.000 0.000 458.778 428.468
573.817 0.000 0.000 0.000 0.000 0.000 780.205 335.737
806.416 0.000 0.000 956.359 992.572 982.486 860.973 0.000
336.131 767.349 0.000 624.725 373.679 0.000 0.000 349.531
900.927 440.945 0.000 0.000 525.234 861.873 608.260 656.460
0.000 910.252 317.518 0.000 0.000 547.566 887.450 316.659
423.920 0.000 0.000 305.429 582.287 0.000 0.000 0.000
954.965 0.000 0.000 434.073 595.244 917.945 0.000 834.322
0.000 0.000 0.000 470.734 0.000 323.311 0.000 0.000
0.000 0.000 0.000 825.524 0.000 616.546 0.000 974.816
973.839 0.000 793.273 0.000 0.000 0.000 370.951 0.000
486.673 548.839 306.998 0.000 0.000 0.000 0.000 555.433
709.067 0.000 0.000 528.255 814.160 0.000 850.109 0.000
0.000 0.000 0.000 0.000 0.000 605.884 614.660 619.853
0.000 0.000 887.318 968.350 0.000 0.000 561.908 0.000
692.356 0.000 964.732 0.000 409.868 0.000 0.000 0.000
0.000 0.000 323.110 0.000 564.610 700.567 0.000 624.147
794.771 0.000 0.000 706.917 0.000 0.000 567.337 317.529
0.000 810.138 719.513 977.137 305.060 0.000 358.892 533.852
633.381 0.000 0.000 833.332 0.000 492.926 0.000 342.286
0.000 0.000 975.763 495.083 996.494 777.595 559.252 628.453
0.000 492.386 896.713 0.000 445.993 0.000 366.689 0.000
0.000 0.000 514.399 878.129 0.000 0.000 0.000 904.627
0.000 882.472 0.000 721.602 0.000 792.120 553.972 859.962
0.000 545.598 760.457 0.000 0.000 0.000 0.000 679.641
0.000 648.473 881.864 418.472 0.000 738.291 0.000 735.966
0.000 989.547 0.000 0.000 680.417 782.789 0.000 993.470
0.000 0.000 847.072 618.091 0.000 0.000 484.678 0.000
493.084 0.000 0.000 509.102 823.987 0.000 384.123 0.000
0.000 0.000 0.000 984.748 0.000 902.664 885.343 0.000
734.102 682.738 0.000 579.059 882.528 0.000 796.381 0.000
398.202 0.000 0.000 599.700 687.666 878.164 511.984 484.139
880.527 593.449 0.000 375.822 778.387 0.000 0.000 0.000
0.000 0.000 0.000 465.725 0.000 659.538 0.000 0.000
0.000 0.000 0.000 823.361 702.979 509.886 716.108 0.000
0.000 538.072 0.000 943.427 0.000 808.782 814.017 522.357
420.512 554.664 519.520 0.000 0.000 0.000 545.933 0.000
0.000 0.000 789.300 0.000 785.788 770.303 0.000 442.628
0.000 508.559 689.385 0.000 0.000 578.634 0.000 641.367
0.000 0.000 400.142 505.949 0.000 0.000 347.899 357.611
518.030 702.595 798.152 710.706 0.000 717.504 373.166 0.000
498.509 0.000 0.000 988.033 873.475 0.000 0.000 848.264
0.000 821.781 0.000 658.982 534.749 942.428 0.000 428.500
704.802 0.000 903.542 518.666 620.291 411.405 0.000 523.790
512.252 553.418 987.326 845.799 970.084 430.715 957.406 0.000
947.050 820.192 731.569 0.000 0.000 531.297 0.000 0.000
710.562 0.000 977.368 0.000 0.000 0.000 0.000 0.000
992.252 909.389 0.000 674.248 0.000 0.000 0.000 0.000
0.000 994.284 934.299 937.801 362.882 0.000 718.794 0.000
671.889 0.000 0.000 0.000 762.059 572.857 0.000 521.368
0.000 0.000 429.585 0.000 0.000 0.000 791.307 0.000
0.000 407.408 0.000 0.000 0.000 0.000 455.590 759.022
983.718 0.000 569.611 0.000 0.000 0.000 0.000 0.000
0.000 898.917 0.000 0.000 0.000 889.168 0.000 0.000
0.000 985.393 687.371 0.000 0.000 0.000 0.000 0.000
0.000 0.000 0.000 619.778 960.134 309.798 501.904 0.000
726.707 0.000 496.217 778.161 518.494 0.000 0.000 0.000
0.000 0.000 836.126 528.970 0.000 0.000 587.156 0.000
0.000 962.928 0.000 0.000 0.000 369.710 302.710 993.144
987.155 357.557 0.000 0.000 0.000 0.000 0.000 989.940
725.984 0.000 688.392 643.726 947.176 0.000 0.000 904.015
0.000 983.892 0.000 755.749 0.000 850.096 302.169 0.000
0.000 0.000 0.000 553.717 0.000 733.371 640.731 0.000
698.722 962.382 0.000 0.000 408.937 0.000 580.746 864.249
613.334 966.226 984.822 708.705 685.349 791.211 748.497 0.000
554.160 0.000 0.000 835.903 0.000 0.000 0.000 0.000
971.844 372.596 0.000 809.678 0.000 423.122 0.000 0.000
824.086 548.237 0.000 0.000 609.493 0.000 0.000 0.000
0.000 641.703 779.110 0.000 0.000 0.000 671.051 0.000
736.029 832.050 0.000 0.000 830.673 0.000 0.000 623.352
0.000 0.000 759.069 0.000 0.000 0.000 0.000 0.000
0.000 0.000 919.135 0.000 0.000 856.365 303.846 0.000
0.000 0.000 309.850 0.000 977.320 0.000 471.822 330.355
0.000 759.884 825.023 0.000 0.000 888.858 524.119 0.000
0.000 0.000 733.834 505.733 370.089 0.000 0.000 952.351
0.000 900.746 797.400 878.974 0.000 0.000 0.000 0.000
776.762 543.999 0.000 304.223 0.000 760.120 423.701 0.000
0.000 0.000 0.000 0.000 666.352 530.133 0.000 489.479
0.000 615.462 887.727 402.683 819.313 529.474 613.958 0.000
0.000 752.826 791.599 0.000 866.279 673.865 0.000 0.000
0.000 0.000 315.166 0.000 0.000 0.000 0.000 0.000
0.000 885.611 0.000 445.653 884.680 494.979 0.000 925.587
575.277 0.000 546.628 667.044 438.277 382.615 0.000 0.000
0.000 710.838 327.709 0.000 892.213 423.097 665.908 423.394
0.000 937.090 0.000 0.000 0.000 0.000 0.000 951.346
0.000 455.892 0.000 0.000 0.000 460.598 0.000 551.685
0.000 556.619 0.000 0.000 858.873 706.729 0.000 308.618
0.000 0.000 0.000 0.000 0.000 982.017 367.279 856.360
0.000 941.630 0.000 0.000 965.639 0.000 0.000 366.743
0.000 0.000 666.498 485.858 0.000 0.000 0.000 0.000
0.000 0.000 0.000 362.696 0.000 0.000 0.000 820.951
824.392 650.921 578.542 0.000 0.000 996.884 880.386 605.929
0.000 0.000 0.000 0.000 0.000 821.888 776.423 0.000
749.527 0.000 0.000 365.491 855.270 809.497 431.458 999.111
0.000 0.000 0.000 0.000 0.000 416.964 615.306 0.000
902.882 0.000 0.000 575.028 518.186 887.852 0.000 0.000
0.000 596.651 639.878 532.773 962.069 0.000 760.288 859.500
0.000 994.404 0.000 669.878 940.686 0.000 778.004 0.000
409.715 0.000 802.561 0.000 586.139 0.000 928.937 481.448
0.000 0.000 0.000 349.731 678.676 0.000 0.000 980.186
0.000 555.944 0.000 662.277 469.871 736.838 548.667 745.946
0.000 0.000 300.371 0.000 823.147 0.000 0.000 0.000
0.000 0.000 0.000 823.210 381.907 906.164 0.000 0.000
821.419 910.541 678.729 617.632 0.000 326.619 0.000 869.116
0.000 0.000 620.109 695.925 478.303 0.000 0.000 0.000
833.039 0.000 803.821 0.000 520.318 0.000 0.000 0.000
505.490 0.000 598.380 805.052 0.000 0.000 533.144 611.882
0.000 0.000 601.670 0.000 0.000 0.000 378.257 788.571
0.000 981.362 0.000 0.000 0.000 301.885 570.898 322.658
0.000 0.000 0.000 0.000 908.578 0.000 0.000 0.000
0.000 999.285 0.000 0.000 0.000 0.000 0.000 0.000
0.000 970.190 0.000 639.298 468.636 0.000 0.000 485.738
0.000 0.000 917.737 823.011 325.587 595.991 0.000 0.000
0.000 655.155 0.000 874.583 361.691 332.422 865.176 352.368
892.562 946.488 383.149 0.000 790.552 0.000 304.917 0.000
348.142 0.000 0.000 486.062 0.000 955.925 0.000 633.402
0.000 518.625 973.675 0.000 0.000 0.000 810.137 605.656
0.000 0.000 0.000 904.193 597.338 0.000 0.000 894.424
483.773 0.000 0.000 0.000 0.000 899.786 659.367 753.817
825.513 926.798 554.560 0.000 0.000 547.364 970.849 0.000
0.000 0.000 0.000 869.941 617.129 314.932 0.000 712.055
0.000 347.205 820.598 0.000 0.000 302.438 827.274 0.000
786.502 0.000 394.285 0.000 0.000 0.000 0.000 813.553
0.000 346.596 778.750 0.000 466.463 940.018 0.000 0.000
595.631 954.406 0.000 640.951 585.034 0.000 841.270 0.000
0.000 840.821 506.046 589.234 488.944 0.000 735.678 0.000
515.125 0.000 0.000 838.727 0.000 539.672 618.585 520.000
606.033 0.000 0.000 0.000 0.000 978.136 932.833 0.000
0.000 608.942 0.000 852.063 0.000 806.178 544.785 0.000
0.000 0.000 0.000 911.840 716.440 852.769 493.641 0.000
0.000 0.000 345.227 0.000 425.123 886.734 0.000 0.000
618.396 0.000 0.000 853.253 732.034 482.755 0.000 0.000
877.275 828.640 334.048 334.382 0.000 0.000 610.135 0.000
0.000 776.652 958.138 541.206 0.000 447.236 0.000 0.000
689.034 874.158 0.000 493.452 0.000 0.000 0.000 311.815
0.000 0.000 758.169 0.000 0.000 0.000 0.000 404.928
898.600 0.000 0.000 849.367 0.000 673.399 753.364 0.000
306.447 0.000 763.234 0.000 319.315 662.845 344.950 614.833
0.000 0.000 410.719 863.592 0.000 0.000 0.000 908.099
0.000 0.000 897.335 0.000 450.021 752.046 0.000 0.000
0.000 569.987 744.702 0.000 0.000 928.111 846.629 378.155
895.783 496.394 0.000 862.017 985.915 0.000 806.041 0.000
495.831 359.438 0.000 0.000 764.108 796.747 630.530 902.922
0.000 531.496 0.000 0.000 319.819 323.431 959.979 457.983
797.236 0.000 0.000 0.000 0.000 683.521 0.000 0.000
0.000 658.262 0.000 0.000 0.000 0.000 0.000 0.000
0.000 0.000 684.911 0.000 0.000 0.000 715.970 0.000
313.822 590.049 423.858 0.000 0.000 530.978 505.956 0.000
659.206 794.931 0.000 842.053 0.000 453.112 498.101 0.000
720.340 0.000 851.254 0.000 0.000 0.000 0.000 0.000
612.173 0.000 0.000 0.000 516.375 0.000 813.532 0.000
633.390 0.000 0.000 0.000 0.000 0.000 0.000 401.348
0.000 458.354 0.000 0.000 472.260 0.000 0.000 765.215
0.000 514.235 654.640 0.000 358.340 740.954 750.201 0.000
0.000 0.000 759.094 0.000 0.000 0.000 0.000 0.000
0.000 592.433 0.000 588.223 0.000 0.000 644.042 875.928
904.524 866.611 0.000 536.993 797.168 693.764 550.353 963.848
534.765 0.000 476.297 0.000 0.000 520.396 0.000 761.789
0.000 0.000 506.006 391.974 669.741 0.000 383.605 680.956
0.000 0.000 425.179 522.136 960.772 0.000 0.000 0.000
498.489 937.451 874.169 0.000 872.477 0.000 0.000 431.883
0.000 474.214 596.231 0.000 0.000 0.000 0.000 0.000
882.457 0.000 621.627 564.369 0.000 872.844 894.987 0.000
0.000 0.000 0.000 0.000 674.401 609.005 629.672 733.877
0.000 0.000 577.174 472.720 0.000 652.403 0.000 0.000
654.393 0.000 0.000 0.000 505.679 0.000 0.000 638.167
578.574 548.940 0.000 0.000 957.788 0.000 0.000 0.000
0.000 692.759 0.000 924.772 0.000 0.000 680.162 0.000
0.000 843.917 940.323 392.514 0.000 0.000 0.000 648.709
0.000 0.000 849.065 493.854 963.193 0.000 0.000 394.969
0.000 0.000 940.789 0.000 438.864 0.000 870.758 583.243
0.000 0.000 356.857 946.927 0.000 473.659 0.000 804.984
675.445 915.761 0.000 0.000 818.667 0.000 714.314 426.865
0.000 796.118 0.000 0.000 0.000 0.000 0.000 0.000
0.000 853.328 645.868 0.000 954.321 0.000 442.747 574.574
658.550 680.445 628.312 0.000 628.354 982.486 0.000 798.716
0.000 0.000 626.487 0.000 787.743 0.000 814.091 386.783
0.000 0.000 503.454 573.603 0.000 677.958 0.000 804.377
466.457 596.555 416.657 715.597 761.906 0.000 0.000 0.000
425.577 810.989 652.419 0.000 0.000 770.704 587.959 0.000
583.731 0.000 0.000 740.903 548.193 633.809 985.231 720.869
0.000 0.000 0.000 0.000 562.114 0.000 829.729 0.000
474.749 818.209 0.000 0.000 0.000 713.576 0.000 707.237
0.000 0.000 352.814 541.760 354.552 0.000 0.000 738.682
0.000 300.907 0.000 824.949 443.584 0.000 0.000 0.000
743.200 535.591 738.378 0.000 0.000 468.869 715.596 482.512
546.070 0.000 0.000 0.000 818.502 704.643 0.000 0.000
0.000 646.369 386.941 0.000 656.892 527.762 767.090 552.124
345.836 0.000 728.026 317.905 716.832 0.000 0.000 0.000
0.000 364.569 524.684 0.000 660.741 469.176 0.000 944.744
874.599 0.000 0.000 844.917 0.000 535.844 471.498 0.000
0.000 852.692 909.602 577.859 0.000 732.987 0.000 516.780
0.000 973.718 0.000 763.716 0.000 0.000 528.764 0.000
0.000 0.000 0.000 0.000 0.000 895.504 0.000 435.338
420.370 0.000 0.000 842.481 0.000 856.538 650.985 935.600
604.256 0.000 664.961 547.981 949.885 0.000 0.000 497.788
657.784 0.000 0.000 0.000 0.000 0.000 951.342 0.000
573.979 0.000 761.765 0.000 892.387 934.044 0.000 0.000
0.000 0.000 0.000 319.470 0.000 499.096 0.000 925.201
942.008 674.551 0.000 0.000 382.191 828.511 0.000 0.000
575.530 0.000 0.000 0.000 0.000 698.972 355.985 0.000
0.000 884.465 0.000 0.000 851.165 749.062 365.405 861.731
476.921 0.000 623.096 0.000 0.000 681.382 795.066 355.279
0.000 0.000 550.338 829.904 0.000 0.000 0.000 0.000
584.828 0.000 0.000 715.803 0.000 736.159 419.459 952.101
0.000 606.813 701.114 979.669 306.424 803.450 0.000 0.000
0.000 557.573 881.509 0.000 0.000 723.212 445.144 481.477
0.000 0.000 431.087 384.188 343.152 621.739 333.532 0.000
880.036 0.000 811.204 0.000 0.000 375.830 0.000 800.197
614.297 0.000 0.000 0.000 0.000 448.236 0.000 675.165
950.350 0.000 0.000 537.918 0.000 0.000 0.000 501.050
350.140 0.000 0.000 0.000 0.000 321.686 481.748 0.000
996.067 0.000 732.706 0.000 0.000 876.912 0.000 602.789
0.000 0.000 330.266 0.000 654.197 0.000 0.000 0.000
0.000 0.000 863.419 492.892 0.000 784.872 0.000 652.198
0.000 0.000 0.000 504.934 0.000 0.000 647.559 0.000
0.000 0.000 578.309 0.000 561.756 0.000 0.000 431.078
632.206 814.846 542.390 0.000 520.865 974.883 0.000 982.449
0.000 402.068 0.000 482.577 576.724 738.235 422.685 0.000
0.000 0.000 889.528 0.000 815.023 613.627 0.000 654.737
0.000 0.000 869.675 0.000 0.000 475.757 0.000 501.499
922.328 0.000 0.000 0.000 0.000 898.617 0.000 456.259
318.091 653.165 0.000 827.115 692.243 412.708 747.316 0.000
0.000 790.653 631.791 514.505 818.036 384.862 937.174 0.000
707.661 0.000 0.000 0.000 381.403 993.452 593.068 578.988
303.421 699.511 429.444 370.381 359.528 0.000 0.000 452.747
0.000 0.000 0.000 0.000 523.989 0.000 348.065 0.000
0.000 0.000 493.557 403.739 0.000 0.000 399.781 0.000
475.041 578.078 0.000 353.112 695.852 0.000 894.240 938.473
0.000 649.980 0.000 0.000 0.000 514.588 0.000 0.000
0.000 407.826 0.000 743.713 813.173 0.000 0.000 440.832
729.618 913.238 0.000 312.123 870.225 949.699 0.000 549.602
781.421 0.000 399.155 864.609 0.000 600.809 776.860 0.000
397.573 343.051 654.773 385.947 0.000 742.774 0.000 0.000
518.320 335.938 806.891 817.032 0.000 520.284 634.477 0.000
756.100 589.510 0.000 339.688 0.000 0.000 688.875 548.690
0.000 982.918 0.000 0.000 519.068 0.000 579.162 509.218
666.782 423.649 419.851 836.287 0.000 0.000 831.524 996.610
0.000 0.000 571.508 0.000 0.000 714.075 0.000 846.535
0.000 0.000 588.791 0.000 0.000 0.000 0.000 0.000
662.073 695.844 850.478 770.407 0.000 407.773 0.000 0.000
844.027 0.000 0.000 0.000 781.903 979.503 678.886 0.000
564.027 611.933 731.325 0.000 0.000 846.724 0.000 0.000
0.000 871.310 487.740 0.000 318.059 0.000 347.850 751.329
338.025 725.237 0.000 0.000 879.362 0.000 655.541 761.633
0.000 0.000 526.273 703.013 524.117 308.130 0.000 345.914
0.000 0.000 345.023 748.206 400.305 0.000 660.586 0.000
0.000 509.144 976.261 0.000 0.000 781.827 0.000 0.000
735.885 0.000 0.000 595.100 0.000 829.375 739.735 0.000
0.000 0.000 0.000 632.855 0.000 707.679 694.789 753.415
974.535 697.812 0.000 627.257 724.801 707.561 0.000 0.000
0.000 657.601 0.000 796.981 463.873 783.326 714.700 494.726
0.000 0.000 0.000 976.786 945.417 719.355 758.547 0.000
0.000 0.000 826.950 0.000 830.966 892.639 0.000 629.244
735.426 872.650 612.648 0.000 979.545 0.000 0.000 0.000
0.000 0.000 0.000 737.198 895.595 902.299 569.414 0.000
0.000 0.000 700.260 0.000 978.718 0.000 0.000 0.000
0.000 525.263 0.000 358.569 601.190 0.000 0.000 727.502
959.986 0.000 0.000 696.206 0.000 0.000 0.000 0.000
0.000 0.000 0.000 352.642 0.000 0.000 736.120 789.972
0.000 0.000 818.956 592.198 0.000 0.000 0.000 512.786
0.000 796.248 0.000 0.000 644.440 990.745 530.771 332.278
614.183 0.000 416.884 0.000 0.000 0.000 0.000 944.658
0.000 0.000 375.221 524.675 0.000 979.001 0.000 0.000
0.000 906.620 721.757 736.121 0.000 0.000 396.026 0.000
0.000 0.000 0.000 571.155 0.000 548.591 0.000 632.616
0.000 776.682 907.766 905.878 783.989 937.629 0.000 0.000
0.000 0.000 0.000 801.144 748.700 0.000 0.000 767.698
0.000 378.353 0.000 398.748 685.102 0.000 0.000 345.822
0.000 0.000 745.938 518.772 0.000 0.000 897.112 681.664
382.648 0.000 0.000 0.000 0.000 0.000 620.717 0.000
0.000 0.000 0.000 0.000 413.376 404.809 0.000 957.699
398.043 958.260 595.238 0.000 0.000 0.000 622.270 0.000
0.000 0.000 0.000 834.102 0.000 0.000 0.000 560.273
0.000 0.000 0.000 992.732 622.771 699.986 0.000 817.895
0.000 0.000 0.000 0.000 0.000 0.000 0.000 736.175
996.735 0.000 0.000 0.000 444.836 0.000 311.070 0.000
717.491 0.000 0.000 666.333 341.338 412.694 0.000 0.000
976.643 692.215 0.000 795.290 0.000 0.000 526.842 0.000
0.000 997.514 481.396 0.000 0.000 581.661 872.582 0.000
871.758 676.672 0.000 737.015 340.305 771.079 0.000 763.617
0.000 0.000 316.347 661.426 571.603 0.000 863.139 423.206
0.000 540.605 411.507 0.000 0.000 0.000 906.118 0.000
0.000 302.125 0.000 533.279 812.994 0.000 441.164 610.982
652.271 0.000 818.223 524.645 753.979 0.000 683.235 930.022
0.000 0.000 0.000 0.000 886.790 614.494 301.558 0.000
636.615 471.383 723.132 860.193 678.957 0.000 0.000 0.000
604.519 0.000 787.343 331.785 621.814 461.451 703.455 343.184
944.041 0.000 0.000 873.928 0.000 0.000 842.815 965.338
615.236 771.920 843.422 0.000 926.063 317.975 0.000 0.000
481.014 509.724 672.482 0.000 0.000 974.155 0.000 884.803
0.000 900.048 966.116 409.090 902.096 672.014 0.000 0.000
0.000 302.655 833.139 812.537 586.885 893.742 624.781 0.000
0.000 0.000 0.000 774.035 0.000 0.000 0.000 639.240
0.000 346.810 515.792 952.879 433.904 0.000 465.232 0.000
637.757 0.000 742.454 387.144 344.167 0.000 934.388 0.000
515.055 0.000 0.000 331.210 321.211 0.000 344.936 0.000
663.546 922.429 0.000 475.965 873.782 846.641 991.076 616.721
0.000 0.000 431.221 767.252 827.647 0.000 350.821 485.827
0.000 0.000 978.292 438.474 573.332 734.497 426.450 0.000
404.815 671.201 602.791 600.217 0.000 388.021 0.000 0.000
0.000 315.808 642.896 0.000 0.000 825.636 840.012 739.417
0.000 0.000 788.630 0.000 0.000 671.523 660.491 0.000
375.176 505.417 703.877 789.312 0.000 0.000 0.000 0.000
0.000 950.393 0.000 431.824 0.000 915.688 0.000 747.888
841.108 0.000 648.736 0.000 786.686 880.431 0.000 0.000
473.064 0.000 438.719 875.880 602.254 473.617 0.000 462.974
425.899 634.356 0.000 709.676 708.181 0.000 748.252 0.000
498.951 578.932 0.000 887.556 964.558 0.000 0.000 564.985
0.000 0.000 0.000 0.000 0.000 576.783 0.000 309.392
0.000 0.000 554.809 0.000 360.577 866.920 0.000 605.944
818.061 0.000 0.000 0.000 759.329 0.000 0.000 671.649
0.000 0.000 0.000 504.455 792.894 0.000 0.000 519.299
788.446 0.000 917.447 0.000 875.973 922.056 491.387 442.352
0.000 0.000 0.000 0.000 0.000 627.621 972.337 639.402
556.539 460.146 389.995 566.081 346.246 0.000 558.497 742.919
0.000 0.000 961.090 846.481 403.404 558.991 0.000 311.066
0.000 506.134 937.198 365.914 380.233 357.557 308.313 630.293
402.810 371.899 0.000 0.000 0.000 768.488 0.000 980.838
0.000 761.667 0.000 0.000 0.000 0.000 804.942 486.923
0.000 0.000 416.925 711.249 520.646 447.580 586.820 0.000
0.000 0.000 689.388 547.431 749.698 480.111 0.000 930.752
0.000 0.000 0.000 0.000 476.922 544.050 0.000 740.861
0.000 610.629 382.747 364.194 428.749 0.000 0.000 596.175
0.000 0.000 746.121 0.000 413.636 645.320 738.101 513.805
385.948 396.983 0.000 865.776 943.991 386.460 0.000 0.000
709.809 0.000 0.000 942.784 0.000 866.437 0.000 0.000
0.000 0.000 569.791 887.224 891.953 985.457 360.340 813.606
704.983 586.120 790.321 797.832 623.727 346.115 0.000 356.581
855.879 0.000 787.775 906.820 0.000 0.000 0.000 585.684
0.000 833.304 677.525 418.108 361.945 699.363 792.004 0.000
0.000 0.000 0.000 0.000 499.679 0.000 0.000 0.000
0.000 330.936 686.404 0.000 356.878 0.000 0.000 741.781
453.593 0.000 0.000 329.308 489.411 0.000 480.229 0.000
895.314 0.000 818.510 344.152 0.000 0.000 0.000 672.126
0.000 0.000 0.000 0.000 0.000 0.000 329.518 428.880
0.000 393.957 0.000 513.362 0.000 0.000 891.186 376.512
383.192 0.000 0.000 0.000 866.058 966.778 968.902 686.894
984.371 0.000 0.000 586.853 790.319 0.000 521.813 0.000
0.000 0.000 896.580 0.000 0.000 0.000 0.000 0.000
682.886 756.333 936.434 0.000 0.000 796.446 912.349 0.000
989.343 985.827 928.766 621.358 0.000 0.000 899.822 0.000
318.005 0.000 848.797 0.000 0.000 500.569 380.123 0.000
0.000 427.140 0.000 903.035 0.000 0.000 814.487 458.638
0.000 549.673 367.082 603.371 916.949 368.830 847.511 860.531
0.000 0.000 0.000 449.224 321.814 897.452 875.864 0.000
0.000 526.230 0.000 357.259 855.432 0.000 0.000 938.282
595.036 0.000 0.000 721.431 792.290 0.000 614.768 539.593
0.000 650.486 0.000 0.000 834.483 529.723 891.120 0.000
0.000 671.509 0.000 662.097 651.279 513.588 854.901 0.000
0.000 773.360 0.000 0.000 0.000 722.226 0.000 784.261
0.000 942.624 0.000 0.000 866.356 393.943 0.000 877.948
987.200 536.351 453.099 0.000 594.033 0.000 0.000 610.942
0.000 663.179 834.072 590.272 0.000 0.000 0.000 618.329
832.495 963.764 0.000 741.377 0.000 985.139 0.000 358.528
0.000 0.000 626.795 0.000 463.004 308.145 905.914 470.300
