768.822 575.791 330.979 769.256 0.000 674.731 349.938 0.000
0.000 671.050 740.176 0.000 547.602 0.000 443.497 385.753
0.000 849.946 988.930 0.000 973.894 816.591 0.000 0.000
0.000 0.000 0.000 0.000 0.000 0.000 353.928 0.000
0.000 0.000 0.000 0.000 0.000 527.039 0.000 0.000
851.839 0.000 711.359 0.000 852.885 0.000 307.219 0.000
0.000 0.000 877.916 869.010 0.000 0.000 0.000 0.000
588.872 0.000 412.996 0.000 835.746 0.000 0.000 759.020
840.110 0.000 0.000 365.957 334.508 439.751 0.000 887.709
513.353 0.000 449.611 0.000 814.868 0.000 475.964 0.000
0.000 488.038 0.000 844.864 431.929 0.000 0.000 491.970
0.000 0.000 0.000 0.000 0.000 982.629 0.000 0.000
775.442 634.611 418.051 0.000 858.706 0.000 0.000 810.073
300.776 869.833 0.000 560.544 0.000 384.905 901.946 0.000
611.400 997.547 531.206 816.656 668.604 596.485 0.000 0.000
0.000 0.000 0.000 0.000 0.000 710.449 0.000 0.000
0.000 754.305 0.000 991.925 472.653 306.423 0.000 587.697
0.000 790.237 0.000 0.000 0.000 0.000 394.953 312.985
594.599 0.000 337.601 0.000 666.691 0.000 938.528 821.058
810.086 324.764 843.934 0.000 0.000 819.551 300.969 676.528
0.000 0.000 0.000 0.000 0.000 756.941 0.000 365.225
427.563 956.630 0.000 0.000 591.477 581.793 0.000 937.765
301.657 0.000 402.320 561.222 0.000 0.000 0.000 451.320
456.998 0.000 704.448 803.463 964.170 873.120 676.987 0.000
359.646 738.395 0.000 0.000 685.012 0.000 0.000 0.000
0.000 0.000 0.000 618.888 638.553 859.698 0.000 510.020
925.261 808.926 855.100 635.309 890.244 331.274 963.550 0.000
0.000 357.757 629.015 0.000 920.412 377.226 0.000 0.000
850.396 0.000 0.000 875.330 0.000 0.000 0.000 0.000
0.000 748.390 573.945 0.000 0.000 833.251 993.140 0.000
0.000 0.000 0.000 0.000 0.000 0.000 634.309 365.820
0.000 0.000 0.000 428.058 806.272 640.691 0.000 874.806
736.743 721.340 703.119 0.000 0.000 476.368 0.000 505.739
0.000 719.496 0.000 0.000 392.816 395.549 622.944 533.378
602.921 829.139 769.625 921.110 414.218 551.879 0.000 382.581
0.000 877.997 933.580 707.921 0.000 706.571 0.000 0.000
0.000 356.667 894.677 862.109 0.000 411.426 0.000 0.000
525.727 381.537 0.000 630.870 642.297 0.000 0.000 456.472
0.000 0.000 365.530 976.201 872.178 0.000 858.146 779.641
771.839 571.203 0.000 0.000 0.000 0.000 923.829 0.000
320.328 461.623 0.000 0.000 0.000 304.873 0.000 0.000
0.000 0.000 475.774 0.000 0.000 0.000 0.000 377.065
301.790 916.326 0.000 549.317 766.724 828.643 0.000 585.366
452.972 0.000 0.000 843.481 951.800 858.584 0.000 0.000
0.000 463.924 693.529 741.356 0.000 0.000 650.399 697.046
617.901 0.000 0.000 657.721 0.000 931.084 0.000 446.600
0.000 609.466 394.072 0.000 0.000 378.416 0.000 0.000
0.000 433.969 388.361 0.000 0.000 0.000 0.000 0.000
367.321 0.000 0.000 0.000 580.798 0.000 850.583 697.985
0.000 853.005 898.963 585.966 695.075 0.000 0.000 833.645
0.000 984.917 578.570 559.111 738.634 0.000 0.000 947.209
798.975 731.167 752.387 0.000 647.860 321.926 985.805 0.000
0.000 0.000 745.684 0.000 0.000 0.000 0.000 0.000
512.738 718.858 728.713 562.572 821.365 303.171 0.000 756.512
958.186 893.283 781.155 0.000 0.000 0.000 0.000 0.000
458.207 879.010 0.000 822.811 664.236 0.000 775.188 0.000
528.522 0.000 0.000 0.000 659.865 0.000 861.336 0.000
626.894 988.799 0.000 0.000 932.211 424.468 750.608 0.000
782.471 0.000 462.626 878.040 0.000 0.000 0.000 0.000
0.000 0.000 445.775 0.000 444.223 0.000 0.000 467.875
0.000 0.000 669.474 0.000 690.971 0.000 939.447 646.848
0.000 0.000 0.000 0.000 567.098 517.041 0.000 417.334
556.625 659.970 0.000 0.000 857.728 769.380 347.872 0.000
974.456 0.000 0.000 545.391 0.000 908.261 928.328 0.000
568.844 0.000 405.922 805.362 0.000 0.000 0.000 309.482
0.000 0.000 372.942 0.000 946.800 0.000 0.000 0.000
556.687 858.485 525.580 474.732 0.000 879.409 602.263 751.732
0.000 0.000 0.000 0.000 866.874 0.000 501.316 717.962
0.000 0.000 590.422 0.000 0.000 577.990 320.014 724.233
756.245 0.000 348.599 0.000 0.000 0.000 0.000 827.345
736.969 499.376 0.000 495.906 0.000 0.000 0.000 938.472
0.000 687.478 500.105 0.000 0.000 0.000 786.468 505.793
0.000 411.115 899.172 920.470 0.000 520.933 0.000 491.302
321.661 0.000 580.889 763.442 405.046 0.000 558.639 890.864
0.000 0.000 830.587 561.619 0.000 564.532 312.219 843.847
447.842 0.000 719.610 0.000 0.000 0.000 505.831 0.000
0.000 0.000 771.996 0.000 664.504 890.583 0.000 495.771
0.000 631.688 0.000 526.960 0.000 0.000 808.349 0.000
928.069 879.682 0.000 0.000 493.606 0.000 0.000 0.000
0.000 0.000 917.259 0.000 0.000 0.000 0.000 724.649
380.042 0.000 0.000 0.000 0.000 0.000 0.000 901.874
0.000 0.000 0.000 0.000 898.820 0.000 705.355 0.000
647.517 0.000 0.000 677.737 396.207 806.136 702.379 0.000
0.000 0.000 0.000 814.726 0.000 0.000 0.000 0.000
470.663 860.704 450.576 0.000 744.163 961.130 702.121 0.000
424.081 634.606 567.706 0.000 0.000 918.708 0.000 0.000
0.000 0.000 494.716 973.596 0.000 310.092 0.000 0.000
590.634 863.459 0.000 311.991 871.380 598.611 677.859 0.000
936.376 0.000 527.953 499.697 0.000 0.000 0.000 676.273
0.000 456.074 765.919 786.315 0.000 588.701 0.000 732.801
0.000 904.123 654.151 513.258 522.555 0.000 363.557 508.415
400.414 339.647 403.471 0.000 0.000 986.148 420.490 820.074
923.764 0.000 0.000 634.035 598.825 966.997 0.000 0.000
0.000 476.724 863.208 814.581 0.000 0.000 0.000 474.352
868.718 627.978 640.244 993.928 0.000 0.000 0.000 686.912
712.175 459.931 0.000 0.000 0.000 0.000 0.000 0.000
0.000 585.575 404.823 426.219 800.958 0.000 0.000 0.000
0.000 892.011 0.000 0.000 0.000 0.000 328.814 323.054
0.000 0.000 790.600 310.884 0.000 0.000 881.213 302.475
734.412 0.000 0.000 728.144 421.767 0.000 0.000 0.000
0.000 605.708 0.000 0.000 675.929 379.118 0.000 615.729
0.000 797.005 0.000 0.000 0.000 0.000 667.085 604.179
745.892 0.000 902.924 495.101 506.165 874.671 0.000 535.847
0.000 0.000 0.000 479.585 485.845 597.779 675.791 0.000
0.000 646.051 544.649 556.156 0.000 438.377 0.000 396.395
0.000 0.000 594.611 390.579 772.066 0.000 0.000 911.818
757.096 0.000 527.695 0.000 0.000 0.000 0.000 0.000
647.775 717.676 0.000 0.000 984.422 553.604 0.000 356.450
0.000 493.204 0.000 0.000 0.000 337.684 965.839 931.984
602.134 994.643 0.000 556.354 726.737 507.691 570.723 0.000
928.853 733.482 0.000 544.552 0.000 0.000 868.116 663.726
471.191 549.570 402.566 637.739 879.754 915.102 593.851 458.315
0.000 803.760 0.000 430.832 990.567 0.000 0.000 0.000
664.402 408.996 0.000 924.628 0.000 0.000 356.797 541.716
0.000 941.066 0.000 0.000 875.676 0.000 394.836 646.447
0.000 0.000 0.000 0.000 796.680 968.582 634.341 390.498
0.000 0.000 855.386 310.743 697.785 0.000 0.000 346.137
403.955 723.472 601.447 484.516 892.150 527.457 0.000 0.000
608.278 782.599 369.147 0.000 0.000 0.000 569.157 517.343
0.000 0.000 0.000 0.000 367.069 0.000 0.000 0.000
0.000 854.187 0.000 0.000 0.000 0.000 0.000 0.000
659.655 569.378 0.000 0.000 0.000 0.000 0.000 548.833
0.000 576.492 661.349 0.000 0.000 362.433 0.000 751.824
682.387 0.000 853.612 0.000 0.000 973.948 0.000 513.144
855.176 742.573 0.000 0.000 599.317 0.000 768.465 583.068
0.000 0.000 405.139 0.000 597.098 0.000 471.235 391.587
590.233 495.682 467.218 728.129 0.000 0.000 0.000 0.000
0.000 713.948 0.000 678.962 808.362 0.000 653.581 0.000
0.000 0.000 0.000 0.000 619.413 863.349 0.000 0.000
738.379 0.000 0.000 708.737 0.000 365.745 518.560 470.541
0.000 0.000 332.830 0.000 0.000 936.982 872.316 664.531
0.000 0.000 415.643 0.000 354.657 0.000 991.511 0.000
0.000 0.000 844.642 0.000 0.000 0.000 0.000 415.525
0.000 653.217 641.897 0.000 0.000 523.866 423.743 0.000
0.000 0.000 822.608 897.660 631.648 955.805 0.000 503.970
894.033 0.000 450.987 378.180 472.341 0.000 0.000 338.280
0.000 0.000 0.000 0.000 0.000 308.203 805.595 597.725
598.410 900.690 0.000 0.000 0.000 581.208 335.457 0.000
559.139 0.000 883.673 0.000 668.764 0.000 617.265 0.000
381.732 671.398 0.000 0.000 485.890 0.000 0.000 526.998
724.903 0.000 0.000 870.645 546.168 0.000 0.000 918.078
0.000 830.392 823.325 0.000 0.000 0.000 733.173 356.714
430.300 0.000 333.023 0.000 534.130 945.475 0.000 477.472
0.000 0.000 505.806 387.484 966.583 796.301 0.000 975.560
0.000 0.000 319.625 0.000 0.000 740.476 0.000 308.968
0.000 0.000 980.061 0.000 441.023 674.255 0.000 0.000
0.000 0.000 0.000 0.000 420.883 561.526 304.607 477.188
0.000 319.164 775.854 0.000 0.000 0.000 471.281 0.000
567.935 871.388 0.000 0.000 0.000 0.000 877.635 0.000
0.000 0.000 406.215 0.000 0.000 808.900 973.071 703.005
596.861 820.378 0.000 0.000 377.986 783.997 0.000 709.103
0.000 543.308 0.000 0.000 935.952 728.213 0.000 0.000
0.000 630.571 390.942 0.000 0.000 0.000 683.434 0.000
406.289 971.419 787.633 836.700 845.740 928.788 0.000 0.000
0.000 0.000 990.508 0.000 593.016 552.386 0.000 0.000
957.524 816.330 0.000 0.000 0.000 0.000 0.000 451.232
0.000 0.000 0.000 0.000 563.010 0.000 0.000 0.000
0.000 0.000 0.000 679.309 944.784 0.000 0.000 0.000
994.849 0.000 0.000 0.000 484.680 346.467 0.000 807.839
674.655 383.727 0.000 698.000 349.223 0.000 732.417 863.476
450.299 0.000 944.835 0.000 912.223 0.000 771.562 799.287
0.000 865.462 621.837 0.000 918.297 331.262 929.292 0.000
0.000 639.307 472.733 0.000 897.191 578.816 794.564 309.244
0.000 0.000 0.000 473.123 978.894 818.445 957.287 725.927
0.000 0.000 427.163 413.349 0.000 984.234 915.301 794.177
0.000 576.800 0.000 0.000 0.000 801.566 484.878 0.000
0.000 0.000 820.845 0.000 0.000 0.000 0.000 0.000
848.538 451.382 740.861 0.000 742.691 732.984 0.000 830.038
0.000 867.240 0.000 0.000 0.000 570.974 0.000 540.422
650.773 865.397 739.675 0.000 0.000 381.956 0.000 0.000
0.000 831.547 0.000 0.000 0.000 0.000 616.631 0.000
468.253 576.436 803.295 620.818 990.910 562.689 985.723 909.052
329.091 781.383 0.000 342.941 595.746 0.000 0.000 637.900
0.000 579.059 0.000 564.849 422.270 828.819 0.000 0.000
0.000 0.000 0.000 0.000 0.000 0.000 0.000 596.662
0.000 913.857 0.000 743.094 0.000 595.064 0.000 0.000
720.841 0.000 728.425 666.922 492.722 0.000 0.000 0.000
889.909 745.584 540.175 0.000 0.000 0.000 0.000 624.901
0.000 0.000 0.000 545.747 0.000 316.254 849.723 972.861
723.653 340.253 518.406 0.000 0.000 0.000 987.285 898.495
0.000 0.000 616.407 883.077 829.074 0.000 0.000 905.154
0.000 921.766 0.000 335.569 496.457 0.000 0.000 628.310
679.249 582.105 621.997 0.000 577.892 0.000 352.105 0.000
0.000 763.822 707.346 453.351 558.384 881.999 0.000 0.000
711.639 0.000 0.000 0.000 556.227 0.000 0.000 494.750
448.607 0.000 976.953 0.000 544.892 0.000 950.276 0.000
0.000 0.000 708.616 0.000 491.424 0.000 0.000 0.000
759.655 0.000 640.350 0.000 0.000 735.957 0.000 0.000
995.329 636.725 839.044 0.000 0.000 877.081 0.000 0.000
659.034 0.000 890.384 626.621 0.000 0.000 0.000 0.000
0.000 0.000 0.000 874.261 677.572 0.000 0.000 0.000
693.042 308.554 964.772 0.000 512.985 455.843 835.387 510.986
0.000 0.000 648.187 0.000 488.472 858.699 903.023 736.012
0.000 852.757 897.544 0.000 0.000 0.000 470.823 0.000
489.630 677.134 0.000 961.133 485.086 0.000 0.000 0.000
0.000 0.000 0.000 399.935 486.884 0.000 0.000 0.000
580.573 0.000 0.000 0.000 0.000 0.000 918.492 756.854
914.462 0.000 522.599 0.000 819.985 951.297 940.743 629.547
0.000 841.692 0.000 0.000 717.794 0.000 0.000 382.927
0.000 639.730 0.000 0.000 507.375 0.000 0.000 341.186
389.322 906.740 774.347 369.794 785.765 0.000 462.393 855.216
653.017 993.826 0.000 0.000 0.000 526.450 0.000 573.204
964.685 308.390 478.158 528.474 628.831 0.000 0.000 738.693
958.773 0.000 0.000 925.622 628.965 0.000 399.377 0.000
848.402 0.000 576.054 0.000 0.000 711.130 0.000 881.591
0.000 834.042 850.423 648.614 0.000 398.302 0.000 0.000
0.000 570.419 936.803 437.518 370.768 0.000 0.000 928.251
0.000 729.045 0.000 653.486 832.309 730.984 577.622 961.675
0.000 0.000 817.228 423.845 0.000 0.000 0.000 0.000
860.184 0.000 0.000 0.000 0.000 0.000 0.000 0.000
676.782 0.000 0.000 938.063 0.000 391.864 0.000 318.536
0.000 0.000 0.000 0.000 0.000 302.931 0.000 0.000
431.512 0.000 681.906 0.000 0.000 561.931 0.000 0.000
871.965 688.038 0.000 0.000 0.000 0.000 382.719 0.000
690.049 687.784 0.000 0.000 706.089 0.000 0.000 0.000
0.000 300.905 0.000 356.015 0.000 645.516 510.847 0.000
0.000 0.000 836.339 0.000 0.000 735.904 744.665 500.150
0.000 0.000 303.886 0.000 922.197 440.445 0.000 0.000
450.265 0.000 486.919 546.026 0.000 0.000 380.491 563.281
0.000 373.518 984.821 483.842 0.000 384.240 0.000 0.000
837.376 925.544 817.146 0.000 0.000 0.000 987.646 341.790
386.793 0.000 332.303 0.000 0.000 0.000 307.879 657.079
0.000 0.000 0.000 0.000 0.000 473.341 0.000 0.000
0.000 0.000 680.800 831.103 0.000 588.848 0.000 828.892
0.000 0.000 675.571 0.000 581.825 0.000 0.000 0.000
0.000 0.000 802.250 0.000 452.957 627.617 0.000 0.000
0.000 896.395 405.656 0.000 953.470 439.832 962.005 518.700
340.763 614.985 617.510 422.300 0.000 996.295 457.299 581.532
469.887 0.000 629.709 856.625 757.040 734.259 0.000 0.000
914.952 0.000 407.651 672.150 0.000 0.000 0.000 978.258
949.392 878.371 688.596 426.081 0.000 483.258 0.000 0.000
767.386 602.759 645.868 956.600 467.536 610.869 0.000 0.000
0.000 506.103 331.131 810.475 0.000 0.000 502.844 0.000
0.000 761.659 314.606 0.000 647.632 0.000 469.589 0.000
0.000 0.000 0.000 0.000 0.000 806.134 814.032 0.000
993.213 0.000 610.408 0.000 962.351 0.000 0.000 322.044
499.054 0.000 565.577 660.845 0.000 0.000 0.000 620.821
749.055 0.000 809.975 372.975 414.563 453.786 850.906 828.039
678.050 0.000 895.810 558.559 0.000 739.927 0.000 0.000
0.000 717.005 595.610 0.000 0.000 0.000 0.000 0.000
308.520 0.000 0.000 815.882 0.000 615.160 376.248 442.257
0.000 385.635 0.000 465.105 351.764 863.489 778.137 883.591
463.641 362.324 0.000 891.632 0.000 0.000 727.399 0.000
0.000 0.000 454.696 380.758 545.671 0.000 0.000 388.772
0.000 721.917 0.000 821.956 0.000 0.000 602.336 0.000
473.620 0.000 0.000 0.000 716.020 0.000 0.000 0.000
0.000 0.000 321.489 655.009 0.000 411.566 0.000 745.619
0.000 512.832 0.000 880.794 884.093 319.573 0.000 0.000
0.000 0.000 618.189 0.000 0.000 425.653 699.092 710.129
0.000 885.139 0.000 378.754 0.000 680.930 0.000 884.567
970.147 0.000 938.225 0.000 0.000 611.964 701.705 0.000
0.000 0.000 610.726 0.000 0.000 0.000 862.240 646.044
0.000 0.000 650.322 0.000 0.000 726.171 918.833 0.000
363.291 0.000 0.000 384.003 667.085 929.449 715.718 0.000
422.705 384.043 0.000 0.000 441.612 0.000 0.000 0.000
634.104 0.000 910.476 806.282 0.000 986.857 453.937 875.589
728.540 512.849 0.000 450.194 594.464 308.213 0.000 0.000
0.000 765.653 404.289 736.504 564.372 558.048 0.000 0.000
0.000 0.000 327.703 428.359 553.122 902.035 373.818 0.000
591.282 0.000 993.153 508.975 341.383 0.000 0.000 735.519
580.988 606.864 609.866 0.000 337.687 0.000 537.309 0.000
706.075 608.602 0.000 429.383 0.000 0.000 415.230 694.343
872.060 548.035 0.000 715.177 0.000 504.306 873.374 0.000
978.992 674.742 0.000 0.000 0.000 0.000 0.000 0.000
884.032 0.000 998.828 445.551 0.000 425.343 534.304 665.324
597.059 0.000 687.917 344.545 0.000 647.538 0.000 910.016
611.021 408.799 0.000 855.468 961.448 0.000 705.598 780.918
0.000 0.000 647.136 656.575 0.000 0.000 0.000 714.858
672.760 0.000 473.808 956.004 0.000 0.000 557.137 322.736
0.000 0.000 345.666 403.037 0.000 320.426 588.927 493.925
0.000 989.806 0.000 0.000 0.000 0.000 694.200 780.733
369.851 935.495 692.963 0.000 0.000 0.000 627.724 491.879
948.492 645.070 641.632 536.257 0.000 0.000 879.313 913.836
633.042 329.940 0.000 0.000 987.124 0.000 0.000 0.000
0.000 895.888 565.654 0.000 578.514 0.000 691.261 0.000
0.000 838.124 940.490 0.000 988.412 0.000 0.000 0.000
0.000 527.892 575.714 541.413 0.000 0.000 712.112 452.883
0.000 794.708 0.000 0.000 0.000 860.355 0.000 357.626
0.000 961.000 0.000 0.000 0.000 491.078 680.037 497.399
845.312 699.968 960.419 562.972 405.473 0.000 0.000 404.615
0.000 0.000 644.951 576.528 591.393 729.814 0.000 706.091
0.000 0.000 0.000 0.000 569.160 0.000 680.955 0.000
743.884 0.000 0.000 564.407 756.419 983.158 930.636 0.000
366.485 0.000 874.550 823.489 670.201 846.471 0.000 943.670
0.000 403.688 0.000 587.381 338.162 0.000 536.758 0.000
0.000 0.000 798.367 578.018 0.000 0.000 0.000 981.957
337.982 0.000 546.738 0.000 317.652 0.000 0.000 761.611
969.302 972.318 0.000 0.000 0.000 502.815 613.875 0.000
535.800 0.000 0.000 0.000 769.572 476.992 0.000 0.000
0.000 742.570 0.000 670.914 529.817 687.354 442.663 915.748
0.000 0.000 0.000 811.468 0.000 0.000 0.000 407.179
585.336 959.009 454.673 0.000 0.000 0.000 0.000 329.067
487.283 0.000 0.000 0.000 306.716 0.000 324.994 941.195
777.414 0.000 0.000 0.000 362.643 0.000 827.089 0.000
0.000 0.000 0.000 0.000 0.000 989.347 0.000 358.120
0.000 732.403 0.000 0.000 0.000 0.000 0.000 467.167
0.000 658.964 578.193 589.734 899.671 0.000 0.000 0.000
973.172 623.799 0.000 413.259 568.433 482.691 793.161 0.000
0.000 892.560 585.850 0.000 507.234 468.452 0.000 0.000
468.277 706.436 412.131 966.878 0.000 0.000 476.728 875.621
885.698 822.001 0.000 437.797 0.000 793.511 796.347 420.983
728.646 854.510 725.279 769.210 700.784 0.000 0.000 0.000
0.000 986.648 666.917 0.000 0.000 0.000 0.000 0.000
484.273 849.026 0.000 875.330 0.000 498.181 0.000 0.000
0.000 0.000 978.020 578.424 0.000 499.784 0.000 842.114
0.000 0.000 0.000 399.572 863.679 0.000 804.546 0.000
0.000 459.809 825.573 0.000 495.430 870.301 958.123 347.530
678.953 0.000 496.271 0.000 471.187 0.000 0.000 0.000
373.599 0.000 0.000 357.734 703.698 788.722 683.401 529.659
579.172 0.000 578.902 0.000 390.061 0.000 653.969 498.510
828.602 0.000 0.000 0.000 836.730 577.291 0.000 900.171
0.000 0.000 939.312 698.828 709.724 384.040 776.166 0.000
0.000 802.577 0.000 964.268 849.420 0.000 0.000 918.575
0.000 0.000 0.000 0.000 0.000 0.000 442.879 0.000
0.000 0.000 811.368 856.858 963.860 0.000 798.270 0.000
985.331 0.000 0.000 726.726 806.942 0.000 0.000 0.000
641.893 811.533 835.156 737.549 434.065 412.910 446.110 0.000
993.172 0.000 0.000 0.000 708.492 0.000 0.000 0.000
0.000 0.000 0.000 656.865 0.000 0.000 642.127 879.806
0.000 320.804 553.898 421.874 0.000 971.195 0.000 0.000
736.528 0.000 0.000 0.000 0.000 0.000 484.012 885.722
0.000 304.943 0.000 0.000 537.944 418.260 889.396 410.765
0.000 784.167 611.960 0.000 597.272 0.000 632.122 491.289
0.000 994.130 0.000 772.498 0.000 857.863 972.017 0.000
358.704 0.000 358.726 0.000 0.000 306.862 722.956 0.000
0.000 844.638 323.918 0.000 0.000 550.587 864.747 621.665
839.813 0.000 352.765 0.000 0.000 604.254 0.000 0.000
0.000 0.000 0.000 0.000 885.171 0.000 319.646 0.000
896.373 0.000 612.947 0.000 337.795 0.000 829.951 0.000
715.712 561.951 0.000 325.939 0.000 0.000 833.815 311.420
383.315 0.000 0.000 951.290 916.305 0.000 0.000 0.000
0.000 0.000 514.146 379.956 0.000 412.055 466.272 995.795
799.493 0.000 529.732 948.411 0.000 589.602 996.229 716.072
583.129 0.000 989.502 427.568 965.753 740.987 982.068 0.000
0.000 0.000 302.381 789.727 0.000 0.000 833.734 568.890
0.000 434.912 657.522 513.671 661.822 0.000 0.000 0.000
879.292 388.113 0.000 0.000 668.815 452.297 0.000 0.000
0.000 0.000 326.403 0.000 0.000 0.000 0.000 539.832
0.000 610.705 868.097 0.000 0.000 0.000 710.127 593.485
414.269 320.699 470.720 762.352 450.187 314.143 0.000 956.530
0.000 0.000 0.000 670.903 445.306 401.926 652.973 0.000
405.365 491.422 765.020 0.000 0.000 0.000 317.645 0.000
698.796 364.530 500.469 716.141 0.000 0.000 0.000 957.126
0.000 340.828 614.814 871.615 372.505 0.000 0.000 966.595
0.000 788.544 589.343 0.000 0.000 0.000 982.587 757.746
0.000 0.000 0.000 0.000 374.536 424.762 769.891 478.158
440.337 333.162 690.772 882.186 910.911 0.000 0.000 0.000
0.000 0.000 0.000 714.650 0.000 610.645 0.000 567.935
568.062 0.000 0.000 0.000 0.000 880.598 711.088 0.000
934.359 329.049 0.000 621.597 959.991 969.418 302.756 370.491
0.000 0.000 0.000 0.000 794.538 0.000 656.305 0.000
0.000 0.000 0.000 0.000 0.000 0.000 0.000 898.049
621.587 602.500 0.000 864.204 0.000 683.305 0.000 0.000
681.661 430.852 946.140 0.000 0.000 975.931 345.927 317.229
522.148 0.000 588.384 545.355 377.430 0.000 452.434 0.000
482.617 349.602 736.619 0.000 0.000 614.394 0.000 952.330
0.000 0.000 0.000 393.108 362.392 309.906 0.000 711.574
338.055 307.773 317.006 364.388 0.000 717.475 0.000 0.000
0.000 512.473 0.000 0.000 621.088 738.693 340.062 0.000
0.000 332.082 703.615 0.000 0.000 713.390 456.611 0.000
997.586 0.000 0.000 0.000 746.593 0.000 0.000 341.209
470.731 0.000 0.000 0.000 0.000 0.000 508.429 0.000
586.518 0.000 423.624 0.000 807.898 589.933 575.566 374.459
0.000 848.883 0.000 372.458 0.000 691.605 649.281 600.833
958.115 0.000 0.000 724.534 0.000 0.000 0.000 0.000
312.017 781.039 0.000 517.200 0.000 821.221 0.000 372.231
534.864 0.000 0.000 734.173 980.500 544.536 850.226 0.000
0.000 449.504 568.135 0.000 0.000 0.000 904.649 0.000
585.859 0.000 0.000 849.486 415.384 871.736 0.000 901.730
335.971 0.000 516.491 484.676 0.000 460.542 0.000 359.612
0.000 0.000 0.000 552.307 0.000 0.000 0.000 908.910
652.428 0.000 0.000 0.000 0.000 0.000 961.228 0.000
0.000 813.920 0.000 0.000 0.000 453.497 354.469 0.000
999.134 302.272 0.000 741.880 341.435 787.163 670.111 0.000
482.482 0.000 358.336 692.524 724.066 425.766 0.000 0.000
560.210 0.000 752.288 0.000 0.000 0.000 349.002 488.123
484.070 789.787 805.873 0.000 805.076 364.022 388.493 414.584
0.000 369.670 0.000 0.000 0.000 765.715 0.000 597.799
0.000 586.404 667.868 0.000 870.288 406.802 0.000 788.659
0.000 0.000 0.000 0.000 814.915 0.000 594.653 0.000
0.000 615.639 0.000 0.000 561.251 845.705 0.000 0.000
0.000 364.590 642.020 0.000 0.000 403.708 0.000 0.000
318.668 0.000 417.592 738.233 819.364 815.281 0.000 890.196
769.207 0.000 656.911 0.000 411.236 0.000 0.000 0.000
0.000 0.000 687.921 0.000 0.000 0.000 0.000 0.000
0.000 0.000 0.000 0.000 0.000 565.320 0.000 961.823
0.000 573.052 0.000 0.000 811.407 669.452 0.000 0.000
0.000 309.264 0.000 0.000 0.000 0.000 0.000 946.028
317.544 749.377 0.000 312.994 661.909 0.000 0.000 0.000
0.000 0.000 829.936 912.447 341.005 700.164 0.000 940.748
656.742 794.964 0.000 701.534 0.000 644.832 370.925 608.819
0.000 0.000 0.000 0.000 947.263 830.751 0.000 0.000
518.053 0.000 946.725 0.000 0.000 0.000 899.516 591.838
0.000 0.000 0.000 0.000 0.000 636.583 0.000 0.000
935.811 310.589 0.000 986.800 415.225 0.000 0.000 447.853
318.500 0.000 0.000 525.544 781.202 0.000 0.000 735.036
587.127 0.000 0.000 496.418 714.617 0.000 544.281 555.944
0.000 879.663 0.000 503.277 693.186 0.000 817.231 0.000
393.154 827.011 497.873 322.956 367.558 0.000 0.000 0.000
0.000 725.769 405.709 891.487 645.196 0.000 0.000 0.000
581.635 644.174 741.989 0.000 933.203 837.758 0.000 786.531
819.370 0.000 978.686 698.370 0.000 0.000 0.000 0.000
467.485 410.752 491.197 881.236 0.000 519.279 977.815 0.000
444.369 630.765 981.807 668.032 0.000 977.486 499.223 0.000
673.099 682.468 0.000 0.000 952.335 706.332 0.000 376.900
611.795 0.000 310.224 0.000 905.309 0.000 348.685 0.000
0.000 0.000 0.000 0.000 998.748 532.198 353.814 0.000
0.000 981.796 822.641 0.000 803.260 890.358 715.573 793.104
0.000 0.000 0.000 524.324 982.198 858.502 0.000 0.000
0.000 430.584 0.000 832.716 551.419 0.000 848.648 339.692
653.216 473.379 0.000 648.999 0.000 796.444 770.651 300.183
340.187 625.030 955.159 960.316 780.008 944.048 985.773 0.000
423.263 0.000 0.000 809.463 0.000 643.583 477.873 570.949
307.398 637.937 0.000 424.224 0.000 0.000 913.543 0.000
0.000 428.285 406.277 0.000 797.010 0.000 0.000 0.000
652.606 429.307 328.666 463.497 361.995 388.648 712.044 0.000
0.000 0.000 340.542 0.000 919.396 0.000 530.015 801.461
0.000 0.000 0.000 0.000 0.000 383.941 647.740 0.000
0.000 0.000 0.000 0.000 0.000 989.081 986.777 0.000
491.569 0.000 784.029 0.000 0.000 0.000 840.825 484.235
775.156 533.793 0.000 0.000 687.218 782.616 999.303 721.094
0.000 817.996 448.117 0.000 0.000 0.000 0.000 339.634
0.000 890.026 728.169 475.346 0.000 0.000 0.000 0.000
0.000 983.526 699.627 0.000 773.274 0.000 0.000 0.000
0.000 0.000 756.403 0.000 438.591 0.000 559.494 0.000
0.000 0.000 608.347 0.000 570.770 0.000 0.000 825.033
418.443 0.000 0.000 748.009 0.000 0.000 498.229 676.445
722.011 475.636 982.372 691.517 502.036 431.937 0.000 732.170
555.346 779.554 0.000 0.000 0.000 0.000 787.237 893.317
736.549 454.665 0.000 320.157 0.000 547.871 635.248 0.000
702.007 581.822 753.070 854.708 0.000 0.000 946.326 817.291
0.000 0.000 557.230 0.000 0.000 0.000 0.000 0.000
0.000 0.000 782.287 0.000 0.000 594.777 0.000 0.000
903.085 0.000 318.023 0.000 0.000 679.733 0.000 0.000
0.000 319.708 834.511 0.000 0.000 0.000 981.096 0.000
0.000 347.627 0.000 560.001 587.371 848.148 867.074 0.000
509.416 0.000 862.581 0.000 623.637 0.000 483.757 812.885
0.000 552.286 0.000 0.000 0.000 0.000 755.761 0.000
524.310 839.892 810.607 634.656 478.081 0.000 686.044 0.000
0.000 909.578 781.504 0.000 543.310 815.602 0.000 0.000
752.564 0.000 0.000 862.381 368.110 0.000 402.954 0.000
0.000 661.670 603.248 862.421 0.000 588.767 799.851 952.574
664.900 0.000 0.000 0.000 554.403 945.075 0.000 847.774
0.000 0.000 0.000 0.000 0.000 0.000 0.000 730.617
431.642 722.996 594.957 0.000 870.561 685.544 0.000 429.636
903.860 508.150 0.000 0.000 903.808 0.000 0.000 0.000
0.000 0.000 0.000 0.000 0.000 528.552 589.011 0.000
958.940 0.000 850.152 481.736 937.748 0.000 519.459 0.000
729.778 362.735 731.688 552.527 972.114 0.000 975.979 478.822
805.864 0.000 617.591 547.194 829.381 457.300 333.358 0.000
456.329 0.000 0.000 941.813 779.349 0.000 858.450 0.000
612.359 0.000 362.856 0.000 687.724 0.000 914.150 948.925
711.644 781.505 915.200 315.712 626.544 0.000 539.882 0.000
0.000 504.587 0.000 364.057 0.000 0.000 0.000 0.000
982.653 0.000 0.000 0.000 0.000 0.000 483.709 897.638
631.507 0.000 437.957 0.000 808.851 679.764 352.708 533.699
799.883 0.000 0.000 0.000 606.630 0.000 306.433 856.898
777.322 0.000 0.000 0.000 0.000 729.544 0.000 0.000
0.000 0.000 784.486 0.000 527.519 0.000 0.000 585.880
0.000 0.000 973.082 0.000 694.898 0.000 466.694 301.300
0.000 303.506 716.130 0.000 518.673 998.794 486.787 379.221
854.080 0.000 0.000 379.480 0.000 898.146 695.697 0.000
756.758 0.000 0.000 0.000 0.000 0.000 0.000 0.000
644.017 0.000 0.000 581.585 0.000 902.771 0.000 508.012
0.000 605.552 607.475 632.636 0.000 0.000 0.000 0.000
0.000 0.000 0.000 594.636 478.546 0.000 901.957 0.000
0.000 0.000 0.000 0.000 0.000 785.345 970.369 571.933
0.000 0.000 642.220 675.847 0.000 0.000 0.000 598.223
0.000 0.000 305.968 0.000 0.000 585.360 466.731 397.369
690.170 868.398 0.000 803.779 317.450 930.642 0.000 0.000
445.284 540.783 574.242 0.000 0.000 0.000 0.000 921.692
0.000 0.000 712.730 830.808 0.000 634.299 945.790 0.000
946.179 0.000 977.366 0.000 0.000 0.000 532.131 0.000
0.000 731.130 307.809 0.000 0.000 344.604 0.000 0.000
759.018 0.000 0.000 0.000 781.762 0.000 618.488 520.698
0.000 807.359 0.000 0.000 0.000 0.000 400.281 0.000
0.000 601.751 412.287 0.000 555.431 352.680 847.878 624.332
0.000 0.000 632.560 0.000 0.000 405.200 930.022 352.447
460.482 0.000 0.000 0.000 665.139 0.000 388.417 0.000
0.000 381.417 0.000 0.000 440.791 663.242 843.277 858.676
0.000 664.202 0.000 0.000 0.000 0.000 569.780 0.000
0.000 0.000 393.064 713.270 565.077 716.886 967.635 830.989
0.000 0.000 0.000 946.597 866.908 320.455 0.000 348.568
0.000 0.000 0.000 0.000 781.820 601.469 0.000 541.136
421.368 0.000 0.000 0.000 668.921 765.241 566.994 0.000
873.978 889.028 613.210 799.925 0.000 0.000 995.238 506.242
553.098 0.000 355.267 0.000 308.653 0.000 0.000 766.635
0.000 0.000 518.944 0.000 471.428 0.000 384.766 302.187
807.296 0.000 0.000 943.021 463.117 674.932 0.000 0.000
0.000 986.361 0.000 797.442 314.237 0.000 388.129 0.000
0.000 0.000 417.632 0.000 0.000 460.126 682.349 880.566
0.000 0.000 0.000 0.000 334.268 0.000 0.000 0.000
0.000 0.000 0.000 0.000 713.810 0.000 0.000 0.000
927.225 0.000 0.000 0.000 378.855 0.000 0.000 756.933
0.000 0.000 886.666 0.000 0.000 943.684 0.000 0.000
0.000 0.000 0.000 539.101 772.179 0.000 0.000 608.765
0.000 753.569 903.543 549.693 0.000 0.000 707.322 0.000
495.870 0.000 769.361 608.939 0.000 0.000 769.472 0.000
740.368 0.000 503.571 0.000 971.418 0.000 960.243 996.461
0.000 0.000 903.974 472.879 636.628 380.137 0.000 684.534
