751.487 0.000 633.498 0.000 515.235 839.049 744.809 0.000
402.823 911.302 318.819 962.568 372.203 0.000 0.000 540.700
967.423 757.375 0.000 0.000 0.000 0.000 0.000 787.445
0.000 0.000 438.776 372.634 687.726 0.000 402.999 0.000
0.000 973.055 0.000 0.000 0.000 365.390 960.716 888.574
487.121 661.419 784.038 0.000 410.552 0.000 462.335 0.000
0.000 424.119 321.851 655.297 615.657 837.888 0.000 736.257
957.842 0.000 413.969 0.000 767.796 582.966 0.000 0.000
799.866 303.045 0.000 0.000 0.000 0.000 664.797 0.000
875.668 922.947 470.071 802.634 596.259 0.000 457.255 0.000
914.297 0.000 0.000 525.753 652.147 0.000 0.000 677.492
813.848 0.000 0.000 319.225 465.670 0.000 392.686 0.000
0.000 783.967 848.276 594.717 0.000 0.000 0.000 0.000
857.831 550.673 0.000 0.000 0.000 743.414 582.535 960.253
0.000 560.048 795.077 421.577 730.234 895.119 0.000 847.269
0.000 549.806 973.483 763.772 815.140 536.787 0.000 706.882
0.000 0.000 756.155 694.931 527.021 301.520 0.000 311.908
0.000 915.000 984.369 531.397 669.722 861.278 653.764 962.602
696.725 0.000 593.860 0.000 825.219 0.000 599.647 0.000
0.000 920.049 870.543 0.000 896.764 453.147 630.975 0.000
0.000 757.631 745.246 0.000 0.000 0.000 0.000 0.000
326.672 0.000 0.000 0.000 0.000 901.720 0.000 703.057
0.000 0.000 744.606 0.000 0.000 0.000 0.000 0.000
327.758 0.000 0.000 0.000 0.000 783.723 304.566 0.000
778.734 453.526 0.000 378.495 0.000 0.000 715.726 0.000
0.000 861.068 838.320 0.000 783.311 0.000 0.000 592.929
938.599 0.000 0.000 901.703 0.000 778.115 573.164 0.000
586.843 430.234 495.625 310.287 729.090 743.531 711.228 0.000
659.079 0.000 557.892 0.000 782.555 745.224 0.000 0.000
0.000 982.277 0.000 844.088 666.001 0.000 557.624 0.000
0.000 0.000 306.980 786.487 0.000 875.467 395.191 840.623
0.000 0.000 0.000 487.491 0.000 813.607 0.000 315.509
731.739 0.000 663.722 934.755 475.385 0.000 885.874 0.000
0.000 937.331 497.355 660.954 715.200 491.144 933.008 0.000
0.000 569.013 0.000 453.019 0.000 792.073 711.599 0.000
0.000 938.265 469.842 453.249 0.000 330.727 0.000 0.000
942.251 771.219 0.000 0.000 0.000 0.000 367.194 554.517
0.000 415.485 0.000 0.000 326.035 764.622 653.648 0.000
320.962 0.000 898.507 0.000 0.000 582.209 731.657 0.000
699.611 707.619 0.000 999.113 327.764 866.277 966.940 516.130
332.757 431.186 0.000 777.392 0.000 425.058 653.173 0.000
0.000 846.917 0.000 973.847 849.961 693.102 0.000 642.801
836.475 0.000 666.835 0.000 560.062 917.582 929.390 575.296
0.000 365.691 848.556 514.020 0.000 0.000 0.000 451.239
0.000 0.000 342.751 989.819 872.920 476.680 959.407 990.414
780.952 0.000 682.764 0.000 0.000 856.931 884.348 563.366
0.000 0.000 0.000 510.791 749.901 0.000 598.344 0.000
0.000 0.000 0.000 0.000 0.000 810.574 898.946 0.000
0.000 931.070 601.656 0.000 0.000 0.000 0.000 0.000
550.362 0.000 376.156 0.000 0.000 0.000 824.860 0.000
0.000 437.866 710.687 0.000 360.817 0.000 452.681 801.814
0.000 785.528 0.000 492.589 935.382 943.465 0.000 0.000
621.293 938.790 0.000 0.000 343.949 650.762 743.331 0.000
817.777 0.000 0.000 0.000 0.000 378.468 448.240 488.659
0.000 0.000 0.000 0.000 0.000 971.414 0.000 0.000
791.700 742.069 796.779 0.000 0.000 378.739 0.000 0.000
0.000 0.000 326.282 718.551 0.000 0.000 490.680 0.000
0.000 0.000 0.000 705.560 557.365 411.097 0.000 0.000
0.000 0.000 842.924 0.000 0.000 0.000 770.292 491.434
860.401 955.656 476.897 0.000 960.387 765.149 0.000 0.000
0.000 456.544 0.000 920.087 0.000 0.000 379.745 465.470
362.848 816.281 0.000 727.545 379.383 0.000 0.000 0.000
0.000 880.464 0.000 725.286 871.560 756.350 556.147 0.000
0.000 664.853 716.099 0.000 661.694 0.000 0.000 0.000
0.000 0.000 0.000 0.000 512.741 862.203 359.817 0.000
0.000 0.000 0.000 813.197 616.078 404.623 0.000 971.917
0.000 0.000 0.000 628.491 0.000 0.000 0.000 429.757
0.000 0.000 777.408 533.214 428.700 720.023 0.000 731.064
575.101 710.693 0.000 0.000 0.000 865.718 0.000 648.858
0.000 851.576 955.267 763.328 0.000 0.000 0.000 0.000
355.189 0.000 408.448 446.724 694.688 701.008 427.439 911.162
570.610 0.000 0.000 0.000 603.837 0.000 382.721 0.000
0.000 793.644 0.000 0.000 0.000 0.000 0.000 887.456
529.145 765.578 0.000 521.691 449.666 481.238 0.000 0.000
0.000 778.910 0.000 715.267 364.212 582.975 0.000 0.000
0.000 928.122 0.000 0.000 0.000 0.000 0.000 320.627
0.000 933.816 0.000 0.000 900.801 794.909 0.000 628.403
0.000 954.745 411.266 918.217 385.176 777.763 925.185 0.000
0.000 461.774 0.000 418.497 0.000 443.358 433.058 0.000
383.733 0.000 0.000 0.000 399.535 0.000 0.000 0.000
0.000 0.000 938.205 873.361 0.000 0.000 0.000 0.000
0.000 0.000 0.000 0.000 644.457 0.000 743.122 509.842
900.630 499.570 0.000 0.000 0.000 545.580 618.705 0.000
0.000 0.000 0.000 0.000 0.000 506.847 706.411 0.000
613.565 0.000 0.000 505.732 0.000 0.000 313.442 409.555
505.575 787.877 0.000 505.126 537.230 637.389 0.000 868.118
0.000 0.000 0.000 0.000 317.894 720.357 0.000 844.820
611.990 0.000 975.328 630.571 903.272 0.000 0.000 0.000
0.000 350.210 0.000 855.702 335.838 304.906 861.811 0.000
821.348 0.000 670.501 0.000 380.381 523.320 902.251 0.000
0.000 646.761 858.795 0.000 752.522 0.000 545.214 0.000
0.000 879.750 623.395 0.000 0.000 637.971 0.000 0.000
0.000 676.075 417.467 0.000 0.000 435.728 0.000 0.000
809.183 0.000 0.000 0.000 486.159 0.000 0.000 610.016
0.000 0.000 0.000 516.932 0.000 0.000 450.236 0.000
441.942 0.000 0.000 958.435 0.000 0.000 301.948 0.000
740.084 0.000 0.000 542.370 0.000 890.574 0.000 779.776
615.522 0.000 466.616 811.461 619.108 586.639 466.548 489.710
0.000 0.000 0.000 0.000 782.448 937.167 0.000 504.802
616.430 0.000 773.816 0.000 503.798 0.000 419.588 0.000
0.000 965.935 0.000 0.000 0.000 0.000 0.000 0.000
0.000 541.620 0.000 871.344 0.000 968.806 0.000 0.000
479.389 0.000 899.100 0.000 0.000 0.000 357.973 0.000
821.069 573.890 0.000 485.683 705.521 0.000 0.000 0.000
358.025 0.000 0.000 0.000 851.094 0.000 689.999 833.536
0.000 0.000 585.316 0.000 0.000 0.000 676.055 0.000
826.423 0.000 305.901 882.895 665.790 712.095 0.000 0.000
837.618 0.000 920.485 301.156 0.000 0.000 0.000 0.000
0.000 0.000 823.902 375.072 0.000 0.000 0.000 0.000
0.000 347.636 774.117 0.000 0.000 0.000 559.971 999.974
788.611 0.000 0.000 0.000 763.685 0.000 0.000 322.603
0.000 546.288 0.000 0.000 0.000 343.447 301.765 0.000
0.000 334.547 772.243 694.457 939.310 842.201 847.691 0.000
465.022 0.000 0.000 0.000 0.000 0.000 0.000 486.477
0.000 692.904 934.179 0.000 834.502 0.000 557.270 622.175
0.000 559.549 0.000 0.000 0.000 765.870 637.437 344.430
501.929 313.298 334.369 0.000 443.312 456.499 618.750 0.000
447.777 0.000 639.965 726.254 942.674 805.369 0.000 0.000
0.000 0.000 314.355 0.000 796.558 919.812 0.000 0.000
0.000 948.085 381.692 0.000 0.000 399.318 0.000 0.000
395.381 0.000 927.276 0.000 447.036 388.740 0.000 519.074
0.000 0.000 0.000 760.676 0.000 903.406 0.000 677.112
0.000 408.597 660.150 0.000 601.452 597.662 534.670 0.000
0.000 0.000 0.000 516.329 560.468 766.498 0.000 0.000
919.078 0.000 0.000 0.000 0.000 745.686 0.000 0.000
626.936 0.000 341.788 0.000 916.241 0.000 692.237 845.092
861.270 0.000 689.218 692.006 601.455 361.673 426.065 0.000
0.000 0.000 822.587 0.000 479.501 530.502 0.000 0.000
0.000 0.000 552.674 0.000 824.623 843.940 303.806 946.072
0.000 0.000 0.000 416.999 0.000 0.000 0.000 0.000
0.000 980.549 0.000 0.000 949.601 872.142 764.267 0.000
0.000 0.000 350.889 0.000 0.000 0.000 0.000 0.000
686.231 0.000 0.000 649.966 761.901 896.278 370.685 0.000
0.000 0.000 963.622 0.000 0.000 496.136 879.828 783.429
0.000 0.000 0.000 694.113 442.211 0.000 0.000 0.000
321.925 971.899 0.000 550.280 598.517 0.000 354.363 381.624
0.000 0.000 0.000 0.000 978.834 0.000 0.000 0.000
845.057 794.269 684.282 970.527 882.732 785.983 907.933 0.000
826.246 0.000 456.273 572.072 0.000 920.571 304.547 733.276
0.000 831.361 0.000 640.284 760.095 0.000 758.387 0.000
0.000 0.000 0.000 0.000 0.000 566.378 0.000 0.000
493.550 508.230 0.000 932.808 806.555 602.576 0.000 0.000
791.032 617.277 0.000 0.000 726.055 0.000 913.049 0.000
319.166 650.630 0.000 371.982 867.335 377.825 0.000 835.670
631.517 0.000 0.000 864.205 437.580 950.586 452.992 715.983
407.554 0.000 952.480 0.000 0.000 0.000 0.000 0.000
486.016 457.909 817.323 713.196 683.697 0.000 0.000 423.135
0.000 0.000 0.000 0.000 714.710 0.000 667.014 867.558
0.000 861.794 485.050 0.000 641.304 998.989 974.992 0.000
564.961 0.000 709.781 0.000 439.089 880.722 877.540 0.000
0.000 363.462 0.000 0.000 796.574 531.378 0.000 0.000
0.000 978.994 0.000 0.000 592.980 0.000 903.022 995.859
309.520 0.000 0.000 745.038 516.619 617.584 625.611 0.000
0.000 597.327 387.351 366.557 576.960 656.434 682.143 523.880
0.000 964.952 0.000 0.000 963.052 0.000 751.457 669.166
896.461 0.000 750.222 467.857 0.000 0.000 768.468 0.000
403.821 363.470 0.000 776.554 0.000 675.133 0.000 0.000
0.000 460.229 0.000 0.000 307.873 914.615 802.405 998.541
0.000 0.000 697.468 473.059 0.000 929.528 0.000 756.310
0.000 428.332 536.606 0.000 0.000 545.938 582.507 0.000
769.553 457.401 0.000 0.000 0.000 0.000 986.860 686.375
0.000 0.000 0.000 860.879 901.515 953.213 403.409 400.512
426.478 751.089 0.000 0.000 512.214 0.000 0.000 0.000
0.000 530.364 0.000 0.000 573.463 585.581 678.435 784.957
308.426 598.514 735.148 718.698 976.724 405.771 0.000 720.059
939.298 0.000 971.374 0.000 0.000 846.686 0.000 319.519
808.008 407.298 0.000 355.360 382.859 785.005 0.000 893.356
611.085 0.000 857.863 587.946 0.000 0.000 641.017 0.000
614.881 795.625 775.644 0.000 931.080 629.459 0.000 985.354
429.484 0.000 557.134 950.291 0.000 335.010 0.000 0.000
841.336 0.000 981.417 695.597 0.000 869.113 0.000 963.970
748.582 0.000 507.092 864.642 520.594 843.681 0.000 0.000
0.000 0.000 758.466 638.300 987.582 683.314 773.295 0.000
963.616 0.000 615.228 0.000 936.079 316.117 0.000 0.000
432.838 822.780 0.000 0.000 618.647 752.673 0.000 923.989
0.000 0.000 0.000 0.000 0.000 453.411 818.729 959.341
0.000 967.272 0.000 800.522 0.000 317.723 478.850 0.000
0.000 0.000 0.000 0.000 0.000 862.533 0.000 698.939
527.223 0.000 0.000 414.596 0.000 0.000 0.000 444.320
595.112 0.000 466.970 0.000 0.000 0.000 853.727 0.000
682.265 602.304 815.701 923.108 0.000 903.161 0.000 0.000
424.811 301.432 638.644 0.000 767.232 741.693 857.198 0.000
0.000 576.656 0.000 310.407 380.298 628.040 731.820 874.683
790.550 962.214 466.148 663.490 0.000 599.304 0.000 0.000
371.750 926.204 698.533 894.213 0.000 0.000 319.555 564.155
0.000 606.593 967.884 0.000 0.000 0.000 841.400 312.936
633.348 906.659 0.000 707.193 0.000 0.000 0.000 857.736
0.000 0.000 0.000 0.000 0.000 0.000 670.845 797.307
0.000 916.555 377.004 0.000 336.507 0.000 574.828 464.496
867.925 0.000 507.480 0.000 838.115 0.000 441.144 0.000
944.116 0.000 0.000 0.000 916.510 0.000 0.000 0.000
0.000 0.000 588.061 0.000 679.284 0.000 0.000 0.000
915.984 654.495 532.405 0.000 0.000 0.000 0.000 883.868
464.618 637.200 0.000 0.000 587.721 512.384 464.165 0.000
0.000 0.000 608.855 952.749 672.851 598.169 640.779 0.000
605.659 815.623 0.000 376.950 0.000 0.000 579.775 729.269
803.295 0.000 788.556 0.000 0.000 0.000 0.000 0.000
747.623 0.000 0.000 746.621 0.000 604.490 604.551 402.030
0.000 0.000 655.127 622.730 339.167 413.425 450.827 0.000
0.000 530.136 0.000 0.000 0.000 0.000 862.928 0.000
0.000 898.971 356.804 622.659 637.923 531.562 992.543 449.010
359.192 0.000 840.066 979.943 0.000 0.000 0.000 671.865
524.207 0.000 489.444 0.000 0.000 468.977 0.000 0.000
0.000 0.000 984.277 568.464 953.688 855.379 992.960 807.677
0.000 0.000 0.000 328.042 0.000 834.728 347.881 381.137
829.918 948.771 625.936 363.835 0.000 991.073 953.584 836.096
0.000 0.000 0.000 0.000 0.000 0.000 810.510 0.000
549.542 539.647 893.073 0.000 0.000 0.000 0.000 0.000
0.000 0.000 678.466 0.000 0.000 0.000 0.000 0.000
454.334 802.087 642.119 0.000 734.224 881.673 0.000 694.833
875.871 544.143 945.072 735.320 362.211 0.000 0.000 0.000
0.000 0.000 0.000 604.335 620.025 0.000 956.016 654.174
0.000 0.000 0.000 544.091 0.000 958.448 0.000 0.000
0.000 0.000 0.000 0.000 0.000 744.531 0.000 0.000
0.000 0.000 0.000 0.000 950.089 0.000 0.000 520.184
0.000 0.000 0.000 0.000 569.114 0.000 0.000 748.378
515.203 988.629 0.000 0.000 0.000 0.000 0.000 0.000
0.000 576.399 476.025 779.323 837.094 829.956 0.000 979.240
0.000 645.422 0.000 0.000 981.366 551.422 822.168 350.159
0.000 351.072 569.348 317.144 663.905 999.894 350.674 922.752
0.000 611.354 0.000 920.827 903.871 0.000 752.825 0.000
0.000 395.399 765.100 665.062 435.435 0.000 599.372 790.731
0.000 553.518 968.505 0.000 0.000 0.000 0.000 703.600
692.357 809.948 0.000 687.592 587.321 0.000 0.000 780.364
0.000 0.000 580.653 732.085 509.962 357.902 0.000 0.000
906.137 0.000 0.000 856.578 0.000 0.000 702.166 374.881
0.000 0.000 382.696 785.629 625.962 0.000 475.454 435.640
507.301 496.645 521.392 777.617 742.060 0.000 733.907 311.121
345.993 970.681 436.543 0.000 0.000 868.003 0.000 0.000
0.000 0.000 0.000 0.000 0.000 797.784 843.814 311.024
0.000 0.000 0.000 0.000 0.000 0.000 994.178 740.560
798.498 0.000 0.000 626.863 0.000 0.000 0.000 0.000
685.999 814.580 0.000 0.000 0.000 565.551 377.633 347.949
0.000 732.385 0.000 571.621 425.235 0.000 873.867 0.000
0.000 511.154 0.000 0.000 0.000 878.350 0.000 0.000
952.000 0.000 0.000 679.172 0.000 470.874 0.000 0.000
685.404 0.000 611.733 0.000 0.000 911.336 618.211 0.000
0.000 773.346 0.000 0.000 787.395 0.000 0.000 314.732
0.000 0.000 0.000 0.000 494.892 924.516 320.550 457.191
0.000 0.000 484.001 0.000 0.000 976.202 0.000 932.541
688.151 815.515 308.463 0.000 610.169 672.853 971.651 0.000
0.000 0.000 598.111 0.000 559.908 438.351 0.000 463.616
0.000 640.380 0.000 666.166 920.529 0.000 0.000 0.000
0.000 0.000 0.000 453.530 0.000 0.000 0.000 0.000
469.423 0.000 577.167 409.652 0.000 0.000 0.000 514.428
0.000 0.000 915.527 0.000 0.000 0.000 0.000 838.596
609.323 0.000 794.411 0.000 0.000 759.387 385.992 0.000
806.618 0.000 0.000 0.000 0.000 843.512 0.000 0.000
0.000 0.000 0.000 0.000 0.000 520.637 0.000 355.611
0.000 0.000 372.098 441.495 0.000 748.602 0.000 0.000
974.175 0.000 489.757 420.477 637.535 461.223 683.933 775.377
0.000 409.757 871.000 557.524 0.000 730.825 471.455 633.676
574.067 322.726 372.171 480.192 779.023 0.000 457.889 415.998
0.000 969.099 735.322 688.801 0.000 699.930 461.559 343.106
497.581 0.000 0.000 807.271 931.199 0.000 763.413 778.304
0.000 0.000 0.000 0.000 0.000 571.350 525.165 506.280
345.056 0.000 0.000 0.000 616.469 0.000 428.775 982.776
0.000 823.803 0.000 486.784 0.000 723.775 0.000 503.400
476.954 0.000 691.846 0.000 831.501 0.000 0.000 0.000
0.000 0.000 0.000 0.000 0.000 548.852 738.501 716.776
572.952 660.566 743.596 0.000 0.000 813.979 944.589 435.210
0.000 651.434 0.000 0.000 0.000 557.564 0.000 997.777
849.323 973.660 0.000 915.340 734.233 0.000 627.202 0.000
0.000 556.931 0.000 548.806 0.000 0.000 0.000 869.563
926.258 981.767 301.406 0.000 963.920 0.000 0.000 664.132
764.693 649.253 770.063 429.986 0.000 312.196 0.000 315.743
0.000 0.000 575.375 0.000 832.168 0.000 966.614 0.000
711.896 657.931 936.043 574.107 921.203 358.727 906.481 0.000
344.556 0.000 597.336 0.000 522.614 0.000 0.000 615.503
0.000 679.751 529.878 931.709 972.515 642.927 0.000 330.957
0.000 0.000 0.000 0.000 0.000 529.687 0.000 0.000
0.000 846.086 370.697 0.000 0.000 0.000 0.000 751.606
0.000 522.876 573.781 342.584 0.000 0.000 595.042 0.000
0.000 731.767 359.775 735.290 0.000 0.000 457.106 373.385
0.000 0.000 0.000 585.073 348.703 339.319 335.817 891.614
973.508 358.614 735.544 0.000 0.000 645.915 0.000 0.000
377.804 0.000 0.000 0.000 631.716 0.000 0.000 834.812
0.000 0.000 0.000 0.000 811.834 512.586 0.000 971.513
854.017 0.000 677.630 0.000 0.000 0.000 0.000 925.989
0.000 0.000 0.000 0.000 807.089 740.374 916.154 631.153
0.000 0.000 864.013 0.000 964.804 721.527 649.494 623.398
0.000 669.801 0.000 0.000 0.000 718.140 404.524 0.000
586.078 878.480 0.000 848.550 947.013 0.000 0.000 0.000
0.000 0.000 0.000 0.000 852.427 905.313 559.272 958.335
0.000 0.000 0.000 0.000 566.269 0.000 713.064 427.562
844.840 879.444 327.939 349.598 0.000 0.000 0.000 410.352
0.000 962.921 0.000 597.682 996.335 520.476 0.000 409.244
0.000 346.947 843.998 845.738 0.000 985.168 559.526 950.050
0.000 0.000 0.000 0.000 497.245 0.000 0.000 0.000
911.528 0.000 0.000 395.266 831.554 0.000 0.000 386.442
0.000 0.000 0.000 703.630 0.000 738.355 474.770 901.221
0.000 0.000 0.000 920.794 0.000 540.773 0.000 0.000
647.807 0.000 593.130 0.000 0.000 0.000 642.607 0.000
301.119 0.000 0.000 863.633 586.775 958.336 0.000 474.231
0.000 563.021 0.000 0.000 0.000 989.413 759.091 660.426
934.115 0.000 0.000 0.000 693.895 912.598 0.000 0.000
0.000 836.082 0.000 644.301 0.000 0.000 0.000 0.000
0.000 893.372 666.128 0.000 0.000 0.000 516.480 371.909
611.823 809.324 0.000 626.401 388.605 896.614 0.000 0.000
0.000 897.174 0.000 0.000 0.000 0.000 0.000 0.000
0.000 541.097 0.000 0.000 457.548 368.632 977.795 0.000
0.000 485.747 0.000 0.000 0.000 626.292 332.553 0.000
571.665 965.768 0.000 314.237 761.788 0.000 0.000 750.871
535.926 585.313 0.000 0.000 953.836 0.000 669.655 724.812
649.835 950.280 527.922 491.634 0.000 901.871 658.454 0.000
993.456 0.000 629.056 667.165 338.646 898.296 511.251 890.518
0.000 0.000 461.578 0.000 0.000 0.000 0.000 0.000
0.000 0.000 466.229 390.206 0.000 0.000 0.000 0.000
874.758 0.000 660.713 0.000 0.000 934.192 347.989 356.272
0.000 0.000 0.000 339.279 0.000 0.000 0.000 938.884
0.000 430.289 373.337 952.902 0.000 0.000 0.000 874.465
412.031 0.000 817.745 0.000 901.829 0.000 672.490 828.648
0.000 890.470 0.000 0.000 0.000 0.000 0.000 691.397
0.000 415.528 0.000 477.499 0.000 408.174 0.000 589.768
0.000 0.000 0.000 0.000 0.000 369.103 0.000 570.399
787.916 640.517 0.000 688.307 0.000 828.477 0.000 0.000
648.144 0.000 647.433 943.670 0.000 0.000 0.000 414.787
391.153 0.000 869.932 0.000 809.475 0.000 424.973 0.000
0.000 387.557 0.000 511.140 0.000 0.000 419.490 495.739
0.000 0.000 0.000 942.668 331.254 800.580 491.579 0.000
882.774 310.566 990.928 0.000 0.000 793.999 0.000 492.460
604.369 0.000 426.187 574.562 0.000 384.460 0.000 0.000
520.560 330.160 863.385 0.000 0.000 389.701 538.135 0.000
732.675 837.597 598.074 832.534 746.161 0.000 533.525 592.742
0.000 0.000 0.000 0.000 417.588 0.000 848.559 562.550
0.000 0.000 708.961 642.253 354.626 867.098 338.946 992.369
411.079 0.000 749.222 602.245 855.424 937.381 882.025 0.000
674.276 0.000 471.031 0.000 458.783 0.000 728.827 0.000
882.741 0.000 0.000 695.507 501.977 0.000 0.000 0.000
0.000 0.000 0.000 451.735 694.557 367.826 655.605 907.407
475.856 0.000 632.500 0.000 0.000 925.814 570.753 344.590
0.000 0.000 599.725 0.000 0.000 941.590 318.355 0.000
736.415 0.000 369.448 0.000 314.051 663.114 0.000 461.874
0.000 0.000 872.468 809.521 0.000 555.288 875.964 570.999
503.022 992.772 402.065 0.000 0.000 0.000 0.000 0.000
0.000 961.556 547.789 810.815 853.064 0.000 631.551 0.000
0.000 323.810 950.881 792.812 0.000 0.000 722.548 317.503
0.000 0.000 0.000 385.058 439.256 0.000 0.000 0.000
377.596 0.000 724.181 0.000 0.000 968.123 767.879 0.000
982.035 678.818 736.606 0.000 0.000 0.000 916.227 611.105
738.294 476.345 545.295 865.226 0.000 0.000 0.000 778.661
0.000 478.896 0.000 618.242 0.000 770.638 0.000 737.581
849.647 841.362 617.068 986.173 973.368 0.000 0.000 520.210
0.000 494.640 786.912 0.000 0.000 0.000 0.000 0.000
0.000 553.223 754.131 513.871 0.000 492.589 613.596 778.567
0.000 802.719 338.060 780.122 0.000 534.907 0.000 382.292
0.000 0.000 910.169 901.158 545.953 0.000 0.000 0.000
0.000 754.028 0.000 0.000 0.000 0.000 0.000 0.000
959.257 0.000 0.000 0.000 0.000 0.000 0.000 504.664
0.000 579.190 346.565 0.000 0.000 340.970 839.228 482.435
0.000 0.000 0.000 0.000 528.562 0.000 797.295 0.000
0.000 895.473 364.094 761.596 363.019 891.616 0.000 712.257
0.000 0.000 324.254 837.863 731.741 0.000 589.711 0.000
0.000 0.000 958.807 428.295 0.000 0.000 0.000 0.000
892.073 0.000 0.000 428.949 0.000 300.334 413.154 980.873
382.894 0.000 0.000 810.622 0.000 821.558 774.502 654.242
816.511 585.964 0.000 393.346 0.000 0.000 991.872 0.000
0.000 557.412 0.000 0.000 0.000 0.000 627.604 888.402
444.045 0.000 693.677 704.382 657.697 635.677 0.000 0.000
458.393 635.477 927.133 0.000 0.000 390.445 0.000 0.000
588.479 0.000 750.230 777.654 801.337 0.000 439.659 448.528
868.730 0.000 351.860 0.000 682.812 0.000 312.288 466.713
0.000 825.783 410.328 0.000 0.000 0.000 850.337 0.000
491.270 926.975 0.000 0.000 371.493 609.924 698.353 0.000
0.000 0.000 0.000 624.214 0.000 711.581 0.000 0.000
0.000 849.772 0.000 933.182 976.513 449.852 0.000 0.000
441.039 0.000 873.369 630.869 0.000 887.177 0.000 539.640
0.000 636.965 0.000 721.816 375.476 0.000 0.000 301.141
0.000 0.000 764.488 0.000 342.697 0.000 0.000 0.000
0.000 351.734 0.000 0.000 0.000 956.207 0.000 0.000
0.000 779.917 0.000 829.419 853.506 863.548 308.632 600.676
395.455 744.020 694.582 393.488 866.111 0.000 0.000 0.000
0.000 594.131 540.608 0.000 699.851 0.000 0.000 0.000
572.617 0.000 0.000 0.000 0.000 0.000 0.000 0.000
448.439 0.000 419.324 861.679 642.432 402.936 0.000 0.000
733.067 604.246 0.000 0.000 438.490 468.407 485.858 0.000
0.000 0.000 627.014 0.000 720.399 0.000 0.000 0.000
772.559 881.628 711.566 512.938 379.138 809.491 708.420 460.132
721.348 0.000 351.612 0.000 0.000 842.653 0.000 0.000
0.000 618.653 639.396 752.850 0.000 474.763 748.097 434.570
0.000 322.669 0.000 0.000 748.262 0.000 338.960 0.000
799.681 637.021 0.000 554.063 0.000 0.000 0.000 951.900
462.058 405.894 353.252 0.000 0.000 385.023 0.000 668.459
0.000 0.000 0.000 805.463 0.000 0.000 0.000 896.903
0.000 362.290 449.862 586.951 631.823 890.665 0.000 0.000
965.646 0.000 0.000 971.744 0.000 327.026 846.662 819.927
621.917 444.370 0.000 703.341 0.000 419.206 0.000 863.684
0.000 0.000 0.000 977.446 0.000 0.000 739.445 752.140
0.000 349.387 526.332 847.153 0.000 739.847 0.000 304.896
906.535 0.000 0.000 708.571 632.949 799.015 0.000 0.000
0.000 829.679 0.000 443.428 0.000 497.513 0.000 0.000
964.821 575.499 592.211 674.727 936.506 0.000 943.397 855.782
0.000 955.801 513.659 368.064 657.289 414.076 0.000 0.000
0.000 573.379 0.000 0.000 0.000 0.000 988.731 371.130
976.983 715.329 0.000 581.440 994.222 860.575 0.000 0.000
945.872 935.375 0.000 718.216 0.000 540.845 0.000 975.203
745.045 0.000 574.509 0.000 551.567 536.459 0.000 0.000
0.000 588.738 521.446 0.000 339.436 690.882 0.000 327.001
0.000 0.000 845.126 630.982 572.417 751.011 0.000 0.000
303.224 763.302 0.000 0.000 0.000 0.000 442.673 973.254
0.000 0.000 351.640 768.695 956.545 934.025 400.143 0.000
374.164 656.366 0.000 0.000 642.053 501.365 0.000 0.000
546.242 390.098 0.000 708.349 677.230 742.250 0.000 0.000
0.000 794.340 669.012 470.381 430.361 0.000 709.722 0.000
0.000 423.990 0.000 947.004 0.000 777.938 0.000 954.414
647.989 0.000 0.000 627.079 0.000 0.000 0.000 0.000
453.909 0.000 383.804 908.646 918.947 0.000 945.110 0.000
443.139 732.856 0.000 0.000 552.568 697.282 879.246 0.000
0.000 833.073 690.615 0.000 739.978 0.000 427.159 535.389
717.598 0.000 537.715 0.000 594.822 551.455 550.268 927.020
0.000 0.000 0.000 380.673 415.286 0.000 0.000 0.000
0.000 519.162 856.190 0.000 839.420 450.676 421.724 689.827
0.000 0.000 0.000 787.471 522.192 0.000 0.000 0.000
0.000 754.014 534.664 370.338 0.000 0.000 0.000 509.249
0.000 0.000 514.179 335.497 726.353 423.225 0.000 705.757
852.567 0.000 0.000 405.690 591.583 958.490 0.000 0.000
0.000 0.000 737.932 0.000 0.000 971.128 0.000 0.000
0.000 0.000 0.000 0.000 997.641 571.786 0.000 0.000
0.000 704.196 0.000 0.000 618.878 0.000 848.211 560.171
401.592 0.000 445.956 930.976 420.041 674.197 0.000 0.000
0.000 468.059 571.531 924.075 598.407 946.947 956.470 754.354
861.498 719.789 0.000 0.000 421.492 0.000 0.000 0.000
610.574 0.000 0.000 0.000 338.866 0.000 334.223 0.000
0.000 0.000 529.245 717.450 0.000 0.000 0.000 0.000
0.000 0.000 561.032 0.000 422.217 749.357 966.726 0.000
0.000 0.000 334.363 0.000 0.000 0.000 0.000 0.000
433.978 0.000 0.000 0.000 0.000 0.000 0.000 0.000
828.774 0.000 844.787 545.552 436.972 364.901 0.000 0.000
0.000 0.000 0.000 814.442 0.000 682.200 0.000 0.000
689.753 825.931 0.000 0.000 980.951 0.000 547.380 0.000
330.629 0.000 428.975 884.446 657.584 474.842 0.000 476.047
0.000 776.271 388.357 0.000 0.000 0.000 0.000 0.000
0.000 0.000 0.000 0.000 0.000 0.000 694.762 0.000
966.208 430.179 461.022 0.000 786.276 0.000 600.510 466.891
463.830 0.000 0.000 752.871 0.000 0.000 0.000 0.000
0.000 0.000 0.000 0.000 578.260 689.041 871.606 0.000
0.000 0.000 627.848 0.000 767.441 0.000 657.059 353.936
553.908 0.000 788.292 0.000 923.105 807.432 0.000 382.814
0.000 306.911 0.000 0.000 770.972 784.796 0.000 0.000
841.624 0.000 0.000 354.163 0.000 0.000 0.000 0.000
791.446 560.360 0.000 0.000 0.000 0.000 0.000 0.000
0.000 0.000 700.973 0.000 0.000 0.000 803.267 0.000
0.000 0.000 0.000 0.000 0.000 661.383 444.219 654.772
0.000 0.000 813.070 703.610 0.000 450.477 665.399 734.278
0.000 965.904 621.335 786.780 0.000 0.000 0.000 0.000
0.000 0.000 0.000 0.000 0.000 331.162 0.000 0.000
0.000 350.259 0.000 953.271 0.000 0.000 0.000 645.099
0.000 0.000 0.000 848.176 0.000 871.962 0.000 0.000
901.327 873.087 0.000 0.000 0.000 0.000 876.411 912.133
0.000 0.000 0.000 0.000 0.000 669.066 0.000 0.000
0.000 0.000 0.000 641.830 0.000 580.905 512.927 580.224
0.000 0.000 727.388 944.176 420.188 0.000 0.000 0.000
0.000 0.000 0.000 0.000 0.000 951.487 0.000 348.204
0.000 880.120 400.197 0.000 0.000 791.247 383.071 0.000
430.786 0.000 464.896 0.000 877.442 0.000 669.339 0.000
0.000 0.000 899.110 437.137 923.535 0.000 0.000 397.613
502.423 0.000 888.737 0.000 0.000 676.253 0.000 622.580
747.782 0.000 322.036 0.000 0.000 0.000 0.000 607.406
0.000 744.339 0.000 0.000 0.000 0.000 398.754 0.000
453.545 434.327 793.030 484.472 0.000 374.192 0.000 0.000
0.000 0.000 651.450 709.403 706.774 0.000 760.611 0.000
578.640 0.000 398.882 0.000 487.465 0.000 504.015 0.000
0.000 602.362 0.000 906.936 0.000 0.000 0.000 859.664
651.176 953.050 343.108 0.000 0.000 0.000 0.000 0.000
0.000 0.000 859.987 573.374 574.495 0.000 0.000 407.977
631.488 855.839 819.395 639.883 0.000 0.000 698.400 0.000
683.782 0.000 648.369 0.000 0.000 0.000 0.000 876.697
0.000 0.000 336.715 0.000 643.598 986.191 764.673 0.000
0.000 0.000 0.000 0.000 0.000 965.469 0.000 980.072
0.000 0.000 776.305 493.259 0.000 937.932 0.000 0.000
439.826 0.000 0.000 408.237 309.185 0.000 717.750 910.614
585.887 909.039 897.740 329.666 0.000 804.737 982.051 749.827
695.472 0.000 0.000 835.694 982.850 0.000 508.449 723.321
981.368 0.000 0.000 0.000 518.173 902.721 634.265 0.000
0.000 490.982 0.000 0.000 854.281 653.558 0.000 0.000
0.000 944.184 690.083 709.349 664.148 0.000 0.000 496.050
351.397 712.583 631.520 435.769 0.000 938.924 0.000 316.480
472.682 429.179 675.528 0.000 633.438 381.333 669.331 0.000
0.000 0.000 0.000 891.614 0.000 917.906 433.435 0.000
787.389 0.000 0.000 392.174 0.000 903.827 0.000 0.000
0.000 928.346 0.000 0.000 0.000 0.000 0.000 0.000
316.767 0.000 478.248 775.594 901.411 0.000 538.731 0.000
868.193 0.000 0.000 397.557 0.000 928.599 0.000 851.361
600.235 0.000 767.002 378.092 0.000 0.000 0.000 0.000
644.222 0.000 0.000 0.000 538.029 543.406 0.000 953.789
476.479 865.500 690.604 743.669 0.000 0.000 704.795 591.721
0.000 0.000 0.000 414.159 0.000 926.706 790.344 0.000
0.000 923.028 661.703 0.000 0.000 0.000 793.942 325.306
0.000 0.000 0.000 811.641 699.215 0.000 0.000 0.000
441.289 0.000 0.000 0.000 0.000 862.377 878.538 439.912
0.000 0.000 480.834 0.000 689.292 0.000 891.378 0.000
685.352 0.000 0.000 517.949 0.000 0.000 717.487 439.615
584.917 592.016 0.000 916.374 0.000 0.000 333.911 0.000
467.170 0.000 651.713 0.000 498.562 0.000 998.830 837.817
0.000 472.225 355.646 0.000 885.447 0.000 0.000 0.000
859.132 440.864 373.105 378.564 950.899 0.000 492.474 367.125
0.000 0.000 499.349 380.859 0.000 0.000 0.000 0.000
307.469 809.095 0.000 697.057 0.000 792.477 437.732 0.000
686.429 0.000 0.000 0.000 579.653 0.000 0.000 0.000
451.213 0.000 701.972 0.000 715.235 376.690 0.000 938.187
