0.000 0.000 0.000 561.339 0.000 0.000 819.149 435.727
0.000 578.059 634.067 643.792 0.000 0.000 0.000 701.613
0.000 0.000 531.126 534.877 506.545 453.781 0.000 301.600
825.603 0.000 0.000 847.955 489.588 709.821 0.000 350.146
0.000 0.000 0.000 0.000 621.648 0.000 654.554 981.079
0.000 656.120 370.350 0.000 0.000 413.871 0.000 0.000
305.627 0.000 0.000 0.000 636.722 0.000 0.000 0.000
306.225 387.504 794.332 708.271 868.935 795.214 446.224 771.130
903.829 0.000 535.592 0.000 0.000 305.465 0.000 0.000
948.855 859.729 0.000 903.632 946.530 354.613 520.211 0.000
0.000 714.937 684.211 0.000 347.740 0.000 614.689 0.000
0.000 517.249 0.000 0.000 813.901 900.536 0.000 0.000
0.000 0.000 375.019 344.099 935.035 777.119 0.000 0.000
0.000 694.853 0.000 984.678 0.000 671.970 614.749 0.000
428.575 991.868 0.000 0.000 635.017 0.000 518.712 359.712
475.155 0.000 744.558 628.711 972.431 0.000 404.716 615.815
0.000 0.000 345.281 807.354 855.833 893.975 0.000 979.521
534.925 782.121 674.425 0.000 369.524 0.000 354.200 476.409
809.982 0.000 0.000 995.379 0.000 0.000 729.458 0.000
0.000 895.461 0.000 533.269 0.000 518.279 799.590 0.000
699.886 636.159 0.000 913.432 0.000 0.000 381.007 364.517
0.000 412.946 0.000 606.627 757.221 527.802 857.877 614.695
506.588 741.336 409.932 611.433 338.062 335.202 585.881 0.000
373.978 0.000 0.000 0.000 0.000 362.564 875.898 0.000
430.227 388.701 980.283 0.000 0.000 392.977 559.435 738.575
0.000 935.867 451.940 943.804 0.000 0.000 0.000 0.000
0.000 0.000 0.000 865.853 601.289 870.219 899.422 0.000
585.246 0.000 613.403 313.173 0.000 464.440 0.000 889.065
0.000 406.077 0.000 395.893 0.000 0.000 0.000 965.101
972.549 761.975 0.000 450.315 733.688 807.309 0.000 0.000
0.000 0.000 0.000 832.182 868.834 403.461 0.000 748.006
367.907 0.000 0.000 979.293 816.470 0.000 868.864 0.000
0.000 913.313 0.000 0.000 0.000 0.000 0.000 651.742
435.693 0.000 0.000 604.265 332.843 0.000 0.000 738.008
435.929 974.112 467.602 551.533 360.368 0.000 818.813 0.000
368.811 336.169 574.706 0.000 0.000 0.000 0.000 682.443
0.000 0.000 0.000 552.976 300.144 0.000 0.000 911.157
967.924 0.000 0.000 507.168 0.000 347.415 745.901 0.000
420.362 687.073 633.573 0.000 992.220 0.000 0.000 632.588
709.230 307.903 309.861 0.000 661.814 0.000 0.000 828.196
309.048 470.404 826.209 328.726 0.000 0.000 0.000 0.000
349.729 0.000 937.640 688.521 0.000 0.000 658.316 0.000
0.000 848.989 595.184 572.906 411.145 674.520 0.000 711.262
392.290 923.636 0.000 0.000 0.000 0.000 806.691 0.000
0.000 0.000 512.400 664.355 0.000 989.959 0.000 0.000
0.000 0.000 637.969 531.050 0.000 505.379 0.000 0.000
574.774 502.012 944.034 0.000 672.781 608.487 0.000 0.000
0.000 0.000 0.000 790.578 724.951 0.000 670.855 0.000
0.000 0.000 0.000 662.378 0.000 666.049 0.000 748.070
467.671 0.000 0.000 731.459 0.000 0.000 711.821 0.000
889.681 674.905 0.000 692.232 442.943 846.221 604.597 406.679
614.548 0.000 765.976 0.000 335.995 408.601 314.053 0.000
969.901 850.039 0.000 0.000 524.800 0.000 0.000 0.000
651.674 427.786 416.514 627.347 877.283 0.000 0.000 646.947
769.222 0.000 0.000 0.000 845.354 418.125 543.900 305.222
557.920 929.827 0.000 475.280 704.821 408.038 561.111 623.207
0.000 0.000 0.000 992.135 887.775 0.000 0.000 803.544
488.192 0.000 0.000 333.808 484.403 334.796 0.000 0.000
499.878 0.000 642.818 0.000 593.152 0.000 735.780 0.000
569.687 0.000 750.999 362.740 452.460 0.000 0.000 393.703
0.000 0.000 305.682 471.173 604.948 605.901 0.000 755.487
0.000 970.834 359.871 411.571 0.000 470.849 434.008 0.000
0.000 885.063 0.000 570.177 0.000 602.845 0.000 0.000
385.222 488.047 791.037 0.000 0.000 478.505 343.376 850.789
684.264 0.000 0.000 874.472 637.160 673.253 856.810 0.000
354.906 0.000 0.000 356.386 874.030 0.000 809.796 0.000
0.000 0.000 850.040 875.195 706.071 0.000 0.000 0.000
669.639 320.443 805.225 512.838 0.000 912.112 528.531 0.000
0.000 0.000 0.000 868.970 0.000 775.196 988.288 854.845
549.028 0.000 930.555 0.000 0.000 962.118 300.428 353.852
0.000 610.064 378.664 0.000 0.000 306.652 0.000 0.000
0.000 706.738 0.000 0.000 0.000 480.174 0.000 0.000
809.114 900.346 777.313 494.458 300.480 529.097 805.566 0.000
0.000 0.000 0.000 305.168 0.000 989.395 0.000 0.000
0.000 893.231 0.000 662.666 536.159 0.000 953.913 0.000
990.380 0.000 0.000 464.957 0.000 655.424 0.000 638.307
0.000 879.650 0.000 0.000 646.879 735.009 0.000 953.686
0.000 0.000 559.036 433.606 698.092 322.334 425.559 0.000
491.949 0.000 0.000 0.000 598.416 358.917 344.295 0.000
0.000 456.476 605.013 0.000 0.000 0.000 850.155 434.039
0.000 763.126 551.525 0.000 0.000 555.492 0.000 0.000
847.127 0.000 816.252 596.479 0.000 905.787 0.000 940.574
0.000 0.000 928.478 0.000 960.137 0.000 564.187 0.000
978.716 886.196 0.000 462.465 770.497 0.000 0.000 0.000
0.000 934.099 0.000 451.891 0.000 764.920 0.000 0.000
0.000 779.244 0.000 511.376 795.420 724.788 594.072 0.000
0.000 385.293 752.738 0.000 331.916 543.486 763.802 0.000
0.000 484.922 870.671 984.085 440.170 500.218 0.000 464.380
998.771 0.000 0.000 0.000 0.000 0.000 425.534 0.000
629.811 0.000 713.097 0.000 0.000 0.000 704.207 0.000
0.000 578.681 0.000 471.765 0.000 743.098 0.000 639.759
0.000 0.000 974.469 0.000 390.744 0.000 594.164 395.501
397.597 0.000 862.678 634.516 635.114 0.000 832.015 0.000
341.682 742.054 359.920 0.000 747.997 0.000 822.110 0.000
0.000 0.000 0.000 536.297 551.114 608.014 0.000 697.270
0.000 0.000 0.000 0.000 0.000 0.000 612.493 687.051
666.222 995.463 0.000 588.019 0.000 535.156 564.059 951.076
0.000 0.000 0.000 803.737 674.252 318.577 824.672 0.000
0.000 0.000 0.000 0.000 566.282 0.000 886.218 335.589
0.000 0.000 414.685 0.000 383.110 997.213 947.825 672.778
476.679 0.000 0.000 857.753 589.603 0.000 745.393 0.000
0.000 0.000 0.000 642.385 837.990 730.583 0.000 0.000
639.783 844.300 781.888 0.000 0.000 923.240 0.000 0.000
733.635 421.672 309.581 0.000 0.000 331.043 0.000 530.599
0.000 0.000 954.828 981.980 0.000 424.129 0.000 0.000
0.000 500.389 809.055 0.000 0.000 0.000 0.000 366.196
0.000 0.000 0.000 502.057 644.217 490.801 0.000 508.431
824.082 923.055 0.000 604.667 321.498 0.000 533.264 0.000
636.758 941.458 560.072 0.000 593.418 936.130 0.000 927.332
0.000 0.000 0.000 945.328 302.868 999.405 0.000 881.154
811.947 0.000 0.000 574.323 0.000 0.000 441.832 0.000
404.583 941.015 0.000 0.000 681.905 374.501 754.934 388.736
724.177 893.507 0.000 0.000 0.000 0.000 487.273 453.688
0.000 357.002 0.000 0.000 482.381 311.777 0.000 0.000
0.000 724.293 300.543 667.579 792.902 992.055 0.000 0.000
555.781 0.000 0.000 860.127 699.978 358.948 519.014 571.969
834.018 0.000 579.170 0.000 307.188 313.809 0.000 0.000
496.352 895.782 438.072 0.000 973.757 306.938 0.000 0.000
453.643 0.000 936.849 0.000 979.903 325.407 0.000 0.000
0.000 947.221 0.000 0.000 0.000 790.951 0.000 0.000
0.000 327.135 797.255 0.000 655.680 0.000 548.022 0.000
0.000 612.864 0.000 0.000 0.000 554.450 0.000 0.000
0.000 0.000 0.000 980.174 597.420 0.000 651.785 0.000
896.109 892.101 594.913 0.000 0.000 548.286 0.000 869.750
642.279 862.056 0.000 0.000 359.321 0.000 779.998 0.000
551.472 637.579 0.000 599.795 923.331 0.000 0.000 503.831
859.999 0.000 669.949 683.256 787.254 0.000 503.586 303.016
0.000 639.336 889.181 836.789 327.104 0.000 443.019 0.000
0.000 0.000 0.000 706.454 981.662 0.000 873.096 0.000
740.439 0.000 0.000 0.000 989.177 0.000 0.000 769.630
674.476 614.007 740.489 0.000 335.027 0.000 0.000 0.000
0.000 659.636 0.000 0.000 0.000 0.000 0.000 0.000
0.000 0.000 0.000 442.614 882.694 0.000 0.000 0.000
621.388 534.225 689.098 436.373 844.952 432.262 0.000 689.810
0.000 964.490 517.514 536.979 848.426 0.000 633.441 436.220
989.019 409.260 0.000 498.022 0.000 0.000 0.000 0.000
502.910 443.496 0.000 0.000 591.133 625.448 682.878 0.000
0.000 0.000 435.500 0.000 590.098 868.657 0.000 887.357
726.941 576.803 323.638 317.045 810.450 756.462 575.631 739.173
943.334 354.615 0.000 0.000 914.660 0.000 589.528 462.008
652.134 0.000 0.000 0.000 475.830 468.573 563.115 539.031
947.952 0.000 368.877 0.000 0.000 0.000 743.026 753.145
0.000 0.000 867.326 626.057 562.172 742.217 718.997 0.000
447.072 668.077 0.000 0.000 593.943 487.714 0.000 512.373
0.000 0.000 939.875 316.181 0.000 0.000 978.272 351.703
312.355 0.000 822.931 0.000 0.000 0.000 0.000 919.674
912.819 740.770 303.017 0.000 0.000 0.000 384.754 0.000
648.833 411.785 0.000 635.177 374.333 0.000 0.000 727.968
457.252 694.278 479.547 0.000 0.000 327.133 538.791 697.974
0.000 327.325 0.000 804.780 752.361 335.728 570.129 487.861
0.000 938.381 0.000 419.528 705.102 801.589 479.382 539.709
0.000 300.594 0.000 698.483 479.543 0.000 0.000 360.804
313.509 987.321 362.194 0.000 545.899 0.000 0.000 962.201
866.354 0.000 0.000 0.000 0.000 0.000 989.642 880.416
765.311 817.018 0.000 0.000 510.864 0.000 0.000 585.449
514.824 915.927 0.000 0.000 0.000 817.059 0.000 341.106
499.964 0.000 0.000 0.000 453.283 581.033 344.194 0.000
0.000 0.000 0.000 0.000 0.000 673.352 0.000 0.000
0.000 0.000 0.000 588.665 641.466 894.548 0.000 0.000
990.100 0.000 572.214 0.000 553.523 369.189 333.982 759.546
0.000 0.000 359.312 0.000 0.000 461.905 941.258 593.804
781.722 445.952 604.400 432.252 0.000 414.862 0.000 0.000
0.000 0.000 0.000 0.000 629.504 0.000 657.688 405.501
521.577 542.684 904.349 0.000 0.000 0.000 0.000 574.649
304.941 0.000 0.000 932.137 804.898 651.760 750.659 963.659
0.000 0.000 693.559 0.000 929.502 0.000 0.000 0.000
542.856 0.000 0.000 957.636 0.000 511.094 0.000 0.000
621.605 0.000 0.000 728.667 978.584 0.000 955.401 862.053
0.000 0.000 0.000 323.735 0.000 0.000 361.727 0.000
890.173 0.000 719.519 569.557 0.000 804.206 445.999 0.000
0.000 767.783 433.093 543.177 0.000 841.188 485.445 0.000
543.584 842.123 599.825 443.162 456.189 408.624 0.000 519.830
0.000 0.000 813.482 382.611 0.000 399.569 354.097 833.871
0.000 0.000 0.000 0.000 457.819 704.544 984.437 811.401
0.000 0.000 322.882 562.015 0.000 0.000 428.764 0.000
0.000 653.856 877.664 0.000 0.000 0.000 571.962 549.144
0.000 734.258 487.946 571.111 422.622 646.189 0.000 463.448
456.657 643.154 0.000 500.495 305.303 0.000 0.000 0.000
461.409 338.239 0.000 0.000 755.225 326.066 458.459 0.000
0.000 318.126 0.000 0.000 0.000 0.000 457.288 514.014
0.000 0.000 780.108 0.000 615.036 502.243 0.000 972.932
0.000 850.038 0.000 0.000 734.208 0.000 0.000 688.776
427.408 0.000 729.776 792.966 531.648 887.324 543.098 911.052
711.818 655.333 0.000 0.000 0.000 674.590 0.000 0.000
0.000 0.000 778.548 333.369 443.375 824.326 0.000 0.000
615.308 564.884 0.000 0.000 981.611 965.007 0.000 449.311
501.472 0.000 334.900 692.474 0.000 0.000 441.772 487.276
0.000 888.368 0.000 620.902 0.000 897.853 963.176 689.428
0.000 0.000 0.000 0.000 983.373 0.000 0.000 996.185
825.981 0.000 462.771 0.000 0.000 0.000 467.784 0.000
0.000 365.539 0.000 479.944 0.000 0.000 667.399 468.945
665.393 574.614 932.639 866.581 375.365 0.000 378.859 0.000
0.000 840.714 0.000 0.000 977.155 0.000 337.662 0.000
0.000 882.422 763.260 0.000 994.302 0.000 476.833 0.000
0.000 787.508 0.000 333.466 0.000 0.000 0.000 0.000
884.836 990.404 0.000 930.727 424.312 0.000 0.000 0.000
0.000 0.000 411.868 0.000 785.202 744.616 634.645 0.000
573.709 455.075 550.879 437.689 447.931 841.217 962.479 0.000
0.000 651.980 361.166 0.000 0.000 0.000 506.838 0.000
0.000 0.000 0.000 0.000 0.000 508.276 0.000 0.000
0.000 0.000 307.381 0.000 476.957 0.000 569.992 0.000
934.105 0.000 353.814 0.000 490.672 0.000 0.000 0.000
0.000 0.000 477.023 856.080 459.877 367.816 677.319 952.852
958.888 560.426 0.000 0.000 0.000 591.963 0.000 923.069
646.018 629.975 0.000 0.000 375.297 738.114 473.968 356.815
941.650 668.187 0.000 826.331 0.000 693.244 811.767 0.000
0.000 0.000 0.000 343.879 0.000 0.000 0.000 969.377
0.000 639.850 496.152 595.927 443.617 795.509 753.408 707.336
0.000 572.868 460.092 923.666 0.000 569.852 0.000 0.000
0.000 444.926 567.197 0.000 550.878 936.082 736.234 324.661
0.000 301.935 0.000 0.000 446.947 0.000 626.389 0.000
700.298 433.221 0.000 0.000 955.871 505.542 743.351 0.000
0.000 651.696 0.000 889.427 0.000 715.916 684.203 0.000
658.590 0.000 0.000 795.592 0.000 0.000 526.709 331.791
0.000 800.300 0.000 0.000 775.451 952.953 0.000 568.254
960.933 474.256 0.000 0.000 0.000 728.813 0.000 703.150
0.000 657.951 867.491 0.000 604.525 656.678 0.000 836.000
994.160 989.189 0.000 781.699 0.000 842.829 482.415 0.000
662.560 383.678 991.075 471.681 0.000 478.919 0.000 390.196
720.823 0.000 0.000 364.544 0.000 0.000 506.943 0.000
725.804 801.841 714.988 735.798 706.215 813.054 340.191 0.000
0.000 0.000 580.873 804.279 0.000 0.000 0.000 0.000
455.661 0.000 0.000 422.080 0.000 0.000 0.000 0.000
0.000 0.000 801.118 0.000 0.000 0.000 0.000 0.000
776.047 641.627 436.363 383.572 0.000 0.000 0.000 0.000
300.378 0.000 0.000 0.000 0.000 995.203 0.000 658.711
309.577 765.082 382.677 860.185 460.691 929.242 0.000 871.316
0.000 0.000 0.000 596.215 695.241 700.480 447.467 824.217
0.000 0.000 604.665 666.459 0.000 0.000 0.000 0.000
593.963 998.548 0.000 0.000 982.031 411.569 0.000 0.000
681.484 0.000 0.000 0.000 307.716 0.000 738.397 677.965
0.000 0.000 887.164 0.000 0.000 0.000 546.992 0.000
0.000 0.000 0.000 0.000 352.844 0.000 901.547 838.512
519.812 732.906 906.119 833.710 0.000 0.000 743.172 664.333
336.670 0.000 890.477 0.000 0.000 476.744 0.000 524.142
772.029 360.694 0.000 0.000 585.702 881.812 0.000 864.232
0.000 0.000 975.447 368.131 0.000 0.000 0.000 426.103
0.000 594.728 0.000 705.521 0.000 0.000 0.000 0.000
0.000 0.000 0.000 0.000 0.000 632.345 0.000 0.000
557.729 0.000 0.000 0.000 408.496 893.115 0.000 0.000
992.920 0.000 0.000 0.000 804.771 485.709 0.000 900.299
473.535 452.659 0.000 598.574 598.328 999.998 0.000 0.000
0.000 0.000 413.325 0.000 0.000 0.000 624.315 0.000
0.000 447.156 0.000 0.000 329.366 0.000 0.000 807.091
444.302 0.000 589.372 686.596 0.000 617.527 0.000 0.000
739.625 306.172 0.000 0.000 865.177 0.000 0.000 0.000
851.827 975.611 0.000 0.000 748.207 517.260 0.000 771.513
0.000 0.000 583.508 360.718 318.549 0.000 877.681 719.303
547.547 347.918 540.380 0.000 0.000 994.711 847.478 546.344
0.000 0.000 342.249 0.000 810.238 874.936 0.000 0.000
943.459 969.082 0.000 621.848 740.245 0.000 613.696 553.465
714.541 0.000 715.305 0.000 751.462 447.902 679.390 0.000
0.000 0.000 726.708 524.155 812.913 0.000 567.928 477.468
0.000 0.000 740.030 0.000 0.000 0.000 913.709 972.411
0.000 0.000 340.382 824.005 720.224 936.673 0.000 380.244
0.000 336.031 0.000 548.130 439.822 688.888 535.944 315.896
883.026 587.919 0.000 568.978 828.582 653.101 500.347 472.533
0.000 0.000 573.748 505.048 0.000 0.000 928.964 923.884
382.829 595.773 326.763 0.000 0.000 0.000 0.000 0.000
842.760 348.917 679.968 0.000 0.000 0.000 0.000 779.633
780.256 760.324 358.993 0.000 0.000 318.041 856.252 853.798
479.136 590.917 0.000 0.000 668.947 0.000 393.818 0.000
949.533 754.741 758.685 0.000 537.653 867.335 426.553 341.031
0.000 0.000 355.207 0.000 429.423 313.925 0.000 417.428
806.439 0.000 660.314 0.000 0.000 0.000 0.000 0.000
0.000 0.000 0.000 705.125 486.847 362.485 0.000 0.000
501.674 582.293 0.000 0.000 917.317 0.000 0.000 0.000
0.000 0.000 985.814 790.546 868.352 0.000 704.687 0.000
0.000 623.487 307.593 0.000 771.778 791.181 432.816 0.000
0.000 0.000 749.656 0.000 840.886 694.270 331.416 987.702
881.466 0.000 367.543 435.850 0.000 0.000 488.109 339.215
430.416 0.000 627.570 0.000 0.000 0.000 0.000 0.000
0.000 736.697 892.892 831.604 0.000 0.000 0.000 843.811
0.000 550.720 0.000 0.000 313.350 0.000 0.000 0.000
496.962 312.568 0.000 363.984 425.336 854.472 465.744 0.000
320.378 0.000 0.000 0.000 0.000 547.594 0.000 0.000
924.588 0.000 0.000 576.624 0.000 562.513 343.874 969.062
391.267 0.000 301.826 502.994 0.000 888.733 830.427 0.000
0.000 0.000 0.000 723.003 0.000 0.000 0.000 583.556
0.000 0.000 0.000 577.729 627.217 0.000 0.000 0.000
0.000 355.051 0.000 419.408 0.000 776.937 0.000 0.000
509.175 606.115 0.000 562.723 0.000 0.000 454.926 358.139
0.000 840.984 0.000 854.603 381.182 878.414 475.175 0.000
0.000 709.550 941.211 0.000 339.007 815.615 0.000 0.000
975.209 0.000 543.379 0.000 0.000 434.770 420.900 0.000
0.000 860.346 844.769 660.976 0.000 651.391 890.037 530.712
0.000 0.000 0.000 591.746 879.462 0.000 476.717 0.000
663.018 344.085 855.381 0.000 595.658 0.000 0.000 0.000
731.483 419.163 0.000 0.000 887.162 744.464 0.000 0.000
965.617 0.000 0.000 842.956 0.000 0.000 860.979 739.222
852.493 0.000 0.000 872.224 547.788 547.894 811.769 443.361
0.000 0.000 329.624 901.488 0.000 300.630 0.000 625.419
749.224 420.558 0.000 617.701 0.000 0.000 0.000 740.775
379.491 958.220 0.000 0.000 546.505 984.483 0.000 0.000
753.893 734.288 397.707 312.758 0.000 710.409 656.463 766.212
0.000 729.006 0.000 0.000 0.000 0.000 899.386 681.690
444.740 0.000 326.201 937.955 0.000 0.000 0.000 0.000
870.707 808.020 773.937 807.579 713.659 0.000 0.000 937.357
0.000 843.912 703.268 0.000 765.974 462.868 609.282 0.000
612.536 570.589 0.000 0.000 0.000 437.192 0.000 0.000
0.000 356.238 487.832 872.050 889.183 542.101 0.000 435.581
303.409 328.700 482.016 0.000 0.000 0.000 0.000 0.000
0.000 976.851 0.000 493.091 0.000 0.000 0.000 613.161
941.684 417.616 310.733 0.000 441.932 0.000 736.339 0.000
865.332 445.776 524.864 632.977 982.273 0.000 359.170 0.000
512.936 0.000 543.476 0.000 0.000 392.498 371.911 0.000
0.000 749.561 0.000 510.469 0.000 0.000 935.104 496.996
997.555 869.193 0.000 871.627 0.000 0.000 0.000 652.393
795.533 0.000 0.000 859.951 751.067 598.179 570.604 966.966
0.000 652.546 0.000 694.564 0.000 992.387 311.200 0.000
987.219 0.000 843.137 569.728 436.561 0.000 688.476 0.000
476.138 0.000 381.282 0.000 0.000 486.477 0.000 0.000
0.000 818.871 0.000 0.000 0.000 0.000 534.422 775.340
803.306 658.449 0.000 984.176 352.489 0.000 0.000 0.000
599.922 613.983 0.000 751.462 626.478 457.557 507.220 0.000
729.933 877.873 0.000 0.000 453.692 0.000 950.919 442.835
551.981 770.701 757.780 0.000 0.000 0.000 817.616 0.000
406.087 0.000 0.000 989.158 447.365 0.000 0.000 722.702
560.333 0.000 0.000 0.000 753.864 892.898 930.690 747.615
608.448 0.000 0.000 0.000 968.145 0.000 0.000 0.000
752.787 600.202 0.000 673.989 0.000 0.000 0.000 824.991
0.000 0.000 0.000 861.496 856.461 0.000 0.000 0.000
0.000 659.539 0.000 527.121 498.625 0.000 0.000 0.000
568.609 0.000 0.000 542.027 815.675 0.000 0.000 445.276
0.000 0.000 0.000 0.000 0.000 304.221 454.683 0.000
594.713 449.749 553.419 329.482 619.432 0.000 0.000 838.081
0.000 0.000 557.899 683.617 821.327 0.000 621.297 442.617
670.956 0.000 947.793 562.819 454.181 675.112 0.000 817.660
0.000 638.645 0.000 0.000 0.000 716.272 0.000 0.000
948.922 0.000 0.000 922.239 0.000 0.000 0.000 0.000
694.301 433.295 0.000 610.616 743.476 711.228 537.106 0.000
0.000 737.665 485.075 0.000 0.000 691.089 479.966 941.342
445.762 0.000 975.629 959.070 0.000 357.533 0.000 316.769
399.014 709.247 0.000 600.227 0.000 0.000 753.606 816.844
0.000 0.000 334.327 300.975 711.216 571.310 0.000 0.000
417.580 752.237 516.131 913.292 861.739 0.000 623.295 648.508
0.000 0.000 352.491 0.000 0.000 959.201 0.000 0.000
597.706 0.000 896.836 0.000 0.000 432.108 649.369 727.600
0.000 0.000 421.687 0.000 0.000 338.795 0.000 585.904
474.972 0.000 0.000 0.000 649.742 634.043 778.514 0.000
722.640 336.205 821.418 0.000 0.000 0.000 0.000 0.000
907.822 974.612 646.776 566.193 746.282 972.069 543.169 615.192
803.893 0.000 746.742 0.000 509.670 667.178 899.798 581.023
0.000 988.518 688.639 0.000 0.000 0.000 0.000 0.000
0.000 805.528 0.000 0.000 0.000 0.000 0.000 0.000
776.781 811.887 0.000 601.006 950.324 753.615 0.000 0.000
0.000 0.000 0.000 517.828 690.815 0.000 0.000 0.000
0.000 542.124 805.053 923.907 0.000 324.428 348.716 0.000
0.000 0.000 0.000 592.728 523.056 0.000 0.000 0.000
846.353 407.181 0.000 532.747 0.000 0.000 0.000 0.000
0.000 0.000 0.000 0.000 0.000 986.390 0.000 995.877
501.693 0.000 621.272 0.000 720.583 0.000 728.805 574.827
0.000 719.557 0.000 957.576 0.000 0.000 0.000 0.000
0.000 783.736 0.000 899.709 0.000 478.820 454.600 0.000
0.000 708.524 0.000 0.000 0.000 761.626 453.806 434.814
0.000 843.970 0.000 0.000 772.442 0.000 318.750 0.000
653.138 766.874 832.652 930.792 525.471 0.000 0.000 0.000
0.000 0.000 0.000 302.350 426.571 0.000 0.000 0.000
0.000 866.935 547.204 619.717 0.000 0.000 0.000 601.076
0.000 928.928 0.000 754.810 0.000 0.000 585.447 0.000
0.000 0.000 0.000 513.122 0.000 0.000 435.787 441.736
0.000 656.573 823.556 0.000 0.000 573.519 914.004 895.751
0.000 462.916 428.291 427.189 0.000 0.000 0.000 0.000
0.000 0.000 520.736 0.000 661.970 448.553 0.000 0.000
0.000 634.560 0.000 348.010 759.246 483.148 0.000 0.000
0.000 0.000 0.000 883.465 622.072 0.000 976.875 0.000
817.747 399.597 0.000 0.000 0.000 996.578 423.022 465.036
754.710 849.941 685.208 785.020 0.000 860.071 0.000 0.000
545.344 0.000 0.000 0.000 0.000 0.000 395.742 0.000
950.969 0.000 694.306 0.000 739.836 837.034 0.000 0.000
0.000 481.080 0.000 429.967 677.767 955.774 0.000 0.000
827.934 596.044 0.000 886.099 588.025 810.490 740.571 0.000
728.893 455.072 403.263 0.000 0.000 968.494 0.000 689.988
0.000 0.000 815.290 0.000 0.000 0.000 838.454 0.000
0.000 0.000 983.465 378.552 0.000 943.586 0.000 383.762
0.000 370.307 455.822 960.619 0.000 911.615 0.000 790.386
0.000 0.000 0.000 481.170 0.000 337.804 0.000 0.000
0.000 684.016 923.837 781.937 491.465 350.448 575.337 942.142
0.000 0.000 586.045 0.000 0.000 0.000 0.000 0.000
0.000 473.214 0.000 0.000 895.649 616.556 627.819 0.000
457.626 0.000 467.794 754.594 805.628 692.346 707.536 0.000
0.000 0.000 469.057 665.630 517.554 0.000 0.000 749.808
918.230 753.793 448.247 0.000 0.000 0.000 758.405 0.000
0.000 826.373 898.097 0.000 868.182 622.426 597.109 491.448
893.892 825.725 785.941 0.000 0.000 320.153 913.465 0.000
0.000 0.000 0.000 0.000 0.000 0.000 509.229 429.378
425.036 0.000 0.000 0.000 502.461 0.000 940.889 731.057
653.861 0.000 0.000 0.000 538.413 841.845 0.000 0.000
912.234 900.658 357.043 0.000 558.097 977.982 419.295 926.878
963.289 918.456 809.552 0.000 0.000 858.597 0.000 409.834
0.000 0.000 306.324 0.000 0.000 461.804 458.876 354.676
0.000 394.531 521.219 0.000 937.257 411.885 0.000 579.848
0.000 498.028 324.980 547.231 0.000 0.000 316.664 0.000
0.000 576.945 0.000 0.000 600.100 370.538 0.000 0.000
0.000 0.000 0.000 0.000 565.251 0.000 0.000 0.000
0.000 0.000 0.000 994.673 0.000 731.253 975.071 753.234
0.000 0.000 0.000 0.000 0.000 0.000 0.000 714.479
0.000 337.967 521.701 0.000 367.731 0.000 776.403 0.000
877.517 0.000 583.388 0.000 503.734 930.529 660.690 0.000
840.192 0.000 877.169 0.000 0.000 0.000 0.000 684.902
853.285 409.331 0.000 0.000 890.129 795.432 901.206 925.855
805.406 482.158 0.000 0.000 922.221 0.000 0.000 0.000
0.000 847.917 744.579 810.126 0.000 0.000 721.286 0.000
668.972 909.094 858.242 0.000 527.124 462.080 850.071 0.000
410.305 548.965 0.000 977.513 0.000 916.295 0.000 410.830
0.000 0.000 0.000 0.000 911.730 446.915 0.000 0.000
0.000 0.000 0.000 693.122 977.694 0.000 891.433 0.000
829.008 0.000 950.341 0.000 0.000 0.000 792.311 0.000
964.337 0.000 0.000 791.594 0.000 0.000 0.000 558.335
0.000 0.000 0.000 0.000 641.539 0.000 364.072 974.662
702.494 956.625 0.000 0.000 0.000 0.000 809.224 397.919
632.997 470.690 617.432 0.000 0.000 0.000 431.362 667.968
979.123 614.320 659.593 0.000 515.343 0.000 616.966 0.000
523.271 0.000 0.000 0.000 0.000 584.154 0.000 470.893
0.000 944.322 461.243 448.249 328.778 0.000 539.945 0.000
520.417 0.000 0.000 0.000 0.000 0.000 919.784 544.902
836.150 0.000 621.540 0.000 0.000 757.481 0.000 0.000
713.519 312.533 0.000 802.181 399.349 397.737 0.000 0.000
957.602 353.446 853.218 0.000 377.812 0.000 0.000 0.000
301.386 0.000 805.412 0.000 0.000 897.377 0.000 510.742
0.000 0.000 0.000 0.000 467.865 738.418 0.000 0.000
0.000 0.000 999.677 831.908 0.000 685.115 0.000 0.000
0.000 615.831 0.000 0.000 391.978 511.231 0.000 974.280
0.000 710.981 800.215 621.985 343.858 444.510 0.000 749.291
950.361 926.042 0.000 816.359 0.000 0.000 806.139 0.000
0.000 989.311 0.000 914.966 675.713 0.000 0.000 754.657
0.000 0.000 0.000 582.172 855.654 385.985 432.501 663.953
542.573 915.587 446.237 0.000 890.767 614.147 0.000 984.944
738.696 416.402 0.000 0.000 322.763 0.000 870.301 0.000
955.218 0.000 0.000 581.095 535.932 0.000 0.000 772.270
674.781 598.215 990.830 0.000 0.000 0.000 0.000 0.000
0.000 0.000 647.707 744.048 774.924 0.000 0.000 0.000
0.000 0.000 806.202 770.734 714.310 0.000 361.386 0.000
929.359 667.998 924.064 873.248 598.453 882.668 0.000 0.000
0.000 0.000 0.000 0.000 0.000 0.000 845.625 350.165
0.000 0.000 0.000 0.000 0.000 0.000 959.663 0.000
542.339 932.369 893.716 0.000 0.000 327.926 0.000 0.000
0.000 0.000 736.975 719.910 904.097 0.000 0.000 0.000
0.000 0.000 0.000 831.653 0.000 0.000 506.202 0.000
0.000 0.000 453.901 316.290 450.395 424.690 0.000 614.361
0.000 718.812 642.683 308.981 503.839 0.000 0.000 0.000
333.560 0.000 0.000 451.905 0.000 780.933 0.000 643.476
668.379 752.074 955.090 684.319 0.000 0.000 840.477 0.000
943.820 0.000 0.000 797.726 0.000 0.000 864.004 0.000
0.000 926.039 0.000 584.401 0.000 663.728 939.771 0.000
767.895 697.105 0.000 0.000 0.000 0.000 0.000 985.670
0.000 998.449 0.000 0.000 0.000 0.000 0.000 0.000
0.000 0.000 652.348 803.620 743.497 434.542 0.000 997.845
374.731 0.000 669.056 779.179 0.000 599.711 0.000 0.000
486.395 0.000 0.000 0.000 474.983 0.000 0.000 979.758
790.675 0.000 0.000 691.749 0.000 0.000 424.470 717.572
693.899 0.000 0.000 343.613 389.333 0.000 0.000 712.701
549.895 0.000 0.000 0.000 0.000 786.154 0.000 0.000
679.169 684.576 0.000 0.000 415.501 0.000 457.056 0.000
0.000 611.017 0.000 655.988 607.800 0.000 515.653 0.000
798.462 0.000 0.000 0.000 490.427 0.000 0.000 0.000
347.417 919.414 0.000 0.000 0.000 364.497 599.690 472.385
0.000 527.584 524.426 387.055 0.000 0.000 0.000 0.000
0.000 305.868 0.000 0.000 0.000 0.000 0.000 0.000
0.000 613.507 0.000 0.000 367.745 0.000 793.165 755.387
0.000 788.150 464.213 994.262 981.227 0.000 309.325 0.000
0.000 580.910 0.000 0.000 0.000 0.000 695.215 0.000
0.000 992.814 0.000 768.888 784.974 0.000 0.000 0.000
701.008 565.846 0.000 942.746 985.103 564.623 0.000 0.000
0.000 0.000 773.581 0.000 0.000 0.000 0.000 0.000
633.669 0.000 972.210 0.000 523.904 0.000 0.000 402.508
993.248 725.496 489.470 0.000 542.239 799.188 631.217 0.000
328.104 0.000 365.123 0.000 0.000 0.000 0.000 0.000
0.000 662.897 871.186 370.166 0.000 928.442 0.000 552.029
723.916 624.022 0.000 0.000 0.000 477.630 720.204 0.000
833.795 0.000 0.000 326.599 0.000 0.000 548.614 900.655
0.000 0.000 0.000 0.000 958.632 0.000 0.000 0.000
0.000 0.000 0.000 0.000 0.000 846.227 0.000 0.000
0.000 0.000 720.437 629.231 724.207 0.000 0.000 0.000
0.000 0.000 0.000 731.071 0.000 432.621 0.000 406.370
331.244 0.000 958.270 0.000 0.000 653.427 646.509 0.000
0.000 0.000 0.000 0.000 696.579 534.308 664.244 0.000
0.000 676.824 0.000 496.596 468.258 729.235 0.000 904.249
493.733 0.000 754.252 0.000 0.000 694.397 0.000 898.023
925.719 622.079 0.000 0.000 0.000 379.490 529.627 0.000
545.998 938.466 498.338 0.000 0.000 0.000 0.000 0.000
783.310 657.677 0.000 0.000 0.000 971.103 979.731 0.000
626.294 0.000 0.000 859.762 679.573 539.022 0.000 0.000
0.000 0.000 0.000 0.000 0.000 487.849 838.587 0.000
0.000 328.174 906.399 0.000 0.000 0.000 0.000 0.000
513.913 0.000 0.000 986.824 0.000 316.870 0.000 524.063
658.190 0.000 0.000 0.000 0.000 685.895 571.004 801.137
307.165 688.267 757.956 840.975 601.247 0.000 643.879 915.069
0.000 966.049 612.454 0.000 355.586 0.000 701.425 0.000
0.000 585.867 0.000 0.000 852.086 0.000 843.164 0.000
579.122 864.833 363.419 568.524 0.000 357.572 504.418 322.291
336.585 0.000 0.000 0.000 0.000 0.000 0.000 0.000
632.624 0.000 0.000 0.000 684.791 571.157 0.000 0.000
0.000 0.000 890.425 0.000 0.000 0.000 0.000 315.527
748.189 519.531 0.000 0.000 419.751 0.000 0.000 0.000
0.000 0.000 0.000 0.000 722.260 929.177 0.000 0.000
907.238 0.000 0.000 0.000 0.000 481.228 0.000 0.000
0.000 795.485 0.000 0.000 0.000 515.365 0.000 0.000
771.803 830.114 872.349 0.000 671.488 0.000 952.048 974.728
696.875 0.000 0.000 0.000 0.000 0.000 981.470 618.477
