0.000 0.000 372.003 0.000 0.000 0.000 0.000 663.608
0.000 480.375 565.096 863.668 0.000 611.670 538.620 332.526
0.000 0.000 313.240 0.000 837.860 418.531 0.000 0.000
0.000 0.000 778.414 0.000 0.000 790.675 649.868 0.000
480.573 806.564 0.000 710.487 0.000 0.000 0.000 850.701
0.000 777.102 0.000 543.154 0.000 814.819 0.000 896.819
695.442 0.000 0.000 515.255 946.598 467.166 974.721 0.000
706.098 883.551 0.000 0.000 915.160 0.000 0.000 536.745
787.545 773.813 0.000 0.000 413.834 981.653 377.390 833.997
0.000 0.000 992.437 700.697 978.118 0.000 558.953 0.000
352.892 0.000 379.838 0.000 0.000 833.346 782.516 699.644
0.000 0.000 359.012 963.322 0.000 0.000 0.000 889.464
0.000 761.917 0.000 376.864 0.000 0.000 739.063 435.097
405.376 0.000 0.000 0.000 989.980 0.000 440.987 0.000
0.000 0.000 855.549 0.000 0.000 0.000 0.000 496.621
570.377 314.068 0.000 0.000 535.200 938.345 349.887 0.000
0.000 672.076 516.962 665.229 0.000 0.000 908.017 0.000
724.665 0.000 901.739 647.071 783.074 422.775 617.321 0.000
0.000 0.000 916.758 0.000 904.597 525.254 802.064 0.000
376.597 0.000 452.909 821.045 0.000 676.587 0.000 602.342
450.980 0.000 631.414 805.377 494.945 765.249 951.349 0.000
722.923 839.118 0.000 497.011 0.000 0.000 0.000 548.193
0.000 0.000 814.422 503.490 0.000 376.283 859.111 0.000
0.000 603.209 992.757 0.000 391.600 740.987 728.114 0.000
539.045 301.039 0.000 408.028 0.000 710.993 366.302 383.606
0.000 446.594 692.828 920.732 0.000 0.000 0.000 0.000
321.994 513.336 775.579 628.836 0.000 0.000 0.000 608.888
772.853 883.449 600.048 0.000 0.000 0.000 315.310 301.645
0.000 439.936 753.617 997.369 0.000 767.506 415.121 421.204
379.767 0.000 0.000 504.518 487.785 0.000 0.000 310.915
960.379 758.508 809.295 393.259 677.579 0.000 0.000 919.871
0.000 818.598 644.281 0.000 822.829 562.246 948.008 0.000
0.000 848.520 458.192 938.079 0.000 766.590 0.000 0.000
0.000 945.331 0.000 0.000 776.934 0.000 0.000 0.000
0.000 0.000 858.378 971.525 333.909 431.501 0.000 0.000
894.637 423.042 822.247 998.240 0.000 0.000 499.978 977.840
0.000 0.000 669.661 361.648 953.779 931.020 372.754 0.000
0.000 854.695 745.965 342.785 0.000 0.000 594.862 0.000
476.654 838.921 882.910 774.815 0.000 0.000 0.000 0.000
0.000 0.000 693.765 0.000 553.324 428.716 0.000 887.557
0.000 0.000 0.000 0.000 0.000 0.000 809.264 0.000
0.000 972.402 0.000 0.000 0.000 0.000 0.000 993.213
0.000 705.692 0.000 0.000 880.665 0.000 873.341 0.000
358.476 640.101 895.478 676.132 0.000 0.000 870.254 0.000
0.000 362.011 0.000 0.000 0.000 0.000 960.054 0.000
0.000 0.000 0.000 0.000 0.000 419.404 0.000 565.937
0.000 0.000 519.170 499.848 0.000 948.973 485.902 0.000
434.099 0.000 0.000 393.354 399.900 437.345 863.134 707.026
603.736 0.000 0.000 315.368 640.074 0.000 975.320 0.000
446.781 374.306 741.692 593.942 392.098 416.585 0.000 0.000
0.000 0.000 0.000 527.386 0.000 0.000 0.000 611.039
0.000 0.000 449.072 0.000 0.000 0.000 0.000 0.000
0.000 0.000 0.000 0.000 0.000 595.723 0.000 790.864
0.000 0.000 0.000 522.473 0.000 0.000 0.000 767.713
926.836 0.000 0.000 0.000 0.000 734.627 0.000 808.369
565.573 380.999 0.000 896.293 803.886 460.483 0.000 0.000
0.000 0.000 0.000 753.471 962.636 0.000 0.000 973.699
798.660 924.359 550.180 585.164 381.335 0.000 0.000 0.000
896.432 0.000 0.000 0.000 0.000 833.747 353.207 0.000
0.000 0.000 367.301 974.781 815.399 0.000 0.000 0.000
380.905 816.946 0.000 303.718 0.000 0.000 829.421 0.000
908.925 0.000 0.000 0.000 672.409 0.000 0.000 329.652
0.000 0.000 0.000 375.711 678.911 0.000 363.133 0.000
524.187 0.000 0.000 0.000 0.000 782.923 0.000 556.854
0.000 0.000 629.832 429.948 429.478 746.941 511.914 0.000
0.000 452.461 580.087 400.357 521.962 0.000 514.419 495.404
421.029 0.000 0.000 0.000 0.000 0.000 874.451 0.000
0.000 0.000 435.359 894.020 722.368 690.438 0.000 762.642
0.000 810.352 0.000 318.624 833.622 665.278 0.000 0.000
747.687 0.000 513.495 605.475 838.847 630.956 770.170 789.439
776.145 0.000 943.761 0.000 464.319 929.423 745.742 0.000
0.000 418.467 310.210 0.000 427.524 730.896 347.548 954.080
639.259 913.312 0.000 0.000 871.235 0.000 619.672 0.000
322.990 0.000 0.000 513.067 0.000 0.000 569.662 947.683
0.000 595.688 0.000 670.095 343.826 0.000 629.305 944.179
331.990 901.041 0.000 0.000 0.000 0.000 854.262 0.000
965.738 0.000 662.683 941.770 0.000 787.462 778.925 0.000
773.176 467.051 926.422 704.504 670.260 674.472 0.000 588.254
469.007 829.846 336.600 0.000 977.947 720.880 373.055 0.000
463.639 458.126 0.000 0.000 918.258 0.000 0.000 788.200
636.178 881.195 0.000 0.000 0.000 0.000 0.000 423.485
374.248 0.000 0.000 0.000 734.363 835.004 0.000 0.000
648.165 0.000 316.996 0.000 0.000 0.000 0.000 993.912
317.699 454.283 469.331 324.323 0.000 0.000 0.000 686.369
0.000 479.985 953.526 0.000 681.746 468.427 673.876 0.000
0.000 873.284 802.362 638.311 681.075 0.000 0.000 0.000
0.000 0.000 687.125 0.000 994.048 0.000 929.457 541.053
0.000 0.000 0.000 704.394 0.000 802.836 417.612 506.070
807.078 466.710 637.333 0.000 550.984 930.347 0.000 0.000
0.000 0.000 0.000 0.000 362.071 0.000 563.736 393.820
0.000 0.000 0.000 729.201 0.000 544.649 0.000 343.208
0.000 0.000 0.000 419.946 304.099 0.000 0.000 521.012
870.918 0.000 895.747 347.000 0.000 341.109 517.067 420.324
0.000 0.000 608.310 404.780 954.328 645.104 627.879 836.473
407.322 0.000 304.975 0.000 437.948 0.000 791.680 746.979
576.556 0.000 841.873 579.067 0.000 627.714 465.413 367.093
0.000 528.502 813.123 0.000 0.000 374.140 820.634 708.888
0.000 0.000 978.567 872.871 0.000 0.000 368.423 0.000
0.000 788.701 0.000 0.000 0.000 522.329 824.072 0.000
0.000 0.000 774.529 0.000 927.233 723.225 821.675 866.467
0.000 0.000 478.775 0.000 927.656 855.776 0.000 0.000
843.887 421.501 0.000 505.993 0.000 994.963 848.622 0.000
0.000 852.479 428.680 0.000 0.000 592.112 652.995 793.490
0.000 403.088 797.189 862.512 0.000 0.000 0.000 0.000
836.156 0.000 803.767 639.253 841.316 0.000 0.000 680.463
0.000 0.000 0.000 540.381 0.000 519.710 693.634 789.410
762.228 0.000 0.000 0.000 589.265 382.223 0.000 0.000
517.760 0.000 987.598 0.000 518.484 586.628 949.523 0.000
0.000 571.664 0.000 0.000 785.442 0.000 0.000 475.446
0.000 796.984 0.000 0.000 664.625 0.000 695.139 0.000
0.000 352.655 0.000 0.000 782.476 706.395 766.797 0.000
577.916 0.000 0.000 0.000 0.000 0.000 0.000 0.000
0.000 0.000 0.000 829.710 872.858 0.000 0.000 746.774
500.089 0.000 975.474 0.000 0.000 808.312 627.015 438.858
0.000 0.000 0.000 0.000 817.881 402.570 746.911 0.000
0.000 609.719 0.000 354.991 647.850 0.000 646.560 743.462
783.009 0.000 0.000 0.000 0.000 521.437 451.070 0.000
485.687 0.000 959.576 0.000 922.174 632.444 0.000 0.000
379.866 320.033 0.000 0.000 0.000 839.554 0.000 809.132
0.000 843.354 618.068 0.000 952.898 776.752 0.000 669.088
575.925 374.315 0.000 0.000 388.999 802.133 0.000 821.684
0.000 0.000 674.404 0.000 674.963 0.000 341.156 723.267
510.731 0.000 0.000 522.366 0.000 876.069 0.000 0.000
925.804 753.116 0.000 0.000 0.000 804.686 719.752 559.092
0.000 755.691 0.000 0.000 0.000 927.820 0.000 0.000
0.000 0.000 528.542 0.000 453.558 384.929 0.000 0.000
893.895 0.000 752.321 0.000 0.000 0.000 346.989 733.037
0.000 439.459 462.153 0.000 654.282 978.914 482.660 0.000
324.343 766.739 581.206 553.311 0.000 392.475 387.444 851.598
311.979 0.000 493.116 966.104 0.000 0.000 0.000 637.894
361.689 0.000 544.126 844.753 0.000 0.000 351.602 0.000
873.128 0.000 0.000 675.629 371.108 370.065 0.000 760.786
0.000 0.000 0.000 421.225 719.210 791.445 0.000 968.298
0.000 967.783 972.605 743.538 0.000 0.000 0.000 347.666
739.640 0.000 0.000 0.000 0.000 0.000 335.195 347.653
456.219 923.000 531.914 865.007 0.000 0.000 511.675 551.564
0.000 564.793 481.014 878.128 636.770 0.000 0.000 692.997
390.376 888.784 0.000 0.000 577.307 0.000 580.842 551.639
0.000 453.874 0.000 445.885 660.743 548.159 0.000 582.988
0.000 0.000 789.420 373.737 790.398 0.000 0.000 0.000
0.000 508.155 0.000 924.239 821.986 0.000 0.000 972.318
837.865 0.000 634.652 303.511 0.000 0.000 0.000 0.000
956.030 854.334 0.000 310.230 0.000 0.000 861.685 854.272
399.081 0.000 874.103 351.599 806.513 382.374 0.000 0.000
891.683 523.405 899.153 598.209 410.482 770.325 0.000 0.000
799.459 967.248 421.005 0.000 0.000 0.000 0.000 424.806
770.414 0.000 362.153 899.818 510.991 0.000 917.364 0.000
0.000 315.375 680.439 0.000 732.003 0.000 0.000 0.000
848.664 0.000 0.000 889.584 0.000 495.161 922.844 545.359
0.000 0.000 965.475 796.845 420.663 0.000 0.000 932.784
0.000 768.725 0.000 928.979 726.695 0.000 0.000 0.000
344.865 0.000 859.909 0.000 0.000 415.288 771.741 0.000
492.376 516.609 0.000 405.807 686.350 0.000 0.000 0.000
887.053 739.153 462.365 405.435 610.241 631.714 0.000 354.088
0.000 535.282 959.696 744.862 331.801 0.000 0.000 0.000
859.468 0.000 0.000 0.000 0.000 0.000 0.000 788.818
0.000 0.000 762.839 405.095 603.732 0.000 0.000 0.000
0.000 0.000 706.780 868.550 0.000 0.000 0.000 0.000
0.000 672.818 0.000 0.000 0.000 558.253 0.000 544.570
0.000 0.000 309.154 631.018 0.000 569.322 564.178 456.861
328.968 388.113 0.000 0.000 0.000 532.440 309.206 0.000
803.639 0.000 927.663 0.000 0.000 0.000 438.030 762.022
786.214 0.000 773.727 704.146 0.000 508.417 377.928 340.486
964.426 622.586 0.000 875.480 0.000 345.532 883.975 774.034
615.858 315.281 0.000 0.000 0.000 349.731 591.406 0.000
402.561 322.756 954.878 0.000 0.000 0.000 0.000 0.000
345.108 0.000 941.956 737.299 465.706 0.000 940.577 406.357
855.409 0.000 0.000 0.000 0.000 716.848 0.000 0.000
995.976 0.000 0.000 0.000 605.939 0.000 390.922 0.000
454.126 444.034 0.000 320.846 0.000 0.000 0.000 0.000
872.209 414.913 310.712 0.000 0.000 490.921 0.000 0.000
0.000 657.991 471.275 571.200 0.000 0.000 794.767 791.710
769.225 0.000 572.978 0.000 667.103 0.000 0.000 0.000
0.000 610.782 0.000 781.954 790.020 882.918 536.924 0.000
0.000 401.173 476.006 908.170 638.437 336.133 508.401 0.000
866.261 0.000 0.000 0.000 875.427 706.722 624.041 973.543
0.000 847.778 488.500 0.000 753.990 951.631 0.000 0.000
0.000 0.000 0.000 550.434 614.523 0.000 557.468 0.000
0.000 644.722 0.000 0.000 931.535 0.000 622.479 973.177
855.177 0.000 0.000 746.912 651.282 0.000 434.077 939.155
0.000 324.197 547.817 0.000 0.000 0.000 0.000 974.596
582.901 432.331 516.876 0.000 977.210 0.000 0.000 0.000
503.448 480.688 615.788 639.865 348.332 979.272 0.000 0.000
939.120 0.000 416.075 461.123 750.821 895.717 0.000 454.320
0.000 678.213 0.000 0.000 833.371 789.262 632.287 0.000
0.000 602.009 502.714 0.000 453.041 724.975 0.000 0.000
0.000 0.000 444.388 855.017 0.000 0.000 0.000 693.330
0.000 805.015 0.000 0.000 503.237 798.219 0.000 0.000
0.000 0.000 450.455 0.000 502.005 0.000 914.740 627.804
668.770 818.257 0.000 0.000 0.000 632.126 922.959 793.299
0.000 0.000 0.000 0.000 0.000 0.000 0.000 766.239
0.000 540.506 610.954 0.000 920.148 0.000 0.000 0.000
475.074 0.000 844.930 989.127 574.291 0.000 475.329 0.000
0.000 873.292 431.957 0.000 0.000 504.184 0.000 888.081
0.000 0.000 870.785 599.649 498.477 558.353 503.936 596.917
637.257 0.000 0.000 0.000 996.136 0.000 912.026 567.189
0.000 846.620 0.000 434.333 0.000 0.000 936.150 0.000
0.000 0.000 582.266 0.000 828.267 954.240 0.000 668.776
0.000 0.000 629.625 475.876 429.827 553.425 812.905 0.000
385.307 605.802 502.119 0.000 393.170 0.000 511.193 901.614
0.000 813.330 742.626 937.604 429.953 0.000 0.000 0.000
0.000 406.786 0.000 0.000 0.000 547.110 0.000 0.000
0.000 383.274 638.050 0.000 0.000 0.000 0.000 774.263
0.000 0.000 358.466 842.373 0.000 644.510 0.000 0.000
668.692 0.000 614.309 0.000 632.771 982.173 420.816 580.802
594.285 759.127 0.000 0.000 740.930 0.000 0.000 0.000
0.000 0.000 0.000 0.000 648.382 0.000 928.317 545.428
968.383 0.000 769.843 0.000 0.000 853.934 0.000 0.000
0.000 0.000 0.000 0.000 0.000 355.354 640.778 0.000
0.000 758.432 0.000 0.000 0.000 0.000 657.950 0.000
0.000 769.651 748.200 0.000 701.368 308.816 0.000 0.000
823.822 0.000 0.000 631.943 444.466 996.142 878.604 847.184
0.000 0.000 346.881 0.000 0.000 763.339 969.257 696.731
838.271 547.543 425.617 0.000 376.348 0.000 310.607 691.919
0.000 0.000 0.000 913.058 488.944 944.884 0.000 0.000
745.273 461.049 696.989 0.000 0.000 945.658 996.709 0.000
0.000 806.559 0.000 0.000 422.596 0.000 308.598 0.000
739.931 489.360 0.000 826.127 367.417 0.000 354.430 814.724
0.000 586.716 0.000 762.040 0.000 0.000 0.000 386.251
0.000 0.000 0.000 987.742 0.000 0.000 0.000 0.000
837.673 0.000 0.000 324.672 0.000 657.643 0.000 0.000
475.477 396.283 754.231 494.619 0.000 0.000 0.000 774.848
0.000 0.000 788.234 0.000 0.000 695.426 770.452 315.561
671.778 860.030 579.903 0.000 0.000 0.000 370.056 0.000
0.000 0.000 329.812 0.000 348.567 757.102 0.000 338.023
0.000 0.000 439.636 0.000 770.279 0.000 0.000 600.937
454.980 0.000 444.234 0.000 0.000 742.099 0.000 576.581
471.843 881.280 426.820 564.066 992.228 0.000 321.177 448.583
0.000 457.780 439.278 473.023 348.353 463.892 0.000 453.910
824.241 0.000 0.000 0.000 893.451 867.081 683.593 467.506
0.000 0.000 521.885 977.022 0.000 0.000 0.000 0.000
924.397 578.936 979.265 0.000 0.000 346.975 0.000 0.000
983.216 0.000 417.152 526.205 0.000 0.000 315.183 0.000
767.386 923.872 0.000 654.303 0.000 0.000 692.181 710.524
0.000 0.000 823.698 0.000 472.987 0.000 480.741 477.909
804.235 0.000 521.418 546.257 0.000 0.000 622.071 0.000
0.000 354.973 415.935 0.000 0.000 924.731 618.444 837.720
0.000 741.115 434.010 401.479 0.000 0.000 0.000 865.243
362.693 0.000 0.000 745.775 0.000 0.000 0.000 0.000
834.183 0.000 0.000 954.881 991.217 470.558 854.044 518.018
770.024 387.990 700.595 0.000 670.038 656.592 0.000 823.650
0.000 0.000 0.000 0.000 0.000 871.302 0.000 351.305
0.000 0.000 613.736 365.761 634.569 0.000 453.388 361.558
334.498 0.000 0.000 0.000 0.000 319.823 0.000 864.985
861.710 705.162 882.270 0.000 721.660 998.248 967.002 0.000
0.000 518.999 729.863 0.000 0.000 0.000 687.467 0.000
790.070 362.068 973.369 667.769 0.000 0.000 0.000 733.546
908.685 916.155 0.000 701.651 485.783 769.718 0.000 0.000
839.854 396.161 0.000 0.000 890.876 0.000 0.000 0.000
0.000 840.538 0.000 0.000 728.506 0.000 456.615 0.000
874.761 0.000 704.526 0.000 574.410 0.000 0.000 0.000
0.000 0.000 0.000 642.762 543.733 993.552 390.681 0.000
0.000 0.000 376.015 676.428 0.000 848.599 0.000 794.734
0.000 0.000 0.000 909.269 0.000 0.000 0.000 804.931
0.000 329.833 0.000 927.306 669.758 0.000 959.836 0.000
0.000 405.516 400.941 401.153 746.572 0.000 0.000 972.642
0.000 0.000 951.077 882.755 589.498 340.431 0.000 0.000
0.000 0.000 926.515 0.000 0.000 0.000 0.000 504.780
794.214 0.000 0.000 0.000 502.817 0.000 0.000 831.561
812.408 0.000 328.568 819.040 0.000 0.000 0.000 0.000
0.000 0.000 439.432 661.061 0.000 408.247 0.000 560.548
0.000 0.000 918.877 0.000 698.947 529.082 0.000 0.000
749.201 0.000 516.241 883.487 836.255 0.000 918.656 0.000
0.000 0.000 463.757 834.337 0.000 415.999 0.000 0.000
953.432 479.032 0.000 0.000 0.000 0.000 861.401 321.242
533.948 361.457 0.000 508.842 0.000 763.332 363.989 390.148
0.000 0.000 886.942 0.000 775.046 952.653 921.348 754.169
0.000 0.000 837.021 708.608 0.000 0.000 0.000 0.000
545.862 0.000 0.000 0.000 844.291 589.538 629.956 775.750
0.000 444.938 934.122 0.000 784.373 792.645 0.000 0.000
795.943 894.089 875.886 0.000 0.000 0.000 729.331 893.873
0.000 0.000 0.000 0.000 0.000 448.543 0.000 0.000
925.523 395.320 0.000 389.168 0.000 0.000 0.000 815.827
0.000 0.000 0.000 818.875 0.000 0.000 475.373 0.000
0.000 854.820 955.001 915.862 375.086 370.790 0.000 0.000
0.000 0.000 0.000 0.000 731.588 0.000 0.000 0.000
720.441 0.000 0.000 690.455 0.000 0.000 0.000 391.726
998.074 895.122 0.000 0.000 0.000 0.000 0.000 0.000
0.000 760.006 0.000 0.000 551.781 965.625 0.000 0.000
0.000 585.747 0.000 349.004 0.000 531.050 0.000 976.432
0.000 386.614 692.813 0.000 0.000 0.000 327.879 866.513
789.204 0.000 366.851 521.766 657.461 0.000 350.544 706.367
0.000 351.778 0.000 0.000 0.000 930.990 0.000 0.000
645.014 0.000 905.856 358.820 0.000 631.197 0.000 0.000
351.620 0.000 369.014 366.483 0.000 443.503 321.177 489.610
0.000 969.563 571.792 0.000 0.000 0.000 0.000 600.939
604.740 0.000 583.747 714.549 0.000 666.515 399.102 445.023
0.000 0.000 761.570 475.521 736.896 499.187 0.000 622.708
470.907 529.675 0.000 0.000 552.553 547.787 0.000 809.570
0.000 895.080 319.956 0.000 365.872 743.967 0.000 0.000
0.000 544.601 0.000 0.000 327.719 691.731 711.248 493.633
0.000 0.000 648.960 0.000 0.000 0.000 909.018 319.369
0.000 301.248 0.000 648.262 609.412 0.000 476.387 585.029
952.833 957.569 750.709 0.000 342.922 0.000 441.820 0.000
561.587 0.000 893.887 928.964 0.000 0.000 0.000 926.474
0.000 731.621 672.380 582.287 0.000 0.000 688.294 571.892
927.836 461.855 0.000 741.716 0.000 892.447 765.268 0.000
0.000 0.000 0.000 0.000 0.000 892.427 0.000 0.000
396.231 570.656 962.652 0.000 0.000 0.000 0.000 0.000
0.000 0.000 462.899 0.000 0.000 0.000 0.000 0.000
935.402 365.577 0.000 0.000 0.000 0.000 740.170 0.000
554.367 638.164 0.000 0.000 458.962 0.000 0.000 0.000
0.000 0.000 817.164 630.335 364.308 648.225 460.381 771.119
0.000 569.006 855.740 922.860 0.000 0.000 0.000 822.965
866.368 0.000 462.314 0.000 0.000 0.000 960.362 0.000
772.575 753.635 525.533 0.000 0.000 697.233 0.000 0.000
0.000 0.000 689.706 958.864 0.000 0.000 742.459 0.000
906.843 716.995 0.000 506.895 0.000 0.000 491.661 0.000
688.111 0.000 369.064 837.311 997.648 0.000 0.000 0.000
0.000 752.449 0.000 0.000 875.899 0.000 0.000 632.184
397.137 527.439 993.970 0.000 490.882 0.000 0.000 599.209
0.000 609.334 0.000 943.603 490.595 0.000 592.071 0.000
869.396 600.556 0.000 359.312 755.798 0.000 722.978 434.351
0.000 0.000 0.000 842.862 0.000 0.000 0.000 0.000
801.641 336.896 850.072 819.092 0.000 0.000 411.844 0.000
617.504 0.000 0.000 0.000 926.947 0.000 697.467 594.092
490.206 853.101 569.229 544.708 993.956 938.481 0.000 303.240
0.000 0.000 0.000 344.772 0.000 0.000 0.000 728.357
347.602 315.811 0.000 0.000 0.000 876.529 0.000 0.000
682.888 0.000 0.000 0.000 0.000 717.692 0.000 348.392
0.000 0.000 0.000 399.819 0.000 341.180 587.711 615.902
0.000 610.935 0.000 0.000 0.000 0.000 0.000 0.000
971.655 0.000 831.352 345.707 0.000 0.000 0.000 895.643
610.370 0.000 838.138 606.877 351.742 0.000 0.000 526.184
0.000 0.000 0.000 0.000 452.933 968.982 412.282 0.000
602.739 589.802 0.000 0.000 865.688 0.000 981.668 0.000
575.539 0.000 0.000 0.000 0.000 0.000 511.390 0.000
982.758 0.000 391.879 514.594 0.000 0.000 0.000 0.000
857.839 0.000 0.000 0.000 0.000 0.000 0.000 0.000
678.450 0.000 0.000 0.000 615.281 0.000 0.000 0.000
550.928 634.479 975.659 313.400 880.511 0.000 0.000 965.540
0.000 0.000 958.898 351.464 533.553 732.631 0.000 381.112
0.000 594.923 0.000 0.000 0.000 442.387 0.000 0.000
920.405 479.734 978.801 775.459 0.000 484.895 676.380 0.000
0.000 515.004 876.849 0.000 0.000 362.215 0.000 733.076
0.000 0.000 646.141 0.000 0.000 385.867 0.000 0.000
413.103 910.400 960.759 803.799 0.000 786.275 0.000 0.000
819.276 889.275 673.451 0.000 334.331 0.000 816.662 0.000
0.000 402.819 931.305 0.000 0.000 962.936 0.000 345.566
0.000 0.000 0.000 0.000 0.000 880.820 0.000 0.000
0.000 0.000 730.013 806.956 0.000 0.000 0.000 998.209
0.000 902.304 511.447 652.441 407.338 399.806 0.000 334.827
720.761 927.948 0.000 457.201 329.380 0.000 655.602 514.565
686.611 0.000 0.000 920.233 869.404 0.000 0.000 0.000
0.000 438.657 0.000 0.000 0.000 0.000 0.000 901.166
864.697 497.201 0.000 392.365 683.888 545.890 908.007 0.000
624.253 0.000 584.387 590.144 894.153 0.000 359.506 0.000
793.710 0.000 611.417 673.838 751.004 730.567 0.000 0.000
575.347 0.000 0.000 501.754 627.831 0.000 718.914 724.590
0.000 0.000 447.977 709.434 302.792 0.000 0.000 0.000
554.714 0.000 833.823 0.000 609.298 0.000 437.814 0.000
0.000 303.896 0.000 767.178 0.000 506.102 713.554 0.000
0.000 747.781 930.993 455.060 0.000 867.306 972.313 0.000
417.055 0.000 910.182 753.425 0.000 878.251 409.410 0.000
0.000 541.623 0.000 0.000 0.000 0.000 862.819 0.000
595.939 0.000 412.213 0.000 0.000 796.790 979.983 0.000
0.000 642.303 0.000 885.455 585.274 0.000 755.142 0.000
995.385 760.414 333.923 0.000 395.499 354.277 548.024 469.469
0.000 0.000 977.482 351.989 0.000 700.866 0.000 409.723
0.000 891.141 0.000 0.000 0.000 912.293 661.200 847.175
717.298 934.190 0.000 635.135 726.293 753.827 424.382 404.951
640.807 616.665 849.226 668.839 968.958 903.959 0.000 0.000
554.164 0.000 0.000 0.000 696.903 321.376 0.000 0.000
0.000 566.635 981.407 0.000 0.000 0.000 0.000 721.181
786.015 972.360 0.000 0.000 0.000 0.000 0.000 691.691
0.000 0.000 921.426 650.242 791.509 0.000 0.000 690.574
0.000 731.732 0.000 0.000 658.129 0.000 812.400 498.451
694.734 433.922 495.945 805.933 867.676 0.000 767.900 0.000
672.854 841.281 0.000 661.726 555.223 0.000 0.000 0.000
903.482 0.000 450.765 597.832 0.000 627.514 0.000 682.764
0.000 802.442 0.000 0.000 0.000 0.000 0.000 441.824
541.272 882.981 872.119 0.000 416.110 0.000 0.000 0.000
0.000 0.000 617.062 0.000 564.891 925.828 0.000 0.000
0.000 0.000 0.000 954.030 836.473 569.715 0.000 394.389
0.000 470.048 0.000 0.000 993.235 807.090 349.716 851.707
618.866 0.000 0.000 0.000 615.287 0.000 547.616 0.000
0.000 626.891 717.180 516.926 588.180 547.432 423.291 837.652
0.000 859.181 0.000 785.365 513.393 629.727 489.469 0.000
828.153 0.000 807.013 0.000 0.000 887.604 691.397 809.355
793.990 784.988 0.000 0.000 487.686 867.257 0.000 0.000
569.188 547.782 0.000 945.099 0.000 516.179 0.000 0.000
0.000 343.521 562.225 892.909 992.018 0.000 0.000 562.590
0.000 0.000 0.000 816.462 495.505 0.000 0.000 0.000
0.000 886.579 0.000 0.000 0.000 530.581 0.000 391.028
834.582 0.000 938.532 0.000 0.000 939.948 0.000 688.467
315.812 0.000 0.000 0.000 930.920 836.275 968.232 0.000
0.000 823.507 0.000 755.370 0.000 845.379 0.000 0.000
559.012 0.000 360.997 783.913 0.000 0.000 847.447 0.000
934.827 417.503 359.542 555.999 0.000 0.000 0.000 0.000
369.695 701.635 0.000 929.861 858.010 0.000 690.059 0.000
366.846 941.958 954.031 0.000 725.867 542.702 994.710 0.000
959.604 0.000 502.711 0.000 558.331 0.000 329.744 0.000
538.447 0.000 0.000 0.000 753.809 501.734 0.000 0.000
0.000 473.656 0.000 336.546 665.070 814.040 513.499 648.533
673.076 979.699 0.000 586.119 590.106 0.000 999.692 922.963
444.069 300.293 0.000 496.056 867.400 686.308 0.000 0.000
0.000 769.755 395.063 850.007 818.308 0.000 0.000 0.000
0.000 942.479 646.633 0.000 0.000 0.000 669.757 0.000
874.963 732.626 0.000 0.000 0.000 0.000 0.000 0.000
568.236 0.000 0.000 0.000 0.000 525.792 442.306 0.000
0.000 960.317 425.174 0.000 0.000 533.268 0.000 0.000
523.955 0.000 0.000 0.000 0.000 0.000 0.000 0.000
0.000 898.042 972.884 343.211 446.831 559.729 473.364 0.000
416.273 554.445 759.991 366.805 939.500 0.000 910.809 0.000
0.000 0.000 758.263 0.000 0.000 331.769 868.811 0.000
0.000 545.193 982.497 0.000 364.511 0.000 982.488 487.562
329.583 0.000 485.101 0.000 0.000 963.043 0.000 0.000
795.090 0.000 0.000 639.204 367.105 838.945 0.000 441.608
328.718 484.387 577.764 351.180 998.122 320.596 0.000 753.076
0.000 0.000 533.791 0.000 0.000 0.000 0.000 863.084
801.133 516.645 866.957 0.000 0.000 482.914 0.000 785.446
946.372 458.481 0.000 702.870 501.580 0.000 0.000 0.000
0.000 0.000 0.000 0.000 0.000 0.000 819.919 0.000
0.000 0.000 519.917 0.000 0.000 848.392 622.776 0.000
964.641 787.974 496.791 943.388 0.000 0.000 936.497 885.047
985.363 0.000 401.555 364.756 0.000 459.647 0.000 0.000
308.103 0.000 964.582 878.481 834.127 0.000 0.000 367.298
511.074 559.277 657.519 0.000 514.043 433.471 0.000 0.000
370.874 663.527 0.000 720.778 0.000 0.000 314.111 0.000
0.000 994.461 390.637 327.925 922.797 0.000 356.272 0.000
756.627 0.000 322.974 418.707 0.000 336.158 0.000 370.145
428.327 0.000 497.087 0.000 773.699 0.000 657.993 643.874
696.053 791.771 625.179 0.000 334.890 520.252 518.160 0.000
572.871 375.898 0.000 0.000 590.202 919.687 0.000 0.000
347.471 441.648 0.000 0.000 0.000 876.683 0.000 782.305
507.855 0.000 836.968 0.000 413.369 561.305 0.000 0.000
432.538 0.000 442.829 732.038 0.000 420.074 526.653 387.256
0.000 0.000 0.000 0.000 0.000 810.656 0.000 560.201
0.000 0.000 0.000 354.240 611.186 0.000 0.000 753.112
937.307 0.000 0.000 849.989 381.282 0.000 0.000 424.839
0.000 657.442 0.000 940.577 475.497 436.516 0.000 0.000
0.000 0.000 0.000 0.000 0.000 849.328 517.196 0.000
0.000 0.000 0.000 0.000 0.000 0.000 0.000 614.894
392.926 0.000 635.742 443.396 589.721 582.218 576.879 0.000
0.000 0.000 616.078 0.000 0.000 0.000 760.444 0.000
364.424 930.373 565.361 951.975 0.000 773.213 0.000 0.000
0.000 0.000 0.000 0.000 0.000 0.000 0.000 733.557
622.476 0.000 0.000 462.508 0.000 584.170 872.065 0.000
0.000 0.000 0.000 0.000 0.000 942.052 0.000 0.000
0.000 0.000 0.000 855.939 0.000 0.000 756.878 340.950
0.000 0.000 0.000 0.000 853.663 0.000 0.000 398.733
0.000 914.278 0.000 0.000 0.000 0.000 740.446 0.000
823.918 0.000 817.950 649.996 674.298 803.792 0.000 0.000
662.555 497.107 0.000 935.961 544.417 0.000 774.662 0.000
786.595 800.372 321.525 0.000 0.000 0.000 533.237 665.238
640.423 767.191 461.748 0.000 675.352 0.000 0.000 0.000
0.000 960.282 428.931 515.084 0.000 783.946 0.000 0.000
565.360 799.614 0.000 788.260 0.000 977.786 627.455 0.000
703.457 0.000 707.323 613.345 895.367 0.000 0.000 0.000
336.850 427.188 0.000 0.000 429.762 355.351 891.003 559.129
607.064 891.734 0.000 579.685 578.946 980.013 0.000 0.000
0.000 0.000 394.167 0.000 867.282 0.000 853.326 957.639
0.000 0.000 569.438 941.739 552.712 0.000 0.000 932.885
0.000 0.000 535.080 453.348 440.318 0.000 784.539 429.196
872.023 581.661 0.000 325.837 577.517 596.943 0.000 0.000
0.000 728.801 343.298 0.000 531.232 0.000 0.000 333.087
464.428 696.523 0.000 891.847 0.000 0.000 0.000 0.000
0.000 622.145 0.000 478.481 0.000 789.810 0.000 921.925
0.000 485.607 0.000 0.000 594.369 0.000 356.019 368.015
431.738 0.000 970.722 0.000 0.000 833.206 0.000 0.000
0.000 528.018 976.987 418.621 0.000 521.573 355.398 0.000
378.013 0.000 0.000 362.399 311.183 0.000 0.000 0.000
766.827 483.125 624.200 956.711 384.300 0.000 0.000 0.000
900.050 0.000 810.471 535.727 693.261 0.000 897.678 0.000
428.758 0.000 818.914 0.000 915.593 0.000 0.000 468.679
359.320 0.000 0.000 442.623 898.908 0.000 579.622 0.000
0.000 434.577 944.103 0.000 819.458 0.000 0.000 0.000
0.000 351.144 0.000 312.239 0.000 696.509 621.595 0.000
0.000 340.995 0.000 465.489 498.520 0.000 594.229 0.000
0.000 751.693 0.000 0.000 760.591 430.387 0.000 0.000
0.000 375.852 0.000 0.000 326.869 0.000 0.000 492.207
0.000 0.000 0.000 646.053 896.574 0.000 958.962 0.000
511.114 854.886 0.000 340.217 925.757 0.000 490.531 0.000
308.449 556.218 387.773 0.000 0.000 840.101 0.000 900.701
600.900 0.000 323.653 323.351 0.000 0.000 912.497 803.060
977.450 982.361 873.645 0.000 0.000 653.274 758.577 0.000
0.000 693.586 0.000 0.000 0.000 660.961 0.000 846.112
671.214 0.000 0.000 0.000 0.000 681.301 0.000 440.945
873.282 687.549 802.995 462.076 819.908 466.504 0.000 497.806
0.000 0.000 0.000 0.000 823.771 761.491 0.000 0.000
690.734 663.511 425.028 808.934 401.094 0.000 920.688 318.258
0.000 578.509 0.000 0.000 0.000 0.000 381.254 0.000
0.000 0.000 0.000 0.000 0.000 433.126 501.956 875.502
0.000 0.000 0.000 0.000 510.715 473.443 0.000 978.166
923.383 0.000 0.000 0.000 342.519 328.381 510.427 552.053
0.000 576.569 0.000 831.670 432.554 0.000 575.017 0.000
397.462 863.267 0.000 593.293 465.681 830.012 0.000 0.000
884.553 339.994 606.787 0.000 0.000 300.507 542.893 0.000
0.000 661.432 0.000 0.000 0.000 385.956 0.000 711.945
0.000 0.000 0.000 0.000 520.090 0.000 0.000 0.000
0.000 0.000 410.163 0.000 0.000 835.300 0.000 890.211
0.000 0.000 387.150 0.000 0.000 627.150 0.000 0.000
992.779 0.000 781.234 684.928 754.670 984.545 447.202 628.203
0.000 0.000 478.838 0.000 763.927 898.683 0.000 0.000
0.000 0.000 0.000 0.000 0.000 794.951 0.000 993.075
363.988 610.642 825.247 0.000 838.714 762.378 0.000 445.308
508.089 326.284 0.000 0.000 553.837 0.000 0.000 702.869
0.000 0.000 0.000 940.972 0.000 0.000 0.000 0.000
310.956 764.580 0.000 0.000 0.000 0.000 0.000 721.873
891.831 882.106 0.000 896.377 507.956 312.316 999.246 806.221
