401.450 0.000 0.000 0.000 807.443 325.083 0.000 0.000
750.015 0.000 831.720 855.897 0.000 373.186 425.813 665.345
0.000 557.019 844.425 580.601 581.871 570.618 0.000 884.837
310.094 517.571 0.000 0.000 434.693 0.000 0.000 0.000
0.000 854.019 0.000 329.193 0.000 0.000 0.000 657.044
338.220 0.000 893.496 476.979 0.000 0.000 0.000 885.284
0.000 0.000 405.762 543.147 503.266 357.569 0.000 0.000
847.600 0.000 554.363 924.740 476.328 0.000 0.000 780.754
0.000 0.000 512.893 0.000 953.085 0.000 465.823 0.000
0.000 587.993 964.902 0.000 842.567 959.555 0.000 0.000
632.668 0.000 0.000 0.000 730.626 0.000 0.000 0.000
0.000 0.000 0.000 370.279 852.969 0.000 994.539 0.000
0.000 0.000 0.000 399.456 0.000 798.279 734.053 0.000
0.000 0.000 0.000 0.000 0.000 322.536 451.297 0.000
396.804 879.991 0.000 0.000 493.294 0.000 962.851 0.000
0.000 712.622 432.161 304.045 570.889 0.000 0.000 421.579
0.000 544.393 0.000 790.263 0.000 0.000 0.000 0.000
354.165 0.000 949.314 835.462 927.614 539.552 964.553 0.000
0.000 0.000 526.693 0.000 708.450 953.226 0.000 0.000
0.000 711.324 543.209 954.031 0.000 0.000 378.277 794.561
756.908 516.219 0.000 480.155 0.000 0.000 0.000 321.568
340.384 301.594 0.000 840.151 590.232 945.343 0.000 873.143
312.050 816.374 602.495 0.000 460.951 0.000 0.000 380.891
0.000 710.662 750.843 0.000 525.397 592.413 667.514 802.010
0.000 0.000 735.254 302.654 0.000 0.000 438.824 520.937
867.046 0.000 0.000 566.992 646.875 0.000 0.000 942.270
815.094 0.000 0.000 0.000 846.329 0.000 423.931 378.718
0.000 0.000 0.000 721.749 0.000 0.000 493.662 0.000
0.000 879.510 0.000 489.563 0.000 986.553 423.584 0.000
316.116 0.000 662.168 973.237 437.898 0.000 0.000 434.166
890.057 352.265 0.000 0.000 774.997 579.212 0.000 0.000
0.000 723.900 550.836 714.886 847.011 484.476 0.000 0.000
650.546 0.000 0.000 0.000 749.657 923.849 0.000 0.000
568.488 377.643 637.594 368.440 0.000 722.964 556.714 805.235
873.291 735.254 972.391 571.547 0.000 720.202 0.000 676.545
887.004 964.010 794.035 606.612 422.609 996.001 615.748 337.995
0.000 0.000 950.604 543.389 665.725 319.170 0.000 0.000
0.000 643.752 518.924 0.000 0.000 426.618 456.766 0.000
0.000 901.321 0.000 0.000 0.000 861.033 0.000 0.000
372.477 447.363 0.000 960.647 0.000 725.327 383.997 0.000
0.000 0.000 0.000 0.000 0.000 0.000 0.000 785.771
352.955 328.084 0.000 0.000 698.005 398.792 0.000 0.000
0.000 0.000 0.000 0.000 577.001 578.955 0.000 0.000
419.426 0.000 943.744 0.000 0.000 0.000 780.210 0.000
387.841 811.309 692.017 851.089 541.174 0.000 382.899 0.000
0.000 0.000 612.349 660.629 620.762 0.000 0.000 787.964
380.812 0.000 374.096 469.493 932.860 414.702 0.000 669.061
0.000 635.212 474.854 0.000 621.883 0.000 716.803 326.556
464.898 0.000 345.488 0.000 861.511 538.758 0.000 0.000
749.297 781.207 395.190 961.041 789.237 0.000 789.196 0.000
989.299 0.000 0.000 786.320 0.000 759.726 492.219 0.000
802.495 0.000 823.524 339.432 990.509 871.649 445.369 0.000
689.012 895.882 855.370 386.456 864.159 0.000 525.554 807.282
334.794 770.731 603.275 0.000 0.000 0.000 0.000 339.366
498.714 0.000 0.000 617.618 769.519 0.000 0.000 866.890
716.743 675.754 0.000 403.060 0.000 0.000 307.017 348.480
0.000 0.000 664.622 0.000 602.951 0.000 0.000 397.591
870.881 433.708 0.000 0.000 0.000 983.808 0.000 0.000
0.000 303.857 731.100 301.242 0.000 0.000 442.555 684.361
911.455 0.000 0.000 407.459 553.545 0.000 0.000 658.393
656.183 0.000 0.000 0.000 328.247 663.616 996.285 880.408
0.000 438.894 0.000 0.000 876.523 982.117 0.000 574.714
0.000 0.000 996.769 807.130 525.197 542.721 712.841 0.000
0.000 755.411 0.000 0.000 793.277 0.000 922.137 440.229
0.000 431.393 882.118 635.285 0.000 0.000 534.091 520.063
0.000 0.000 0.000 960.515 0.000 0.000 0.000 0.000
393.454 480.807 430.983 958.415 789.860 0.000 0.000 0.000
0.000 424.849 380.545 739.307 0.000 897.182 0.000 774.114
0.000 509.223 372.594 0.000 0.000 0.000 0.000 698.489
0.000 0.000 913.660 0.000 738.928 0.000 0.000 581.885
744.856 0.000 462.180 0.000 950.237 515.746 0.000 0.000
0.000 839.311 0.000 0.000 0.000 0.000 831.959 0.000
514.613 446.039 714.768 504.489 0.000 469.291 722.944 596.527
0.000 0.000 0.000 0.000 0.000 0.000 610.061 0.000
0.000 551.475 0.000 691.923 0.000 321.807 630.189 546.438
0.000 654.570 325.700 0.000 0.000 0.000 784.097 0.000
0.000 402.598 401.392 0.000 608.789 0.000 0.000 0.000
0.000 343.352 0.000 0.000 907.068 0.000 657.061 873.424
522.323 0.000 646.780 0.000 428.475 0.000 997.861 0.000
0.000 0.000 626.215 859.378 384.148 642.970 0.000 0.000
0.000 566.007 0.000 977.605 872.336 842.005 758.704 426.682
0.000 471.786 361.409 340.404 718.179 0.000 409.987 892.486
0.000 0.000 0.000 0.000 335.329 710.865 0.000 0.000
0.000 0.000 0.000 861.811 652.766 366.866 670.400 0.000
0.000 702.069 467.828 674.392 999.450 0.000 389.851 864.813
389.383 736.605 0.000 0.000 465.907 589.934 0.000 762.591
0.000 981.388 0.000 723.441 597.440 0.000 855.855 0.000
0.000 0.000 0.000 0.000 0.000 0.000 535.651 389.165
934.504 0.000 0.000 957.706 0.000 0.000 0.000 0.000
0.000 0.000 0.000 0.000 0.000 0.000 0.000 844.278
0.000 303.136 0.000 0.000 801.125 650.400 749.198 490.444
630.836 901.175 674.270 0.000 592.077 490.445 337.965 850.998
0.000 0.000 861.689 861.776 675.699 725.256 0.000 549.522
0.000 398.917 0.000 0.000 0.000 947.670 643.302 751.235
767.583 740.454 469.130 904.495 337.070 657.086 467.353 0.000
0.000 0.000 565.870 721.354 938.858 516.794 688.063 308.551
704.603 721.471 518.305 0.000 526.016 990.684 686.929 600.025
0.000 992.469 0.000 0.000 999.599 0.000 0.000 0.000
417.949 0.000 568.183 0.000 0.000 0.000 0.000 594.318
0.000 617.837 674.908 0.000 589.035 306.901 792.209 0.000
554.108 431.526 869.026 0.000 926.448 904.189 0.000 904.301
0.000 0.000 936.403 0.000 522.905 0.000 616.724 432.861
0.000 353.360 0.000 919.369 0.000 853.355 0.000 0.000
0.000 0.000 939.416 0.000 967.332 0.000 496.895 332.073
757.004 596.021 0.000 0.000 910.943 0.000 0.000 934.159
0.000 0.000 625.753 602.753 551.526 0.000 532.249 429.492
699.901 0.000 929.812 0.000 954.127 879.553 0.000 579.940
477.999 583.364 0.000 0.000 0.000 0.000 629.522 309.534
998.726 0.000 472.096 971.590 786.706 0.000 797.668 302.829
0.000 0.000 927.310 838.481 0.000 522.606 0.000 994.551
0.000 0.000 520.707 0.000 324.260 397.286 321.012 0.000
908.954 422.406 0.000 508.734 0.000 693.010 694.963 903.596
956.196 0.000 0.000 0.000 690.622 0.000 0.000 0.000
726.257 0.000 0.000 0.000 0.000 0.000 393.027 988.246
0.000 0.000 431.573 517.834 0.000 937.440 420.038 450.114
441.016 0.000 360.159 0.000 523.692 889.277 377.596 716.005
655.452 0.000 665.360 0.000 715.539 0.000 0.000 860.554
932.751 323.231 0.000 335.525 0.000 0.000 709.302 784.583
826.755 646.546 620.199 827.900 0.000 880.076 569.623 490.528
618.980 402.513 0.000 0.000 927.533 782.882 569.248 0.000
0.000 364.441 866.637 872.826 0.000 371.041 0.000 0.000
0.000 0.000 0.000 965.712 0.000 836.771 414.852 0.000
787.039 924.990 946.555 663.610 803.794 0.000 0.000 0.000
0.000 0.000 0.000 0.000 766.836 923.949 0.000 0.000
0.000 0.000 0.000 0.000 694.486 0.000 537.999 827.436
0.000 0.000 0.000 0.000 673.978 0.000 0.000 0.000
356.802 0.000 0.000 0.000 0.000 0.000 0.000 375.989
0.000 981.814 0.000 936.691 629.362 0.000 950.362 0.000
0.000 0.000 509.141 0.000 691.237 421.458 385.806 0.000
0.000 356.204 0.000 367.570 0.000 825.935 0.000 481.871
0.000 0.000 480.432 0.000 410.981 628.001 0.000 0.000
668.686 976.946 0.000 364.653 0.000 0.000 0.000 0.000
0.000 0.000 0.000 719.889 0.000 760.923 0.000 925.444
0.000 784.781 553.774 524.534 0.000 385.290 577.704 0.000
0.000 0.000 933.894 0.000 0.000 849.368 0.000 547.030
639.052 563.949 0.000 904.633 0.000 0.000 601.432 0.000
933.862 327.473 982.292 0.000 647.360 416.259 471.950 0.000
447.399 0.000 0.000 512.423 0.000 0.000 417.190 517.249
958.822 529.024 0.000 879.662 0.000 445.952 522.987 866.367
529.522 0.000 0.000 0.000 0.000 0.000 0.000 0.000
0.000 0.000 754.812 0.000 907.346 0.000 518.957 617.727
810.610 648.682 681.002 669.985 499.274 806.891 722.277 708.870
634.936 0.000 0.000 664.694 0.000 0.000 0.000 0.000
647.764 688.808 0.000 706.531 0.000 0.000 0.000 0.000
0.000 0.000 0.000 992.400 764.564 971.307 0.000 0.000
389.694 349.916 402.361 0.000 613.132 971.105 302.647 0.000
0.000 384.813 0.000 0.000 950.731 531.418 662.440 0.000
0.000 0.000 0.000 967.090 483.300 625.176 0.000 535.898
753.066 897.329 314.817 388.528 370.470 0.000 529.776 919.173
0.000 443.100 0.000 0.000 0.000 974.447 408.312 0.000
0.000 928.058 0.000 795.989 991.711 665.416 0.000 0.000
980.793 0.000 0.000 0.000 314.973 337.734 859.058 976.557
605.438 0.000 343.102 0.000 0.000 0.000 0.000 0.000
934.430 0.000 791.535 0.000 0.000 0.000 816.824 0.000
722.134 855.245 0.000 579.460 612.239 420.219 643.853 664.068
383.320 609.402 0.000 772.319 0.000 0.000 0.000 843.223
0.000 329.104 615.863 892.577 0.000 462.482 790.646 0.000
0.000 627.526 957.633 794.666 346.112 723.942 0.000 883.566
688.509 0.000 980.332 0.000 405.929 332.348 0.000 0.000
834.255 859.633 654.809 0.000 544.808 766.458 448.830 870.639
0.000 0.000 0.000 0.000 526.050 0.000 0.000 0.000
0.000 351.160 0.000 576.596 0.000 521.326 558.799 911.683
582.436 991.844 0.000 822.591 0.000 638.678 0.000 0.000
0.000 869.779 0.000 785.553 569.285 576.999 710.410 998.155
491.244 943.985 0.000 627.020 0.000 846.112 0.000 784.094
0.000 0.000 686.146 841.980 0.000 606.787 0.000 915.598
453.328 0.000 0.000 924.682 517.995 874.075 725.847 354.032
0.000 0.000 596.992 0.000 0.000 0.000 0.000 824.487
0.000 496.823 829.859 0.000 0.000 0.000 0.000 0.000
940.288 398.041 0.000 845.500 828.050 684.473 0.000 910.773
393.902 860.693 352.994 0.000 606.935 0.000 425.887 904.389
0.000 0.000 0.000 431.913 584.444 0.000 349.835 0.000
320.849 0.000 867.886 0.000 876.307 0.000 0.000 0.000
772.728 0.000 0.000 0.000 663.736 638.602 0.000 433.114
0.000 507.914 0.000 318.128 645.395 0.000 997.974 546.216
0.000 994.175 0.000 0.000 0.000 842.084 0.000 333.205
455.162 662.401 959.320 0.000 0.000 922.038 720.096 677.087
0.000 0.000 0.000 0.000 722.496 0.000 0.000 819.887
617.398 0.000 964.355 688.127 629.607 334.262 0.000 792.003
651.810 742.907 795.903 0.000 721.356 0.000 320.286 0.000
0.000 0.000 352.862 483.650 0.000 549.452 430.899 851.541
0.000 660.544 0.000 0.000 929.102 0.000 0.000 406.116
838.580 928.835 0.000 692.421 0.000 0.000 405.989 0.000
642.391 0.000 0.000 917.765 0.000 322.691 658.055 763.908
0.000 971.466 352.059 894.726 0.000 754.889 0.000 878.675
921.781 0.000 0.000 375.729 0.000 477.224 440.292 0.000
0.000 807.133 0.000 605.303 0.000 0.000 991.584 711.907
337.125 0.000 924.644 0.000 810.062 0.000 0.000 0.000
928.842 415.417 379.110 380.896 309.594 673.869 328.655 441.867
853.908 0.000 798.040 0.000 883.784 916.878 755.701 0.000
0.000 795.090 793.151 802.191 412.442 727.874 791.373 549.093
0.000 0.000 748.954 396.872 0.000 0.000 0.000 0.000
558.560 0.000 593.915 566.496 824.923 722.076 0.000 608.954
0.000 986.045 875.729 919.519 0.000 920.414 855.909 0.000
0.000 537.264 733.921 0.000 815.503 0.000 0.000 311.270
875.862 0.000 0.000 0.000 0.000 892.177 966.661 0.000
0.000 0.000 307.243 0.000 647.732 450.907 656.865 0.000
0.000 0.000 451.113 0.000 656.561 0.000 0.000 500.733
368.672 0.000 374.357 339.935 359.737 382.101 692.516 0.000
786.968 0.000 319.558 0.000 0.000 0.000 0.000 391.956
505.488 333.455 599.381 635.298 0.000 0.000 0.000 931.360
0.000 414.169 606.477 675.948 508.483 900.792 976.073 619.867
0.000 461.854 0.000 0.000 778.011 0.000 0.000 771.780
0.000 0.000 733.530 884.679 0.000 673.345 0.000 725.478
586.629 0.000 929.253 711.727 629.938 600.455 0.000 0.000
0.000 742.782 0.000 917.629 801.070 775.551 717.900 629.805
0.000 607.422 669.791 736.592 896.010 0.000 397.250 0.000
0.000 0.000 434.820 0.000 547.198 0.000 0.000 885.911
375.060 0.000 0.000 858.830 560.938 483.857 760.561 0.000
0.000 0.000 0.000 758.844 0.000 0.000 0.000 953.403
305.508 871.319 751.888 0.000 0.000 597.547 750.878 0.000
0.000 0.000 0.000 578.546 0.000 0.000 890.193 354.882
740.617 873.916 0.000 527.894 0.000 979.528 0.000 301.737
728.534 0.000 0.000 0.000 713.885 626.200 732.581 0.000
0.000 0.000 0.000 0.000 526.104 0.000 0.000 521.999
441.422 0.000 0.000 0.000 969.581 637.657 892.174 473.520
657.397 724.180 0.000 0.000 0.000 0.000 365.930 0.000
0.000 0.000 467.638 602.220 556.825 0.000 0.000 0.000
398.453 0.000 0.000 0.000 448.925 0.000 0.000 0.000
574.330 657.708 728.163 539.222 0.000 471.038 725.529 0.000
0.000 0.000 499.440 0.000 0.000 0.000 853.038 907.875
0.000 0.000 0.000 0.000 683.780 884.542 955.272 0.000
889.437 0.000 0.000 412.898 309.067 852.497 945.341 0.000
0.000 517.377 623.863 0.000 635.195 650.129 0.000 569.320
390.325 313.901 668.346 0.000 0.000 752.240 0.000 0.000
0.000 748.007 0.000 655.778 588.829 0.000 594.908 0.000
653.006 0.000 0.000 348.359 956.838 0.000 330.790 324.309
0.000 0.000 0.000 0.000 0.000 873.449 737.335 0.000
565.268 0.000 0.000 520.913 0.000 0.000 0.000 0.000
0.000 819.971 788.964 0.000 368.824 467.928 0.000 621.889
717.300 0.000 0.000 0.000 704.362 357.306 534.460 0.000
0.000 0.000 0.000 0.000 854.976 0.000 0.000 504.138
682.915 0.000 824.384 0.000 456.600 0.000 0.000 588.879
414.830 0.000 631.363 494.153 0.000 908.897 0.000 440.527
945.089 0.000 949.046 0.000 721.208 0.000 0.000 0.000
0.000 0.000 722.182 0.000 0.000 375.819 0.000 402.811
514.679 751.774 826.741 0.000 0.000 452.703 555.989 657.497
0.000 594.446 0.000 424.074 0.000 0.000 966.249 0.000
794.637 424.662 0.000 0.000 0.000 435.399 454.676 621.564
654.945 720.004 0.000 0.000 0.000 0.000 506.148 774.154
754.519 517.748 369.612 790.991 0.000 0.000 0.000 747.950
676.807 0.000 0.000 313.543 0.000 322.056 935.066 628.265
0.000 644.983 495.011 600.757 464.091 320.396 0.000 0.000
0.000 0.000 0.000 0.000 0.000 906.578 389.698 769.388
436.089 453.004 516.018 0.000 337.312 764.101 692.691 735.907
390.721 532.383 0.000 888.663 330.696 0.000 0.000 0.000
0.000 0.000 517.386 0.000 0.000 0.000 848.906 0.000
948.585 0.000 883.965 962.258 0.000 0.000 969.115 731.739
747.370 0.000 0.000 0.000 0.000 0.000 0.000 859.384
0.000 0.000 0.000 458.978 351.359 0.000 0.000 0.000
0.000 0.000 750.428 0.000 395.878 860.468 565.187 0.000
675.267 787.790 0.000 440.549 0.000 0.000 597.395 688.964
550.161 0.000 0.000 936.131 668.983 883.846 631.157 0.000
0.000 800.422 873.312 859.165 919.538 937.448 971.132 0.000
0.000 902.066 776.619 558.972 0.000 0.000 804.457 0.000
497.942 0.000 926.088 982.421 814.491 0.000 584.606 445.438
0.000 0.000 774.329 400.757 827.876 0.000 0.000 0.000
402.166 406.432 0.000 0.000 519.391 349.209 0.000 419.588
0.000 0.000 0.000 0.000 312.160 326.861 991.579 832.549
491.401 0.000 823.156 0.000 0.000 0.000 362.076 852.338
633.405 431.964 848.706 802.004 549.473 430.562 532.041 408.421
799.678 858.051 613.805 0.000 0.000 0.000 323.679 671.822
465.734 0.000 0.000 489.714 460.156 0.000 0.000 0.000
0.000 998.319 557.264 426.795 0.000 503.027 0.000 0.000
395.597 702.145 497.815 0.000 0.000 0.000 552.365 0.000
0.000 0.000 811.774 0.000 791.837 772.385 544.345 795.834
0.000 0.000 811.175 424.349 472.819 651.635 873.139 614.856
0.000 364.466 0.000 845.245 537.752 0.000 0.000 749.141
786.219 0.000 684.485 641.386 0.000 0.000 0.000 0.000
0.000 347.797 0.000 0.000 0.000 0.000 378.550 0.000
639.492 0.000 562.895 0.000 0.000 761.274 0.000 0.000
0.000 0.000 0.000 818.791 0.000 0.000 513.578 881.399
982.086 812.886 0.000 447.954 467.854 511.303 656.073 509.551
871.402 0.000 0.000 0.000 720.422 658.313 353.223 555.637
0.000 566.748 0.000 0.000 0.000 923.361 0.000 0.000
597.813 330.434 851.934 0.000 0.000 783.906 0.000 928.852
711.450 946.708 0.000 523.771 0.000 0.000 0.000 771.098
882.905 688.788 0.000 398.031 392.821 0.000 823.578 601.299
358.681 0.000 0.000 0.000 396.824 924.066 842.122 829.732
0.000 0.000 0.000 959.692 994.098 683.135 314.983 645.485
321.309 674.905 0.000 0.000 662.542 650.232 395.821 314.769
305.600 338.843 0.000 315.500 679.582 0.000 0.000 819.797
716.750 557.686 686.186 697.601 0.000 0.000 0.000 886.209
855.806 425.433 0.000 520.527 500.540 0.000 481.711 0.000
802.714 0.000 0.000 0.000 628.100 978.584 0.000 708.052
489.623 979.336 0.000 730.417 401.115 747.493 0.000 0.000
0.000 413.747 918.354 0.000 735.191 0.000 0.000 537.713
0.000 0.000 318.674 0.000 0.000 0.000 0.000 564.445
0.000 0.000 0.000 0.000 406.281 0.000 0.000 0.000
0.000 950.480 0.000 784.583 0.000 434.742 0.000 0.000
0.000 0.000 0.000 902.364 0.000 703.147 0.000 0.000
0.000 0.000 0.000 0.000 498.851 982.762 945.666 0.000
0.000 0.000 0.000 0.000 0.000 519.328 0.000 0.000
0.000 642.253 342.359 0.000 0.000 529.980 589.851 485.848
0.000 680.895 767.326 532.122 0.000 0.000 841.327 480.375
0.000 0.000 844.451 305.566 680.702 386.473 521.900 0.000
0.000 0.000 632.954 495.966 324.416 783.390 875.085 378.919
530.668 991.514 0.000 0.000 353.324 698.595 716.756 0.000
0.000 591.402 0.000 0.000 796.743 470.207 615.520 407.537
0.000 0.000 0.000 0.000 0.000 863.207 481.180 678.798
933.582 795.126 0.000 358.550 323.236 787.521 0.000 556.514
0.000 684.752 988.340 0.000 0.000 0.000 0.000 0.000
828.462 413.820 0.000 672.299 842.413 0.000 0.000 0.000
0.000 0.000 0.000 621.413 0.000 757.909 467.863 649.204
632.597 983.624 0.000 374.046 534.660 567.904 731.815 0.000
0.000 0.000 0.000 0.000 0.000 517.030 500.541 0.000
507.857 974.064 658.349 0.000 0.000 0.000 0.000 0.000
606.390 0.000 613.203 0.000 953.655 599.380 0.000 532.125
864.862 530.015 598.275 0.000 0.000 0.000 0.000 816.558
0.000 445.685 817.283 595.524 0.000 0.000 0.000 377.469
904.028 462.849 0.000 332.694 937.436 859.146 0.000 0.000
960.877 0.000 0.000 0.000 662.359 561.510 0.000 348.460
761.140 0.000 0.000 0.000 0.000 963.833 0.000 735.222
0.000 325.555 655.941 0.000 537.907 859.197 0.000 0.000
0.000 0.000 795.614 395.024 0.000 705.430 0.000 787.031
930.909 0.000 0.000 0.000 775.565 858.090 0.000 0.000
874.910 0.000 659.167 880.880 417.972 623.515 779.608 0.000
421.306 0.000 753.411 637.134 0.000 0.000 0.000 318.079
467.389 0.000 0.000 534.204 910.695 0.000 443.669 648.754
680.351 611.948 0.000 0.000 0.000 650.421 479.161 923.008
0.000 670.437 0.000 814.113 0.000 772.697 0.000 654.254
601.399 331.207 309.817 0.000 0.000 809.013 0.000 949.195
0.000 0.000 0.000 872.802 0.000 302.704 357.121 369.660
0.000 458.585 0.000 685.514 431.792 0.000 335.356 0.000
0.000 508.044 0.000 0.000 0.000 890.526 0.000 0.000
920.288 0.000 523.774 440.959 596.001 0.000 534.916 0.000
563.955 705.874 0.000 0.000 498.028 897.322 620.169 652.366
0.000 0.000 0.000 460.717 0.000 418.531 0.000 0.000
492.154 393.923 341.708 0.000 0.000 442.623 0.000 626.545
767.290 307.083 0.000 0.000 0.000 0.000 710.889 0.000
0.000 0.000 0.000 335.503 0.000 0.000 705.419 955.861
859.242 0.000 0.000 803.825 351.247 0.000 0.000 774.468
0.000 0.000 650.103 753.817 426.924 0.000 579.625 0.000
0.000 440.950 867.454 0.000 0.000 0.000 759.505 978.651
786.336 0.000 700.168 0.000 530.191 449.149 0.000 986.364
0.000 837.723 316.911 0.000 926.381 821.211 0.000 517.001
306.081 0.000 703.326 0.000 800.910 998.022 0.000 0.000
679.664 477.832 0.000 453.417 546.981 0.000 631.065 945.865
0.000 0.000 0.000 0.000 390.058 0.000 378.325 0.000
0.000 0.000 934.751 0.000 424.909 0.000 0.000 397.972
687.324 355.406 0.000 0.000 424.170 0.000 726.080 0.000
848.358 0.000 0.000 853.679 678.895 0.000 861.768 758.933
409.362 0.000 0.000 0.000 0.000 0.000 520.032 0.000
535.273 501.529 736.680 740.686 746.693 954.292 541.819 0.000
0.000 377.097 888.767 0.000 0.000 0.000 0.000 937.797
0.000 936.220 986.139 0.000 486.222 687.975 0.000 0.000
729.130 0.000 954.069 847.014 0.000 0.000 836.049 0.000
0.000 0.000 827.149 0.000 631.464 0.000 784.678 528.756
467.241 0.000 0.000 0.000 0.000 820.491 0.000 473.413
0.000 484.726 0.000 483.904 0.000 0.000 0.000 0.000
414.820 809.828 0.000 889.468 0.000 716.172 399.687 0.000
829.902 532.334 0.000 0.000 836.733 0.000 0.000 548.488
0.000 0.000 0.000 659.744 0.000 0.000 423.083 0.000
990.546 0.000 0.000 395.135 0.000 0.000 982.306 0.000
567.447 0.000 962.626 519.204 0.000 917.081 0.000 929.174
866.642 0.000 562.446 0.000 507.884 505.475 0.000 0.000
0.000 0.000 685.771 0.000 0.000 817.167 0.000 339.064
0.000 0.000 0.000 0.000 727.653 0.000 457.604 453.011
0.000 0.000 858.141 943.028 464.605 678.956 0.000 0.000
982.718 435.721 465.945 0.000 0.000 0.000 0.000 0.000
845.372 0.000 866.071 0.000 0.000 937.953 416.371 0.000
621.486 644.850 719.086 0.000 410.710 865.070 812.477 382.952
0.000 0.000 684.317 0.000 726.740 0.000 0.000 0.000
0.000 0.000 0.000 0.000 0.000 370.262 0.000 660.082
850.751 503.058 709.851 0.000 365.958 853.216 0.000 693.967
742.704 449.530 464.093 0.000 443.258 654.768 0.000 754.624
0.000 854.716 916.282 316.049 0.000 0.000 0.000 0.000
0.000 651.655 0.000 0.000 530.554 734.742 690.580 562.848
0.000 659.581 0.000 0.000 0.000 0.000 901.013 431.483
0.000 608.731 373.459 0.000 0.000 0.000 491.634 712.579
778.354 781.960 0.000 0.000 0.000 342.696 0.000 959.555
0.000 661.129 0.000 732.658 0.000 503.125 0.000 446.633
308.474 460.941 540.769 804.091 0.000 0.000 567.277 379.843
0.000 0.000 0.000 0.000 702.918 0.000 565.509 0.000
706.839 827.306 858.331 544.380 969.186 0.000 0.000 0.000
0.000 0.000 0.000 0.000 0.000 0.000 625.123 0.000
478.737 0.000 0.000 0.000 462.680 929.468 0.000 756.546
0.000 0.000 601.764 365.810 874.306 0.000 902.225 0.000
0.000 0.000 780.889 692.310 504.100 615.441 879.956 0.000
392.357 515.865 377.175 573.295 0.000 0.000 0.000 836.966
518.648 0.000 0.000 992.208 0.000 0.000 0.000 0.000
372.407 0.000 0.000 870.779 467.988 0.000 0.000 0.000
818.410 0.000 830.120 0.000 0.000 805.294 0.000 0.000
944.220 774.562 650.005 0.000 600.529 918.095 0.000 0.000
0.000 677.664 0.000 0.000 517.020 0.000 584.158 755.261
900.438 0.000 644.796 529.829 725.472 350.753 0.000 0.000
845.202 653.805 733.229 0.000 0.000 0.000 916.603 774.830
0.000 545.151 697.244 0.000 995.356 472.358 0.000 652.274
547.882 0.000 0.000 0.000 0.000 0.000 339.453 464.668
0.000 0.000 873.222 0.000 0.000 0.000 846.414 779.271
0.000 0.000 0.000 0.000 508.766 0.000 0.000 0.000
0.000 527.943 0.000 0.000 704.545 311.469 338.885 0.000
813.157 468.593 0.000 747.832 300.284 560.791 0.000 0.000
0.000 0.000 421.257 562.841 543.666 0.000 0.000 665.132
323.556 0.000 603.835 0.000 0.000 484.450 565.776 0.000
0.000 0.000 862.862 344.544 801.811 307.422 0.000 0.000
0.000 0.000 0.000 679.532 0.000 0.000 0.000 875.050
307.378 595.674 495.939 0.000 776.094 0.000 0.000 873.103
0.000 872.353 0.000 0.000 689.706 0.000 315.318 0.000
0.000 586.271 0.000 0.000 0.000 0.000 0.000 718.605
943.912 360.939 514.493 319.230 0.000 0.000 0.000 485.898
0.000 417.521 331.385 0.000 0.000 741.543 711.053 0.000
0.000 542.459 352.089 709.916 0.000 0.000 0.000 855.391
0.000 508.886 0.000 0.000 0.000 0.000 0.000 0.000
0.000 0.000 488.341 454.155 0.000 0.000 0.000 567.519
698.466 616.844 928.311 0.000 0.000 0.000 785.195 0.000
703.820 0.000 890.807 838.676 0.000 0.000 0.000 966.996
0.000 0.000 0.000 0.000 0.000 950.435 0.000 0.000
535.500 0.000 668.563 960.513 493.163 0.000 0.000 0.000
381.826 727.928 990.128 900.534 0.000 0.000 0.000 782.961
0.000 501.788 413.350 0.000 0.000 413.805 487.431 0.000
0.000 0.000 389.726 497.490 0.000 326.483 0.000 528.442
0.000 0.000 0.000 0.000 493.780 0.000 454.446 0.000
860.564 500.197 627.338 765.573 0.000 0.000 536.213 852.253
313.845 415.087 0.000 515.472 0.000 439.687 0.000 0.000
307.112 0.000 888.301 652.913 340.627 902.636 882.228 329.190
0.000 0.000 406.188 424.730 703.695 936.198 0.000 499.805
0.000 590.735 788.327 655.710 0.000 0.000 0.000 0.000
655.637 0.000 364.705 416.564 540.235 507.870 542.172 0.000
371.645 0.000 0.000 0.000 0.000 858.024 580.068 0.000
0.000 920.092 0.000 454.143 833.390 742.918 817.051 860.905
0.000 745.058 314.110 888.232 627.067 0.000 715.850 0.000
0.000 520.525 0.000 0.000 0.000 712.007 703.748 977.781
647.585 0.000 318.445 0.000 721.117 419.961 888.390 0.000
0.000 0.000 0.000 442.996 611.171 368.195 0.000 736.187
0.000 0.000 0.000 0.000 441.152 0.000 390.002 770.758
0.000 0.000 723.715 0.000 0.000 333.782 0.000 0.000
694.176 0.000 637.144 350.896 548.431 489.231 504.362 0.000
411.020 0.000 752.019 800.085 613.126 702.470 0.000 0.000
526.243 0.000 0.000 0.000 0.000 0.000 432.233 0.000
0.000 797.748 784.698 0.000 499.257 763.488 924.460 0.000
580.764 788.771 645.296 0.000 428.866 974.412 0.000 0.000
0.000 619.781 924.456 0.000 0.000 626.687 0.000 0.000
694.450 885.940 0.000 0.000 0.000 399.613 0.000 0.000
0.000 515.839 659.343 364.929 0.000 0.000 0.000 0.000
905.189 0.000 0.000 597.467 0.000 0.000 0.000 0.000
615.271 0.000 774.143 837.225 335.993 0.000 779.629 933.663
0.000 529.210 983.534 842.429 0.000 0.000 465.708 0.000
0.000 0.000 0.000 0.000 706.779 923.397 0.000 676.508
0.000 726.100 411.650 0.000 749.960 0.000 364.421 0.000
404.004 551.304 0.000 950.764 0.000 954.452 0.000 0.000
708.001 0.000 874.226 0.000 0.000 312.098 509.691 523.577
385.786 0.000 0.000 666.668 0.000 582.900 0.000 0.000
762.625 0.000 0.000 0.000 847.490 412.715 0.000 0.000
998.660 651.263 0.000 0.000 562.669 0.000 0.000 0.000
0.000 0.000 0.000 884.626 858.448 326.077 0.000 0.000
0.000 335.715 0.000 0.000 0.000 0.000 754.043 0.000
0.000 0.000 0.000 0.000 0.000 0.000 0.000 436.150
852.440 736.996 0.000 0.000 477.842 0.000 0.000 736.812
674.000 566.515 616.387 548.770 857.345 623.299 316.783 584.443
0.000 923.125 0.000 0.000 0.000 0.000 0.000 510.330
441.215 438.547 0.000 0.000 930.573 687.110 0.000 0.000
395.030 501.590 0.000 0.000 0.000 0.000 792.351 540.299
0.000 0.000 725.098 383.907 0.000 793.962 977.705 413.244
0.000 0.000 446.471 0.000 903.446 933.207 0.000 891.685
0.000 0.000 0.000 973.457 0.000 779.637 692.992 0.000
0.000 0.000 486.813 0.000 308.292 0.000 0.000 536.434
873.488 625.310 0.000 0.000 894.253 0.000 0.000 0.000
0.000 667.393 531.141 664.291 990.485 928.009 0.000 0.000
709.172 800.879 0.000 644.197 970.695 0.000 658.107 397.167
0.000 495.624 435.679 0.000 361.548 0.000 337.271 0.000
0.000 0.000 889.173 0.000 608.479 0.000 838.216 0.000
572.857 0.000 0.000 0.000 0.000 645.558 664.466 0.000
0.000 0.000 0.000 0.000 487.650 823.366 0.000 0.000
0.000 373.974 0.000 841.876 0.000 0.000 705.460 0.000
0.000 906.374 584.405 321.432 834.675 599.390 0.000 550.136
0.000 0.000 0.000 662.937 315.125 0.000 700.517 748.716
0.000 822.689 369.321 714.507 0.000 0.000 566.724 427.287
421.483 717.924 356.510 492.832 0.000 0.000 718.715 0.000
0.000 345.544 0.000 0.000 871.469 0.000 535.052 543.100
555.461 0.000 0.000 858.450 0.000 944.396 0.000 0.000
0.000 490.048 477.297 0.000 0.000 783.108 909.689 0.000
0.000 0.000 470.770 0.000 856.513 0.000 0.000 648.586
0.000 0.000 0.000 995.045 841.031 0.000 0.000 781.838
0.000 608.681 638.801 0.000 0.000 920.653 0.000 0.000
0.000 0.000 0.000 0.000 589.666 0.000 549.069 0.000
529.548 360.124 0.000 0.000 0.000 0.000 747.805 0.000
0.000 0.000 0.000 0.000 0.000 616.860 0.000 823.688
0.000 0.000 410.501 0.000 0.000 424.725 725.559 594.339
883.612 0.000 435.950 0.000 0.000 0.000 548.494 836.669
0.000 0.000 0.000 738.107 795.733 0.000 499.305 632.162
0.000 348.948 455.105 0.000 0.000 0.000 900.809 0.000
851.238 0.000 0.000 0.000 454.461 0.000 0.000 0.000
362.211 0.000 353.427 0.000 872.246 860.614 856.207 580.765
0.000 962.848 681.712 0.000 917.607 780.068 340.483 0.000
0.000 613.170 869.354 0.000 0.000 0.000 0.000 767.823
0.000 0.000 684.160 0.000 0.000 0.000 0.000 0.000
0.000 431.357 0.000 0.000 0.000 0.000 0.000 774.294
0.000 0.000 0.000 0.000 599.530 509.199 0.000 981.355
895.835 0.000 0.000 933.283 0.000 0.000 980.678 0.000
0.000 520.383 0.000 986.655 422.760 0.000 0.000 0.000
0.000 0.000 672.510 427.963 0.000 0.000 0.000 0.000
0.000 513.393 829.986 532.769 0.000 693.848 459.185 0.000
0.000 494.211 346.721 0.000 784.984 0.000 0.000 0.000
0.000 981.465 966.477 0.000 0.000 504.110 0.000 0.000
724.700 439.176 0.000 0.000 0.000 827.548 886.580 0.000
0.000 991.287 0.000 0.000 0.000 0.000 0.000 983.203
767.284 444.742 301.644 703.577 303.569 0.000 805.614 0.000
0.000 0.000 0.000 0.000 815.041 347.284 0.000 457.192
524.931 649.590 805.048 759.362 0.000 0.000 758.814 668.687
