0.000 642.282 0.000 0.000 486.661 758.279 0.000 0.000
831.934 924.042 843.276 669.965 415.480 0.000 0.000 535.637
0.000 0.000 597.609 542.344 698.891 0.000 0.000 0.000
0.000 632.145 709.714 0.000 0.000 0.000 0.000 0.000
981.481 0.000 565.961 443.312 0.000 828.773 0.000 0.000
0.000 0.000 0.000 732.121 640.168 890.653 961.587 735.017
0.000 931.159 0.000 969.381 0.000 877.104 0.000 0.000
669.734 522.112 0.000 0.000 0.000 0.000 832.110 970.652
0.000 0.000 954.601 0.000 612.265 751.336 0.000 307.695
0.000 0.000 0.000 514.279 701.781 598.556 0.000 0.000
521.977 658.858 0.000 938.420 806.718 0.000 321.178 838.924
0.000 0.000 954.980 790.997 824.148 0.000 0.000 964.161
0.000 435.701 314.250 0.000 891.785 593.999 0.000 0.000
810.673 0.000 568.766 940.413 418.970 887.462 0.000 575.823
0.000 0.000 0.000 994.445 517.930 860.920 728.742 0.000
500.033 0.000 0.000 674.907 529.509 0.000 401.835 0.000
610.352 0.000 0.000 0.000 0.000 357.242 572.588 0.000
0.000 0.000 775.568 894.962 0.000 0.000 0.000 0.000
825.324 0.000 796.311 0.000 0.000 621.163 817.828 760.198
0.000 0.000 0.000 605.163 0.000 864.373 0.000 0.000
652.032 0.000 0.000 0.000 0.000 643.413 911.824 0.000
0.000 0.000 577.003 801.893 433.380 582.816 0.000 0.000
377.463 0.000 0.000 0.000 396.665 809.196 878.250 938.462
915.570 0.000 0.000 613.045 0.000 0.000 880.196 0.000
0.000 0.000 0.000 500.532 347.454 0.000 0.000 0.000
848.185 526.775 750.863 386.398 0.000 0.000 0.000 0.000
533.561 707.551 672.854 964.368 811.201 0.000 0.000 0.000
551.403 332.486 0.000 437.099 895.679 0.000 414.654 623.273
349.108 950.624 509.155 969.763 0.000 0.000 0.000 843.034
0.000 0.000 0.000 388.219 0.000 663.645 545.048 570.957
726.907 824.782 529.085 665.385 0.000 0.000 410.591 0.000
0.000 435.295 832.708 0.000 0.000 509.691 931.067 546.619
0.000 424.827 0.000 508.776 0.000 0.000 0.000 943.925
724.276 0.000 0.000 0.000 0.000 341.600 791.423 866.943
731.409 304.353 0.000 394.665 0.000 738.064 646.667 412.240
0.000 0.000 0.000 310.422 960.627 0.000 971.840 856.612
960.082 0.000 0.000 873.817 0.000 749.598 525.531 387.443
545.143 0.000 659.384 505.900 0.000 784.600 528.803 0.000
0.000 0.000 0.000 884.999 528.290 804.941 0.000 753.217
876.541 0.000 828.677 399.134 521.918 0.000 0.000 0.000
0.000 0.000 0.000 0.000 330.957 0.000 981.152 0.000
455.798 0.000 0.000 0.000 0.000 0.000 0.000 0.000
0.000 0.000 536.012 814.092 778.358 743.663 691.394 0.000
0.000 0.000 0.000 0.000 674.724 0.000 0.000 839.111
0.000 0.000 0.000 0.000 0.000 0.000 498.235 0.000
770.174 0.000 431.843 839.211 465.305 0.000 421.169 768.993
598.615 799.863 0.000 640.127 0.000 655.542 0.000 846.480
0.000 914.268 849.178 305.592 775.225 730.956 0.000 0.000
0.000 0.000 885.894 806.071 0.000 742.383 0.000 0.000
0.000 0.000 0.000 0.000 578.409 904.542 0.000 483.529
930.779 0.000 0.000 0.000 0.000 0.000 0.000 0.000
0.000 514.972 621.010 0.000 398.164 0.000 704.561 654.026
359.836 0.000 981.800 0.000 300.877 930.992 0.000 939.070
689.238 0.000 726.171 0.000 411.593 0.000 0.000 0.000
379.691 942.844 0.000 732.281 909.270 0.000 579.446 668.958
0.000 0.000 327.122 0.000 603.069 0.000 554.640 0.000
631.347 764.087 0.000 901.813 0.000 0.000 594.787 0.000
523.239 0.000 586.194 764.363 921.748 0.000 762.056 559.552
0.000 365.250 0.000 807.566 0.000 863.479 524.019 635.910
792.605 977.618 908.631 876.363 0.000 743.001 500.848 0.000
670.051 0.000 0.000 0.000 0.000 0.000 726.819 0.000
871.288 417.469 352.966 963.329 0.000 0.000 801.128 921.322
361.495 0.000 0.000 427.346 648.585 0.000 598.776 850.223
0.000 0.000 875.402 342.419 0.000 411.348 0.000 0.000
0.000 0.000 0.000 0.000 904.384 842.904 0.000 0.000
773.080 0.000 971.479 680.459 507.882 719.897 0.000 0.000
556.786 395.117 525.253 715.674 0.000 0.000 0.000 0.000
577.305 0.000 433.030 0.000 828.851 0.000 0.000 735.397
0.000 303.245 836.094 0.000 535.050 0.000 523.389 646.490
715.084 950.476 0.000 0.000 0.000 0.000 0.000 360.814
0.000 643.306 0.000 0.000 0.000 727.364 442.561 612.973
600.009 0.000 582.936 686.095 661.149 0.000 0.000 619.434
815.860 0.000 0.000 0.000 640.550 0.000 0.000 818.678
893.609 0.000 885.617 822.400 0.000 395.808 0.000 0.000
665.110 343.507 0.000 0.000 678.399 638.007 0.000 598.216
812.964 0.000 0.000 0.000 580.054 0.000 0.000 0.000
0.000 0.000 0.000 586.792 0.000 475.521 906.761 0.000
787.956 425.192 0.000 0.000 0.000 370.986 759.957 0.000
0.000 640.687 0.000 0.000 730.467 0.000 0.000 0.000
0.000 998.713 414.781 0.000 0.000 975.327 0.000 350.221
413.693 756.744 0.000 301.056 900.266 0.000 780.484 0.000
395.297 520.822 698.042 886.370 399.381 744.088 560.119 636.846
912.392 498.427 0.000 0.000 0.000 986.992 687.515 0.000
826.193 363.935 0.000 0.000 0.000 0.000 932.716 460.739
0.000 673.509 0.000 0.000 537.365 800.445 0.000 0.000
618.741 579.086 0.000 0.000 0.000 0.000 0.000 0.000
509.340 0.000 787.012 599.012 827.866 0.000 899.029 666.313
506.593 532.276 759.960 0.000 0.000 300.320 744.872 0.000
0.000 0.000 0.000 819.364 550.341 0.000 564.358 911.057
0.000 530.895 613.162 983.352 0.000 0.000 707.090 795.151
0.000 0.000 863.435 460.371 0.000 968.050 0.000 0.000
542.082 517.019 0.000 379.729 909.268 749.701 0.000 0.000
942.286 594.998 388.392 0.000 762.053 526.232 702.685 933.615
423.029 0.000 414.153 0.000 662.364 0.000 620.540 0.000
0.000 0.000 0.000 890.326 995.880 921.217 0.000 621.950
0.000 320.305 0.000 922.985 888.778 0.000 0.000 0.000
761.983 0.000 451.444 0.000 964.989 0.000 579.172 0.000
783.632 0.000 671.459 0.000 892.456 997.195 0.000 435.947
784.841 0.000 694.204 0.000 413.805 0.000 0.000 877.632
0.000 312.139 0.000 696.803 360.211 872.211 637.705 539.485
0.000 969.118 0.000 0.000 0.000 796.322 0.000 991.294
0.000 0.000 0.000 353.262 472.285 0.000 0.000 691.947
0.000 442.660 0.000 856.685 415.358 0.000 0.000 0.000
853.655 396.252 638.765 938.402 665.545 478.770 339.697 0.000
0.000 666.174 352.344 710.248 666.698 740.169 0.000 0.000
584.520 0.000 663.017 675.323 436.838 973.831 0.000 0.000
999.709 0.000 301.438 473.335 889.034 895.470 0.000 0.000
473.705 909.682 0.000 0.000 0.000 0.000 670.314 804.359
0.000 701.370 0.000 351.714 0.000 356.160 878.226 904.482
504.124 507.322 531.887 0.000 0.000 469.814 726.304 0.000
0.000 915.326 853.343 476.522 305.556 0.000 0.000 360.850
429.322 345.062 0.000 0.000 0.000 566.775 0.000 499.505
0.000 398.784 0.000 919.613 0.000 577.699 830.569 377.005
0.000 0.000 0.000 0.000 833.553 0.000 620.670 712.220
0.000 358.736 438.900 300.246 0.000 677.499 564.997 997.561
446.662 0.000 0.000 0.000 0.000 644.069 354.621 454.032
0.000 442.637 0.000 973.720 894.039 0.000 991.479 0.000
892.828 513.126 314.612 327.275 493.920 779.434 0.000 0.000
342.344 0.000 0.000 697.179 0.000 0.000 0.000 769.986
0.000 0.000 554.372 569.916 844.115 0.000 0.000 639.814
569.398 0.000 0.000 984.582 0.000 614.393 0.000 592.349
0.000 0.000 0.000 833.246 328.238 910.145 956.905 809.631
593.044 975.105 0.000 757.719 0.000 597.300 344.611 0.000
498.979 0.000 0.000 937.262 0.000 0.000 860.154 372.394
327.866 0.000 539.491 0.000 0.000 867.439 518.228 0.000
679.596 0.000 993.514 0.000 362.351 0.000 514.823 956.829
791.768 322.489 460.966 456.886 346.767 0.000 0.000 0.000
510.817 551.815 0.000 0.000 741.788 0.000 366.134 344.347
626.479 568.026 806.858 734.717 577.327 0.000 0.000 970.132
673.184 834.145 766.426 465.713 548.360 0.000 0.000 0.000
0.000 631.357 0.000 0.000 495.813 499.120 845.487 0.000
460.795 689.242 0.000 488.307 409.323 0.000 540.458 529.816
995.575 0.000 310.033 500.246 386.781 747.637 0.000 0.000
0.000 0.000 576.445 0.000 787.460 311.715 929.572 0.000
567.875 372.083 691.269 899.692 0.000 424.785 366.264 0.000
0.000 720.853 573.576 0.000 916.529 0.000 418.683 0.000
0.000 0.000 0.000 352.320 0.000 554.065 0.000 0.000
0.000 511.390 0.000 362.773 311.603 0.000 0.000 0.000
822.412 606.346 0.000 0.000 769.059 0.000 0.000 481.535
793.676 0.000 701.184 664.398 0.000 404.449 0.000 0.000
891.927 0.000 804.915 429.649 816.152 585.144 0.000 0.000
0.000 0.000 0.000 0.000 0.000 0.000 436.503 0.000
0.000 817.738 596.373 0.000 0.000 0.000 603.536 356.596
859.024 0.000 493.591 676.576 0.000 704.228 998.993 511.819
0.000 0.000 0.000 683.641 0.000 0.000 791.195 0.000
0.000 414.717 0.000 0.000 592.283 646.160 302.521 433.222
0.000 524.532 454.794 0.000 661.342 0.000 0.000 0.000
761.788 0.000 0.000 0.000 0.000 0.000 973.217 375.139
0.000 0.000 759.334 0.000 0.000 0.000 0.000 527.570
556.742 0.000 344.338 772.918 803.681 930.437 0.000 0.000
517.418 994.509 499.807 0.000 0.000 0.000 540.554 0.000
666.661 630.182 0.000 770.206 420.448 0.000 0.000 360.231
534.431 654.997 0.000 696.177 0.000 883.418 821.610 396.001
966.444 0.000 0.000 827.724 876.150 745.729 577.380 318.350
0.000 0.000 0.000 516.381 0.000 731.177 602.117 0.000
0.000 0.000 369.594 797.547 0.000 846.658 791.842 655.827
793.493 0.000 0.000 529.471 791.257 678.797 0.000 0.000
814.575 692.804 0.000 0.000 0.000 338.295 624.063 559.210
737.876 328.241 0.000 399.217 0.000 507.760 0.000 809.873
0.000 457.636 0.000 689.928 432.849 0.000 0.000 0.000
0.000 722.479 640.682 704.824 721.229 0.000 0.000 0.000
0.000 0.000 0.000 589.654 834.061 0.000 587.146 663.037
0.000 832.345 0.000 0.000 624.276 0.000 880.152 367.651
436.418 882.427 0.000 0.000 858.799 0.000 0.000 0.000
0.000 517.997 0.000 0.000 743.974 429.924 768.188 522.306
840.989 0.000 740.259 0.000 421.467 382.427 818.164 443.507
718.168 0.000 0.000 604.631 0.000 473.816 0.000 824.328
0.000 0.000 0.000 992.395 679.134 0.000 0.000 0.000
702.209 0.000 661.483 861.406 928.270 0.000 325.764 0.000
0.000 0.000 478.705 375.398 522.723 821.022 0.000 0.000
399.033 0.000 0.000 0.000 0.000 483.488 804.889 466.080
636.000 0.000 0.000 701.048 0.000 433.226 0.000 0.000
0.000 0.000 563.236 927.551 0.000 0.000 0.000 595.613
836.132 404.670 0.000 535.406 862.376 0.000 926.434 970.084
0.000 0.000 0.000 871.740 672.819 397.384 0.000 0.000
697.028 0.000 640.064 0.000 0.000 0.000 0.000 0.000
436.327 0.000 454.557 642.181 0.000 0.000 587.168 733.794
0.000 457.114 368.851 851.084 0.000 0.000 792.349 0.000
0.000 0.000 547.795 0.000 0.000 0.000 582.630 459.241
887.471 868.241 0.000 971.107 0.000 0.000 0.000 439.606
492.763 803.609 0.000 0.000 0.000 628.334 0.000 829.780
0.000 729.979 834.978 844.036 0.000 0.000 0.000 416.102
488.147 528.509 975.290 0.000 631.817 0.000 0.000 0.000
0.000 482.252 689.248 0.000 0.000 0.000 614.389 0.000
686.849 859.583 768.022 0.000 356.294 0.000 966.620 391.808
922.369 304.681 0.000 0.000 0.000 898.673 855.661 305.223
0.000 473.758 326.706 0.000 0.000 475.595 791.937 365.083
682.457 319.889 653.917 512.124 807.816 853.307 0.000 0.000
0.000 764.697 310.088 363.497 938.417 338.106 0.000 0.000
0.000 0.000 726.971 0.000 0.000 571.889 0.000 784.916
571.923 463.412 711.072 0.000 425.259 0.000 0.000 0.000
592.547 488.945 606.754 660.741 552.423 0.000 734.272 434.695
0.000 0.000 645.585 377.800 331.329 365.587 730.762 695.277
453.801 448.638 540.419 597.667 673.955 974.172 0.000 557.846
784.056 749.920 0.000 0.000 766.466 0.000 0.000 521.065
0.000 0.000 555.397 0.000 825.173 408.874 0.000 0.000
0.000 0.000 0.000 0.000 0.000 0.000 0.000 675.282
0.000 0.000 434.341 906.514 0.000 860.079 0.000 660.061
0.000 0.000 856.777 0.000 0.000 421.452 0.000 0.000
483.390 903.118 406.756 0.000 0.000 861.907 636.381 0.000
0.000 0.000 0.000 561.828 0.000 674.471 724.298 428.821
862.131 0.000 0.000 0.000 771.778 955.824 811.674 617.073
0.000 0.000 0.000 0.000 0.000 0.000 661.479 0.000
887.873 0.000 0.000 574.316 654.027 310.696 480.605 770.125
743.425 0.000 308.268 0.000 782.799 0.000 0.000 855.085
0.000 977.563 407.966 0.000 712.662 0.000 0.000 0.000
642.229 991.137 0.000 433.344 739.842 797.708 853.928 677.003
654.297 873.912 0.000 508.561 0.000 493.778 0.000 0.000
516.936 307.150 358.501 0.000 929.828 927.933 0.000 0.000
0.000 515.238 0.000 367.491 566.731 0.000 724.179 495.208
371.447 519.397 709.908 0.000 0.000 393.680 390.074 0.000
813.698 371.111 0.000 862.906 0.000 0.000 0.000 0.000
333.044 732.106 0.000 0.000 0.000 534.812 856.889 987.429
0.000 0.000 900.343 0.000 0.000 0.000 356.354 0.000
904.771 0.000 410.342 0.000 329.218 0.000 0.000 986.105
476.547 0.000 0.000 455.705 351.369 0.000 0.000 710.122
476.281 0.000 867.915 0.000 0.000 0.000 689.654 0.000
0.000 0.000 623.159 0.000 0.000 0.000 0.000 522.325
524.009 0.000 0.000 456.101 0.000 0.000 0.000 487.596
0.000 950.266 901.310 314.529 0.000 0.000 0.000 952.701
308.342 0.000 0.000 586.022 334.519 0.000 0.000 0.000
707.018 607.570 0.000 0.000 423.743 779.959 0.000 0.000
0.000 662.866 460.371 0.000 543.487 574.745 320.626 0.000
0.000 0.000 384.613 0.000 0.000 410.422 659.172 770.934
0.000 306.676 0.000 792.195 0.000 702.970 0.000 0.000
0.000 544.557 335.525 0.000 0.000 0.000 0.000 940.573
532.229 0.000 797.274 337.192 691.203 0.000 0.000 0.000
0.000 990.205 0.000 865.896 351.928 783.613 750.037 513.553
678.512 0.000 396.500 549.357 0.000 978.249 0.000 496.912
0.000 0.000 454.532 314.204 591.537 805.613 0.000 420.358
0.000 0.000 505.870 0.000 670.843 516.715 0.000 0.000
858.539 794.919 392.722 723.539 0.000 0.000 708.993 506.266
0.000 552.130 0.000 963.257 480.214 0.000 872.658 402.488
0.000 790.106 0.000 0.000 594.916 887.995 0.000 475.193
0.000 601.383 0.000 341.326 0.000 0.000 0.000 0.000
0.000 0.000 0.000 0.000 0.000 624.836 838.286 0.000
0.000 528.613 0.000 749.218 0.000 649.848 836.335 0.000
984.743 0.000 0.000 408.687 0.000 0.000 0.000 943.206
0.000 508.384 519.151 0.000 0.000 497.659 0.000 357.353
693.270 0.000 0.000 0.000 0.000 0.000 399.479 999.539
312.884 0.000 773.183 606.499 0.000 0.000 0.000 975.611
352.889 827.849 0.000 489.106 0.000 0.000 0.000 339.131
0.000 0.000 0.000 0.000 808.781 0.000 398.999 371.815
421.618 389.587 719.508 610.729 0.000 0.000 0.000 528.439
0.000 0.000 755.053 306.207 0.000 0.000 0.000 540.715
0.000 0.000 468.496 0.000 668.593 423.465 0.000 0.000
459.563 528.908 852.860 667.042 591.624 0.000 0.000 0.000
0.000 964.918 0.000 553.175 460.867 774.867 0.000 324.886
324.456 706.516 0.000 442.063 0.000 0.000 948.455 0.000
790.963 0.000 987.938 0.000 0.000 0.000 0.000 0.000
793.828 0.000 0.000 0.000 457.574 901.624 0.000 0.000
933.734 0.000 819.009 416.580 373.240 0.000 0.000 985.808
0.000 886.581 606.636 660.561 0.000 690.213 925.585 0.000
0.000 333.973 964.970 0.000 0.000 787.621 0.000 0.000
0.000 0.000 417.442 0.000 836.263 886.581 0.000 740.191
0.000 0.000 385.060 761.354 379.916 0.000 580.183 0.000
322.902 900.013 904.739 0.000 0.000 0.000 0.000 0.000
0.000 701.918 0.000 681.594 752.265 0.000 984.274 328.652
413.415 957.284 0.000 0.000 811.836 562.647 795.069 689.913
429.312 518.628 925.577 0.000 0.000 0.000 0.000 0.000
383.727 833.557 0.000 0.000 855.048 405.772 968.717 809.094
0.000 0.000 0.000 0.000 813.291 0.000 422.068 0.000
0.000 0.000 886.077 322.121 918.206 651.979 0.000 0.000
559.346 931.494 698.465 809.150 984.053 0.000 0.000 0.000
802.666 0.000 0.000 0.000 315.913 645.679 962.812 759.482
0.000 350.371 746.949 0.000 0.000 432.746 575.732 626.342
823.639 0.000 0.000 721.257 0.000 436.102 0.000 0.000
938.573 614.492 782.597 492.843 0.000 0.000 0.000 0.000
0.000 981.186 0.000 0.000 892.626 0.000 468.827 0.000
0.000 306.962 762.905 0.000 0.000 318.521 0.000 0.000
535.666 302.327 0.000 681.753 0.000 956.422 0.000 570.914
0.000 0.000 995.067 558.707 603.648 320.979 0.000 0.000
0.000 0.000 0.000 0.000 671.733 0.000 912.345 0.000
707.134 971.016 0.000 0.000 630.636 0.000 0.000 745.316
353.022 898.862 843.967 0.000 504.542 395.106 387.242 403.728
0.000 722.484 0.000 709.204 0.000 0.000 0.000 0.000
824.844 593.318 0.000 0.000 0.000 0.000 0.000 735.220
957.101 937.716 384.744 999.617 816.584 0.000 487.730 972.349
573.766 471.862 429.713 842.738 455.309 400.234 0.000 0.000
410.036 694.749 656.168 0.000 0.000 565.055 869.850 0.000
434.910 436.439 597.590 0.000 0.000 698.924 0.000 742.770
459.647 854.678 706.108 330.672 844.325 0.000 0.000 0.000
319.660 0.000 0.000 0.000 387.401 0.000 596.305 683.021
653.390 0.000 0.000 0.000 0.000 0.000 0.000 0.000
741.464 656.017 0.000 0.000 0.000 514.415 708.765 421.146
0.000 551.029 0.000 877.545 392.593 962.893 0.000 0.000
802.985 600.411 0.000 0.000 0.000 0.000 783.219 0.000
434.496 820.715 0.000 0.000 363.280 842.228 0.000 0.000
462.583 0.000 770.985 0.000 0.000 0.000 988.640 0.000
837.718 0.000 0.000 0.000 519.552 0.000 0.000 760.271
424.429 421.587 715.052 0.000 0.000 986.676 468.612 419.424
0.000 0.000 0.000 0.000 0.000 0.000 795.631 843.719
0.000 0.000 882.552 0.000 720.184 698.082 575.132 538.429
305.111 892.255 0.000 0.000 0.000 645.921 708.908 0.000
0.000 683.160 0.000 0.000 431.883 0.000 0.000 0.000
0.000 621.060 752.909 0.000 861.494 0.000 0.000 752.048
419.641 989.520 0.000 769.397 628.732 0.000 0.000 960.542
652.230 387.041 501.023 360.531 0.000 0.000 0.000 636.183
470.870 353.258 0.000 343.721 0.000 498.782 995.233 0.000
973.142 0.000 999.168 311.615 614.826 0.000 931.655 353.633
0.000 0.000 577.490 558.264 835.939 0.000 439.273 0.000
374.451 0.000 490.976 0.000 0.000 446.027 888.976 414.000
473.761 0.000 952.441 0.000 0.000 475.134 0.000 398.087
0.000 692.407 0.000 0.000 0.000 0.000 817.860 723.352
960.278 845.021 0.000 0.000 515.215 0.000 562.372 378.224
923.862 0.000 0.000 580.383 854.761 0.000 0.000 0.000
0.000 433.618 0.000 306.526 595.086 856.305 626.073 784.788
0.000 338.830 569.567 416.991 0.000 488.677 0.000 317.273
0.000 477.841 0.000 521.462 0.000 599.097 0.000 620.235
0.000 536.580 0.000 509.425 799.623 595.244 565.957 851.718
751.822 0.000 0.000 0.000 0.000 0.000 917.581 437.657
611.637 0.000 0.000 0.000 0.000 666.336 459.997 315.539
862.571 0.000 0.000 642.602 664.580 0.000 0.000 0.000
841.795 0.000 343.497 601.460 748.464 403.598 749.107 858.548
366.579 0.000 940.213 756.607 394.880 524.729 0.000 0.000
0.000 0.000 0.000 572.186 475.362 660.738 0.000 0.000
0.000 398.215 0.000 569.499 0.000 0.000 665.837 0.000
0.000 407.411 791.893 373.392 505.059 0.000 394.179 742.087
0.000 0.000 0.000 0.000 0.000 625.632 598.773 0.000
0.000 323.950 0.000 0.000 0.000 0.000 867.496 0.000
0.000 0.000 0.000 0.000 0.000 903.034 389.476 0.000
594.516 0.000 0.000 0.000 0.000 720.735 484.999 0.000
398.005 0.000 317.798 837.071 837.839 0.000 0.000 0.000
335.809 0.000 555.254 877.702 604.670 0.000 0.000 880.214
0.000 0.000 0.000 0.000 0.000 596.593 0.000 987.325
0.000 700.914 0.000 0.000 306.826 0.000 450.871 524.601
352.371 0.000 758.623 0.000 0.000 0.000 0.000 0.000
823.376 0.000 499.689 0.000 729.103 408.186 679.720 0.000
0.000 440.036 745.589 0.000 0.000 479.340 0.000 0.000
0.000 553.273 0.000 0.000 622.955 572.092 900.553 0.000
795.652 0.000 331.012 0.000 0.000 555.144 0.000 0.000
862.587 0.000 691.874 787.142 829.866 329.437 416.070 0.000
751.284 0.000 750.490 0.000 0.000 0.000 0.000 434.536
0.000 0.000 744.960 0.000 584.633 528.021 826.193 0.000
0.000 0.000 946.728 604.810 0.000 629.385 631.917 821.696
534.633 540.322 0.000 880.317 0.000 313.401 0.000 834.791
969.222 845.801 0.000 833.028 654.661 414.628 843.069 438.309
0.000 847.414 386.603 662.569 0.000 0.000 579.674 0.000
0.000 506.906 644.329 701.481 0.000 0.000 519.117 0.000
933.020 0.000 849.353 0.000 0.000 346.548 378.604 0.000
949.020 0.000 866.650 346.046 302.793 0.000 833.317 499.353
820.273 592.004 0.000 433.939 749.194 394.507 309.691 804.519
0.000 0.000 0.000 0.000 0.000 0.000 693.623 0.000
324.189 0.000 637.075 699.779 0.000 762.859 906.475 864.767
682.060 0.000 0.000 619.607 423.818 0.000 529.820 720.508
820.253 0.000 437.241 985.394 0.000 475.972 519.788 0.000
0.000 735.583 428.801 650.138 610.657 0.000 873.346 0.000
0.000 0.000 0.000 558.679 504.787 0.000 334.284 0.000
0.000 690.177 431.977 0.000 0.000 0.000 0.000 399.465
0.000 0.000 699.651 0.000 0.000 501.062 628.950 334.314
0.000 923.737 896.599 0.000 419.977 519.529 825.784 0.000
0.000 0.000 501.408 0.000 0.000 0.000 0.000 0.000
336.381 494.914 650.480 771.456 0.000 0.000 0.000 932.001
842.904 0.000 878.335 0.000 0.000 0.000 804.361 711.539
834.074 588.628 0.000 965.447 0.000 0.000 963.204 0.000
781.100 0.000 742.872 0.000 639.822 0.000 982.676 0.000
0.000 923.618 709.099 432.805 568.317 0.000 0.000 603.097
477.029 992.838 0.000 0.000 0.000 0.000 0.000 0.000
474.113 738.951 0.000 0.000 685.622 0.000 0.000 343.705
998.309 616.589 0.000 721.741 0.000 523.453 400.332 0.000
348.273 0.000 553.565 0.000 0.000 779.908 0.000 574.300
0.000 925.216 618.370 0.000 0.000 470.059 973.665 0.000
373.424 0.000 0.000 431.905 470.894 0.000 0.000 984.802
768.182 743.535 460.069 0.000 0.000 0.000 0.000 605.229
310.431 785.348 0.000 0.000 390.456 471.663 394.516 0.000
0.000 943.821 0.000 0.000 0.000 0.000 0.000 446.976
424.209 0.000 0.000 0.000 0.000 0.000 366.769 697.341
0.000 0.000 0.000 570.706 0.000 0.000 348.758 0.000
0.000 0.000 782.844 577.585 458.846 812.361 0.000 699.100
0.000 494.639 807.264 0.000 710.974 0.000 486.922 0.000
847.766 0.000 0.000 0.000 708.809 0.000 0.000 813.807
990.979 0.000 945.296 0.000 0.000 607.454 0.000 322.845
539.599 344.830 0.000 332.887 718.269 0.000 0.000 0.000
0.000 389.883 379.472 0.000 528.776 517.300 461.558 599.541
886.643 575.906 0.000 999.227 857.526 601.865 0.000 818.907
740.391 549.824 0.000 302.442 354.678 0.000 0.000 0.000
976.345 585.375 0.000 753.840 0.000 0.000 0.000 0.000
0.000 0.000 310.374 0.000 774.545 574.987 795.516 686.744
832.947 0.000 0.000 757.482 0.000 625.414 979.578 0.000
811.839 0.000 0.000 760.692 922.574 0.000 0.000 0.000
893.101 741.080 704.342 957.844 652.208 0.000 460.243 0.000
0.000 0.000 720.018 943.116 0.000 740.871 481.004 0.000
768.074 463.443 375.554 0.000 544.237 631.328 596.026 0.000
592.983 0.000 693.422 0.000 389.330 0.000 0.000 0.000
836.709 0.000 852.880 0.000 451.958 0.000 0.000 0.000
969.718 0.000 542.846 385.764 0.000 0.000 0.000 843.323
0.000 0.000 0.000 700.795 890.461 0.000 0.000 786.676
0.000 0.000 809.571 0.000 0.000 942.841 0.000 0.000
779.060 0.000 699.367 885.947 414.849 681.112 380.136 382.080
0.000 0.000 0.000 0.000 847.503 0.000 353.443 0.000
0.000 580.244 959.038 914.244 741.073 514.737 590.236 901.199
899.406 521.351 0.000 579.469 0.000 817.820 424.838 0.000
0.000 544.580 0.000 0.000 0.000 786.952 647.986 0.000
937.803 0.000 0.000 0.000 307.200 732.716 0.000 0.000
0.000 0.000 0.000 607.525 752.827 774.002 958.610 0.000
605.938 0.000 0.000 971.492 0.000 738.368 0.000 481.786
962.579 800.141 928.703 0.000 929.078 0.000 430.368 0.000
570.237 0.000 0.000 0.000 607.777 0.000 0.000 0.000
0.000 353.788 0.000 0.000 0.000 618.983 664.863 0.000
700.450 916.403 624.946 642.785 634.938 0.000 340.644 880.994
501.816 0.000 945.168 0.000 417.078 845.168 367.451 426.653
0.000 586.566 332.259 0.000 714.081 0.000 0.000 587.335
0.000 0.000 0.000 772.483 358.082 0.000 596.150 496.059
819.010 0.000 0.000 996.195 0.000 0.000 804.676 0.000
553.673 328.937 0.000 0.000 0.000 809.521 571.271 765.972
0.000 0.000 0.000 0.000 0.000 0.000 0.000 383.315
0.000 612.567 525.219 407.961 0.000 0.000 0.000 0.000
496.345 0.000 709.032 0.000 820.007 464.120 674.477 817.915
0.000 0.000 0.000 0.000 0.000 0.000 817.193 547.689
0.000 499.555 0.000 0.000 707.042 835.878 586.034 682.494
0.000 0.000 858.718 482.189 774.540 485.221 540.014 0.000
951.263 706.426 330.267 0.000 0.000 0.000 0.000 387.416
860.725 0.000 521.330 472.546 705.461 0.000 0.000 0.000
0.000 0.000 906.465 800.149 0.000 0.000 916.606 336.437
0.000 0.000 461.717 575.552 784.125 636.860 0.000 0.000
0.000 923.704 931.507 563.438 353.024 0.000 0.000 0.000
0.000 474.049 0.000 957.345 0.000 633.889 0.000 0.000
0.000 0.000 0.000 398.075 616.594 0.000 592.538 372.241
0.000 451.446 850.528 0.000 0.000 571.543 647.155 0.000
0.000 0.000 721.594 403.889 0.000 346.325 0.000 450.603
0.000 0.000 412.366 786.783 0.000 945.601 823.492 706.718
0.000 863.887 0.000 0.000 0.000 807.719 0.000 0.000
792.536 921.918 0.000 0.000 835.654 936.580 964.398 0.000
600.333 0.000 0.000 535.673 664.357 348.845 636.658 917.513
0.000 0.000 429.233 0.000 894.759 596.917 0.000 770.195
933.941 0.000 0.000 788.300 0.000 858.038 0.000 0.000
0.000 0.000 0.000 311.675 400.536 0.000 0.000 338.013
811.608 354.778 0.000 0.000 919.055 846.308 0.000 813.271
514.332 941.113 0.000 842.539 786.497 0.000 772.078 520.111
0.000 0.000 885.898 0.000 416.949 0.000 0.000 0.000
995.192 0.000 0.000 0.000 475.775 0.000 0.000 0.000
0.000 0.000 768.554 351.977 0.000 0.000 0.000 458.586
0.000 348.575 0.000 422.589 0.000 507.175 682.828 0.000
0.000 0.000 0.000 0.000 409.378 0.000 913.442 561.001
0.000 389.864 339.060 0.000 326.364 0.000 0.000 0.000
988.661 0.000 0.000 0.000 0.000 0.000 0.000 0.000
0.000 384.023 483.308 770.009 0.000 621.962 711.835 0.000
428.035 826.306 651.048 0.000 774.410 0.000 722.398 0.000
0.000 0.000 0.000 0.000 0.000 0.000 846.727 0.000
0.000 829.762 705.616 0.000 0.000 0.000 405.199 869.180
0.000 0.000 889.107 0.000 0.000 467.463 815.865 839.284
0.000 0.000 654.482 0.000 0.000 673.886 892.704 0.000
0.000 349.319 443.884 763.148 0.000 535.571 817.870 0.000
746.028 0.000 0.000 0.000 739.014 448.325 0.000 0.000
971.545 617.955 791.174 316.028 461.274 0.000 0.000 826.264
0.000 542.208 0.000 0.000 957.033 991.210 0.000 0.000
784.395 0.000 508.442 747.687 0.000 844.798 789.426 0.000
0.000 746.692 0.000 0.000 0.000 0.000 950.867 318.545
543.036 571.730 0.000 0.000 509.101 0.000 0.000 776.578
719.439 0.000 838.947 0.000 326.443 740.494 0.000 361.194
0.000 0.000 947.582 859.121 917.917 0.000 0.000 949.897
317.146 0.000 811.558 0.000 421.984 356.118 996.479 630.022
0.000 694.632 0.000 562.260 0.000 0.000 0.000 0.000
986.577 0.000 397.073 411.584 802.742 908.056 840.645 466.017
0.000 0.000 0.000 517.671 404.279 0.000 681.434 737.648
0.000 477.809 0.000 882.731 577.415 552.574 0.000 0.000
515.993 0.000 0.000 631.748 0.000 627.113 0.000 980.286
0.000 761.013 0.000 864.538 0.000 314.543 661.448 0.000
810.948 0.000 0.000 0.000 478.034 0.000 777.055 0.000
0.000 0.000 0.000 0.000 0.000 704.814 695.160 0.000
926.232 0.000 0.000 763.561 583.558 815.783 733.674 425.297
546.268 331.254 970.184 0.000 465.920 595.016 0.000 0.000
0.000 0.000 479.354 0.000 0.000 613.909 0.000 913.932
566.576 335.547 0.000 997.265 840.118 0.000 346.013 616.965
0.000 489.487 368.923 0.000 0.000 0.000 0.000 0.000
0.000 0.000 0.000 0.000 0.000 0.000 0.000 665.010
0.000 603.814 0.000 829.915 0.000 0.000 0.000 0.000
834.210 496.265 0.000 0.000 0.000 0.000 0.000 0.000
0.000 984.124 0.000 0.000 0.000 457.825 0.000 579.259
419.936 711.744 0.000 0.000 988.018 0.000 310.756 0.000
0.000 0.000 637.344 826.040 616.739 523.667 775.256 0.000
0.000 0.000 0.000 872.835 0.000 598.150 0.000 997.758
740.618 391.539 755.068 465.706 0.000 0.000 576.991 605.271
426.332 0.000 0.000 535.930 744.959 0.000 476.754 0.000
0.000 0.000 0.000 829.280 0.000 0.000 0.000 940.838
0.000 757.900 811.581 0.000 0.000 620.952 632.866 342.621
927.464 0.000 590.452 800.367 0.000 0.000 660.967 0.000
0.000 764.142 0.000 0.000 0.000 0.000 527.717 517.125
0.000 620.008 0.000 0.000 606.147 0.000 0.000 724.582
799.047 0.000 0.000 0.000 955.363 0.000 0.000 323.507
0.000 680.101 968.116 0.000 545.927 0.000 0.000 0.000
820.678 517.484 0.000 0.000 917.808 370.821 0.000 0.000
0.000 858.092 334.741 596.463 529.619 0.000 0.000 0.000
969.132 692.174 876.991 625.290 0.000 0.000 440.816 939.353
411.778 369.068 0.000 736.422 377.659 0.000 351.299 0.000
0.000 337.368 740.022 0.000 0.000 932.126 697.449 526.498
0.000 953.387 0.000 0.000 834.449 0.000 379.953 0.000
0.000 0.000 0.000 510.581 300.814 496.782 332.760 539.737
0.000 692.721 323.803 844.741 612.480 0.000 0.000 315.119
365.765 679.725 0.000 451.241 654.823 405.285 0.000 355.658
816.960 0.000 0.000 0.000 0.000 0.000 0.000 0.000
500.171 869.669 0.000 0.000 0.000 447.259 0.000 0.000
363.844 923.205 0.000 660.379 0.000 0.000 0.000 0.000
890.592 0.000 609.244 725.657 0.000 814.099 327.966 748.832
576.295 542.686 431.224 0.000 0.000 723.044 335.564 0.000
0.000 0.000 0.000 770.578 450.714 0.000 748.243 0.000
0.000 594.247 0.000 859.427 444.477 526.729 940.515 772.270
0.000 466.900 0.000 0.000 0.000 454.971 663.069 493.661
0.000 0.000 445.290 455.206 966.321 0.000 0.000 661.435
942.512 317.264 0.000 695.524 0.000 795.933 321.515 0.000
