869.885 0.000 0.000 0.000 0.000 656.331 0.000 898.374
0.000 377.564 896.836 957.277 831.526 0.000 0.000 581.235
0.000 807.177 0.000 0.000 912.380 768.824 0.000 839.840
0.000 385.688 0.000 0.000 484.184 0.000 793.279 0.000
0.000 0.000 330.418 0.000 0.000 888.804 0.000 706.819
587.520 0.000 0.000 0.000 814.809 0.000 934.392 0.000
0.000 969.175 579.259 0.000 334.346 0.000 0.000 757.532
329.080 0.000 934.693 754.661 752.565 0.000 0.000 437.495
0.000 0.000 0.000 854.314 456.617 0.000 434.001 692.810
467.812 949.059 0.000 344.409 730.612 630.778 412.655 884.841
0.000 0.000 444.861 974.766 557.341 0.000 0.000 0.000
0.000 0.000 769.662 402.936 0.000 438.914 508.416 305.152
0.000 364.780 0.000 356.008 357.358 918.844 0.000 864.058
0.000 0.000 479.192 405.030 0.000 0.000 497.208 579.156
0.000 0.000 0.000 703.778 850.842 794.487 0.000 826.556
320.671 0.000 731.014 901.364 757.857 0.000 557.448 0.000
0.000 0.000 0.000 0.000 0.000 687.129 916.472 0.000
779.085 369.766 0.000 573.769 0.000 331.010 0.000 0.000
325.055 0.000 0.000 0.000 0.000 518.271 865.290 0.000
0.000 0.000 0.000 909.447 0.000 819.533 0.000 0.000
785.574 625.253 0.000 443.046 311.583 0.000 0.000 0.000
557.693 0.000 848.353 863.748 928.153 0.000 0.000 0.000
0.000 882.709 799.009 0.000 731.922 312.116 0.000 961.909
0.000 978.347 983.818 0.000 0.000 432.911 544.916 610.780
0.000 723.290 0.000 579.591 0.000 0.000 0.000 0.000
376.683 690.699 0.000 542.789 0.000 638.613 849.871 0.000
946.746 324.270 0.000 942.637 0.000 0.000 963.941 0.000
0.000 452.724 0.000 945.748 675.456 624.265 625.246 641.378
813.548 0.000 601.206 469.928 0.000 475.070 609.953 384.705
523.095 438.975 458.721 957.701 697.583 0.000 936.731 391.645
943.926 0.000 597.368 560.816 812.344 0.000 777.569 873.188
414.777 0.000 657.923 0.000 0.000 0.000 0.000 0.000
696.749 471.240 997.938 909.205 0.000 699.998 0.000 0.000
0.000 329.326 982.810 792.895 0.000 549.805 0.000 901.033
531.691 969.238 545.861 758.553 0.000 0.000 708.494 894.178
578.228 0.000 0.000 550.152 967.811 0.000 460.028 803.340
430.726 0.000 0.000 357.941 0.000 0.000 832.881 442.958
0.000 0.000 666.417 0.000 708.510 645.595 913.379 430.603
0.000 0.000 333.491 0.000 839.773 0.000 822.032 0.000
0.000 0.000 0.000 865.822 636.830 555.830 0.000 739.740
0.000 805.628 435.033 0.000 0.000 895.509 0.000 0.000
583.348 0.000 0.000 969.522 0.000 404.211 0.000 0.000
760.948 0.000 472.676 372.339 356.744 0.000 806.662 483.939
0.000 0.000 0.000 736.198 990.020 0.000 0.000 0.000
548.386 456.302 0.000 0.000 0.000 0.000 855.369 0.000
726.138 0.000 912.935 537.028 0.000 0.000 433.181 904.519
516.771 334.875 683.894 0.000 0.000 566.226 372.609 0.000
0.000 869.107 0.000 540.599 848.841 0.000 660.207 754.585
0.000 0.000 0.000 758.285 0.000 798.203 579.749 0.000
823.394 647.788 0.000 0.000 530.768 0.000 0.000 0.000
0.000 0.000 0.000 540.185 0.000 509.960 0.000 653.259
0.000 386.971 0.000 615.782 0.000 463.673 0.000 0.000
490.897 0.000 689.956 667.151 0.000 601.515 0.000 0.000
0.000 0.000 0.000 0.000 933.556 0.000 0.000 0.000
0.000 485.133 0.000 636.849 744.968 568.572 477.599 0.000
0.000 0.000 0.000 448.789 0.000 972.455 0.000 0.000
599.841 785.067 590.946 0.000 0.000 459.833 0.000 688.494
894.942 618.666 0.000 834.725 956.866 862.966 623.568 504.097
0.000 0.000 0.000 0.000 814.445 829.517 0.000 727.661
0.000 782.828 433.826 0.000 0.000 800.599 515.649 487.410
716.564 0.000 387.997 0.000 0.000 0.000 0.000 480.050
0.000 829.038 505.225 677.364 922.577 0.000 0.000 0.000
954.539 0.000 584.002 0.000 910.948 0.000 0.000 0.000
722.228 0.000 577.000 384.011 0.000 593.258 0.000 681.563
370.786 0.000 319.331 0.000 0.000 657.965 0.000 0.000
0.000 480.679 900.857 0.000 874.073 0.000 0.000 934.723
684.495 0.000 475.349 0.000 968.843 0.000 840.314 0.000
0.000 587.853 0.000 0.000 0.000 621.220 471.747 0.000
0.000 0.000 0.000 387.524 0.000 545.338 0.000 0.000
798.659 490.028 627.095 348.696 629.608 0.000 0.000 925.612
0.000 736.757 0.000 0.000 0.000 0.000 539.988 309.197
414.529 311.333 0.000 0.000 0.000 0.000 0.000 834.707
400.502 0.000 0.000 874.280 0.000 0.000 664.922 957.323
0.000 0.000 0.000 707.559 695.507 414.209 0.000 842.128
856.301 0.000 0.000 540.861 0.000 775.662 701.976 616.576
0.000 0.000 937.420 485.794 701.084 0.000 787.133 829.021
769.325 968.670 349.156 0.000 720.808 964.384 0.000 825.934
504.678 0.000 366.351 0.000 0.000 0.000 0.000 0.000
0.000 0.000 0.000 873.449 0.000 0.000 0.000 625.700
0.000 0.000 341.194 340.661 384.364 814.334 606.611 923.716
0.000 0.000 761.366 0.000 0.000 838.251 915.687 0.000
850.061 0.000 702.160 985.815 968.093 680.518 0.000 0.000
0.000 953.208 482.495 815.232 748.975 633.144 0.000 817.664
0.000 498.414 602.213 421.279 724.655 0.000 539.028 983.808
0.000 761.892 0.000 0.000 744.028 0.000 0.000 526.548
971.725 671.997 0.000 791.442 0.000 0.000 492.292 0.000
0.000 830.290 0.000 0.000 0.000 0.000 0.000 0.000
608.479 0.000 766.576 590.499 0.000 311.695 0.000 0.000
0.000 718.427 735.193 394.342 536.941 0.000 0.000 313.635
0.000 0.000 0.000 0.000 563.887 548.876 694.973 0.000
429.038 0.000 0.000 613.126 0.000 592.026 0.000 0.000
340.633 926.007 712.835 869.264 0.000 0.000 0.000 0.000
394.288 873.402 0.000 622.258 306.714 749.656 977.979 0.000
0.000 0.000 0.000 397.230 0.000 795.984 965.077 337.231
408.210 618.213 417.254 0.000 433.820 876.918 354.412 0.000
0.000 0.000 571.550 0.000 0.000 0.000 691.580 863.576
340.212 0.000 793.972 688.705 883.089 768.638 499.140 741.800
751.947 0.000 378.967 470.735 676.519 315.907 0.000 0.000
808.529 322.444 535.693 575.022 0.000 358.146 600.135 0.000
519.022 476.030 0.000 0.000 0.000 632.776 963.176 856.100
524.580 443.826 0.000 791.644 318.500 545.948 552.685 761.754
771.027 426.803 460.075 0.000 805.560 0.000 0.000 0.000
445.445 756.035 0.000 0.000 0.000 991.810 523.710 0.000
0.000 724.994 636.529 555.505 696.718 743.801 442.833 0.000
0.000 763.995 0.000 633.084 0.000 940.525 0.000 0.000
0.000 0.000 571.074 0.000 0.000 0.000 843.312 976.126
387.335 0.000 889.145 0.000 379.874 318.671 0.000 0.000
687.149 0.000 0.000 0.000 618.752 0.000 497.018 736.165
714.061 510.647 0.000 404.660 327.915 716.127 799.649 0.000
0.000 387.120 0.000 0.000 0.000 0.000 0.000 0.000
543.201 0.000 532.581 0.000 0.000 529.787 471.934 0.000
0.000 0.000 0.000 842.950 0.000 0.000 581.703 612.648
995.830 546.069 0.000 467.449 0.000 585.488 769.411 772.146
0.000 0.000 542.491 628.830 322.627 480.546 0.000 774.739
440.535 528.181 908.081 0.000 0.000 0.000 0.000 0.000
0.000 977.777 955.994 0.000 680.641 0.000 773.558 0.000
310.690 546.095 394.603 0.000 0.000 770.486 708.716 0.000
0.000 0.000 0.000 438.900 427.852 904.618 657.034 0.000
632.905 692.022 0.000 0.000 0.000 0.000 0.000 426.513
0.000 0.000 464.006 0.000 984.218 536.129 0.000 825.264
503.586 946.991 392.452 0.000 955.486 0.000 820.631 0.000
553.960 352.677 0.000 509.864 0.000 0.000 738.011 924.339
536.468 0.000 0.000 438.695 0.000 0.000 936.840 433.921
0.000 0.000 893.907 881.907 0.000 0.000 986.308 0.000
0.000 598.619 780.178 0.000 829.090 0.000 0.000 965.937
0.000 0.000 717.493 0.000 0.000 350.476 0.000 0.000
0.000 0.000 0.000 459.332 0.000 0.000 0.000 654.362
915.444 991.637 0.000 837.500 0.000 529.915 715.307 0.000
0.000 796.006 0.000 0.000 369.154 970.722 0.000 841.248
611.080 0.000 678.752 943.851 0.000 0.000 575.178 0.000
0.000 846.898 333.279 0.000 0.000 744.062 0.000 768.488
879.901 697.113 0.000 699.134 743.639 0.000 848.001 936.229
733.658 0.000 0.000 0.000 0.000 430.478 0.000 496.677
564.616 0.000 0.000 480.495 852.818 903.188 550.851 0.000
0.000 0.000 0.000 0.000 698.914 322.954 823.419 986.587
0.000 0.000 421.647 539.483 346.573 0.000 0.000 817.715
0.000 0.000 0.000 314.599 312.856 843.044 844.214 0.000
0.000 429.180 0.000 0.000 0.000 678.232 458.444 0.000
913.517 0.000 0.000 0.000 0.000 0.000 0.000 0.000
0.000 0.000 671.245 493.655 605.791 352.107 925.091 929.168
0.000 0.000 0.000 430.067 618.672 0.000 302.406 0.000
653.751 0.000 0.000 0.000 583.920 607.305 496.062 895.445
0.000 0.000 0.000 0.000 718.409 0.000 492.530 979.520
653.936 0.000 0.000 0.000 410.822 0.000 0.000 875.291
0.000 0.000 386.961 0.000 0.000 0.000 399.838 719.701
0.000 641.202 908.654 742.803 461.504 0.000 0.000 605.550
517.166 335.099 668.449 848.666 700.048 0.000 0.000 460.904
0.000 805.140 933.614 506.080 0.000 447.264 0.000 0.000
357.642 0.000 0.000 0.000 971.705 933.472 792.446 428.667
314.428 669.429 0.000 0.000 814.766 0.000 970.899 0.000
905.492 904.627 0.000 963.904 955.073 653.227 0.000 417.951
364.982 0.000 0.000 697.600 0.000 837.564 0.000 685.977
0.000 358.895 0.000 0.000 997.421 0.000 0.000 889.287
760.622 881.255 771.611 460.097 0.000 0.000 375.804 0.000
0.000 641.854 517.696 0.000 0.000 0.000 0.000 0.000
698.896 861.256 441.785 962.091 0.000 0.000 0.000 928.341
450.464 791.163 767.446 0.000 657.548 0.000 937.288 0.000
653.370 0.000 828.403 0.000 0.000 805.826 0.000 889.042
510.726 0.000 347.064 0.000 0.000 0.000 0.000 0.000
364.228 0.000 0.000 672.437 0.000 599.081 430.877 786.515
359.854 303.618 793.556 0.000 949.691 0.000 911.324 0.000
0.000 786.345 541.091 321.199 426.453 0.000 878.535 0.000
0.000 0.000 0.000 0.000 0.000 0.000 383.127 0.000
0.000 0.000 959.656 0.000 397.614 555.600 363.744 0.000
984.969 498.214 0.000 897.182 346.962 815.801 835.556 0.000
394.047 0.000 817.917 564.667 526.404 0.000 561.389 0.000
0.000 0.000 0.000 386.844 824.814 0.000 0.000 0.000
0.000 0.000 0.000 304.737 330.553 974.805 0.000 634.100
0.000 0.000 728.252 0.000 0.000 921.300 0.000 525.972
366.064 0.000 312.902 985.785 0.000 0.000 0.000 687.815
334.855 0.000 0.000 864.818 978.214 943.217 0.000 0.000
480.258 0.000 944.198 677.293 869.929 0.000 526.713 0.000
875.394 795.888 0.000 0.000 421.706 421.809 0.000 984.521
0.000 0.000 594.344 0.000 0.000 326.930 0.000 0.000
807.722 955.934 0.000 679.539 0.000 0.000 0.000 0.000
513.862 901.049 0.000 921.381 0.000 0.000 976.265 597.339
478.752 0.000 0.000 348.117 0.000 0.000 0.000 0.000
833.205 0.000 878.929 0.000 338.216 0.000 0.000 674.061
0.000 992.194 392.831 0.000 916.341 0.000 552.260 0.000
703.292 927.392 843.042 678.092 479.288 0.000 423.460 0.000
0.000 0.000 437.011 713.842 0.000 507.159 999.886 659.127
348.985 0.000 0.000 0.000 766.781 0.000 0.000 0.000
954.295 803.769 0.000 0.000 697.623 597.210 320.550 925.715
0.000 441.614 0.000 0.000 520.575 511.691 0.000 303.572
794.641 635.446 772.114 364.294 0.000 0.000 307.073 0.000
954.795 0.000 673.036 0.000 0.000 0.000 0.000 0.000
323.417 634.795 0.000 520.596 335.624 0.000 0.000 413.508
957.775 0.000 373.736 884.047 871.579 892.468 0.000 0.000
843.764 0.000 987.346 0.000 508.156 0.000 466.297 830.213
446.049 631.887 0.000 386.666 0.000 0.000 0.000 0.000
0.000 318.238 0.000 0.000 596.547 470.426 0.000 0.000
0.000 503.193 0.000 0.000 742.050 0.000 0.000 0.000
0.000 647.564 0.000 603.953 0.000 0.000 0.000 0.000
723.401 0.000 409.515 0.000 0.000 0.000 772.053 0.000
685.349 0.000 0.000 0.000 0.000 0.000 0.000 0.000
0.000 543.684 0.000 801.695 769.753 0.000 513.891 0.000
608.732 0.000 0.000 503.346 0.000 0.000 0.000 0.000
0.000 928.983 986.095 0.000 0.000 0.000 627.423 0.000
0.000 947.763 556.447 836.171 828.019 0.000 428.128 0.000
0.000 908.741 486.878 626.768 0.000 703.500 0.000 0.000
0.000 955.545 477.632 0.000 0.000 476.482 0.000 0.000
0.000 373.106 0.000 0.000 0.000 302.447 363.397 0.000
990.541 494.942 739.758 0.000 0.000 490.649 542.271 419.860
0.000 693.370 427.178 0.000 311.887 0.000 0.000 474.564
403.147 0.000 0.000 0.000 0.000 311.110 931.480 903.261
0.000 0.000 0.000 307.690 635.591 786.013 0.000 0.000
0.000 574.454 839.956 0.000 491.486 799.858 714.121 518.489
604.807 735.612 887.983 0.000 777.487 496.282 0.000 0.000
0.000 0.000 0.000 440.907 0.000 0.000 303.551 0.000
799.337 613.911 0.000 357.627 732.361 469.113 0.000 0.000
452.484 319.782 960.074 0.000 0.000 0.000 0.000 0.000
534.514 452.632 0.000 0.000 485.618 701.823 0.000 0.000
0.000 659.459 426.833 0.000 958.618 758.147 784.966 0.000
490.631 0.000 0.000 0.000 0.000 585.921 0.000 0.000
0.000 0.000 0.000 0.000 812.188 0.000 326.447 519.296
975.600 0.000 0.000 0.000 601.818 0.000 961.001 887.400
0.000 634.679 655.504 0.000 0.000 0.000 999.964 0.000
0.000 762.098 994.774 743.990 752.809 0.000 499.324 0.000
0.000 0.000 0.000 0.000 528.779 415.002 0.000 881.217
658.020 0.000 0.000 368.017 483.682 646.523 0.000 638.590
0.000 397.792 533.374 0.000 0.000 979.343 0.000 0.000
607.147 566.777 0.000 862.282 703.619 999.942 789.210 0.000
385.625 0.000 0.000 0.000 534.142 963.681 545.094 822.407
773.608 0.000 0.000 0.000 725.703 707.431 0.000 0.000
0.000 402.639 961.434 0.000 0.000 0.000 871.805 0.000
0.000 973.452 0.000 0.000 487.634 585.971 986.082 947.021
359.933 975.434 440.804 924.526 0.000 515.245 783.061 304.371
507.582 0.000 974.043 0.000 0.000 0.000 0.000 448.187
0.000 0.000 997.972 798.089 0.000 0.000 0.000 730.297
0.000 0.000 0.000 0.000 0.000 606.573 0.000 673.086
0.000 0.000 0.000 472.873 0.000 0.000 0.000 691.749
492.063 368.524 664.327 0.000 0.000 0.000 879.045 0.000
792.087 0.000 605.873 901.398 0.000 814.774 468.714 334.971
504.084 562.570 0.000 829.605 0.000 824.506 0.000 0.000
505.693 0.000 0.000 947.330 0.000 0.000 0.000 0.000
853.821 0.000 0.000 324.625 894.985 764.339 620.743 368.658
349.085 0.000 0.000 0.000 510.482 0.000 0.000 368.408
0.000 731.962 0.000 425.511 0.000 920.706 599.297 336.886
578.035 0.000 0.000 978.134 377.251 890.813 324.815 0.000
916.745 0.000 891.450 732.876 306.348 0.000 416.084 873.920
0.000 995.798 527.712 0.000 0.000 817.214 0.000 0.000
0.000 0.000 0.000 0.000 0.000 0.000 0.000 352.096
412.103 796.944 0.000 319.722 509.122 0.000 762.847 0.000
0.000 0.000 0.000 526.158 963.299 0.000 0.000 0.000
0.000 0.000 432.463 0.000 0.000 727.432 992.530 0.000
0.000 0.000 584.977 808.582 715.659 987.784 0.000 0.000
486.720 0.000 867.812 0.000 969.815 474.865 0.000 0.000
0.000 919.346 656.026 0.000 0.000 858.579 0.000 444.685
0.000 0.000 0.000 690.657 0.000 0.000 0.000 366.939
0.000 604.222 0.000 0.000 0.000 0.000 0.000 609.944
780.310 347.736 605.958 750.099 0.000 370.326 868.038 0.000
906.167 0.000 441.885 0.000 0.000 880.281 0.000 0.000
526.799 0.000 0.000 0.000 0.000 0.000 476.921 0.000
0.000 0.000 603.072 510.965 987.678 862.330 687.495 860.220
0.000 723.793 0.000 737.235 324.421 0.000 698.288 731.291
910.835 579.313 600.605 313.662 0.000 0.000 379.676 460.572
595.077 441.254 815.114 0.000 0.000 0.000 937.055 0.000
314.507 338.760 925.610 955.929 617.182 0.000 0.000 431.591
750.329 861.057 0.000 483.789 0.000 377.973 542.900 362.462
0.000 703.119 425.711 558.593 0.000 0.000 610.600 428.082
917.288 549.284 0.000 0.000 0.000 0.000 0.000 913.363
0.000 720.801 0.000 0.000 0.000 499.130 372.435 0.000
884.056 996.880 414.562 637.750 539.769 985.681 0.000 913.624
318.491 0.000 422.239 407.612 899.895 670.339 854.773 0.000
0.000 551.822 0.000 0.000 989.278 363.395 398.838 802.278
0.000 0.000 456.274 552.642 777.018 904.632 821.250 752.512
0.000 0.000 0.000 742.791 466.975 797.830 0.000 0.000
854.507 478.466 0.000 528.566 775.988 704.921 0.000 0.000
446.617 488.097 307.427 0.000 335.230 949.374 0.000 0.000
500.744 401.029 390.755 0.000 0.000 924.082 0.000 696.106
402.831 418.381 0.000 301.971 0.000 0.000 0.000 0.000
659.096 0.000 0.000 0.000 0.000 0.000 886.104 0.000
0.000 0.000 720.424 344.965 765.394 0.000 0.000 0.000
855.320 0.000 882.572 0.000 871.527 527.119 573.960 763.316
592.733 861.208 502.920 993.460 782.933 577.976 597.540 460.589
0.000 0.000 866.622 631.733 786.592 0.000 0.000 0.000
375.045 413.040 956.117 0.000 0.000 394.951 0.000 0.000
0.000 0.000 0.000 899.401 928.067 496.456 674.796 998.413
0.000 489.985 436.432 887.548 632.254 0.000 0.000 432.875
465.977 492.506 308.459 578.658 0.000 466.008 392.994 571.614
494.352 314.387 0.000 0.000 674.401 823.694 0.000 568.708
795.352 0.000 331.471 570.762 0.000 0.000 919.745 982.052
970.447 0.000 0.000 0.000 512.217 0.000 0.000 0.000
609.323 0.000 0.000 943.176 0.000 598.847 994.851 709.628
0.000 537.154 509.666 0.000 0.000 711.029 0.000 0.000
442.418 757.356 0.000 0.000 0.000 346.189 930.155 322.423
0.000 771.459 320.171 0.000 0.000 0.000 794.918 0.000
0.000 0.000 0.000 0.000 795.176 0.000 0.000 675.106
341.340 0.000 0.000 0.000 0.000 0.000 335.264 977.790
0.000 566.988 0.000 902.498 360.339 443.820 0.000 0.000
970.347 726.330 0.000 568.440 594.411 0.000 0.000 863.458
0.000 0.000 0.000 350.451 0.000 0.000 838.503 595.464
983.196 0.000 465.536 752.263 0.000 853.269 712.120 0.000
0.000 671.363 600.326 0.000 0.000 0.000 0.000 831.573
0.000 529.210 0.000 366.988 645.377 512.228 0.000 907.239
0.000 0.000 0.000 0.000 522.186 797.043 919.221 0.000
0.000 404.167 855.254 539.937 995.719 783.766 633.675 903.624
0.000 0.000 0.000 0.000 0.000 0.000 986.037 0.000
905.636 762.745 0.000 0.000 0.000 862.195 0.000 0.000
0.000 0.000 0.000 0.000 398.692 0.000 713.660 676.981
966.324 791.030 839.048 465.383 800.494 0.000 561.037 517.885
0.000 882.137 0.000 0.000 925.026 0.000 0.000 0.000
0.000 985.575 0.000 392.631 0.000 684.377 0.000 0.000
0.000 0.000 0.000 812.752 742.946 0.000 496.063 512.278
0.000 0.000 614.861 507.545 0.000 0.000 851.719 0.000
0.000 640.075 675.705 0.000 970.187 433.900 516.858 857.354
994.329 0.000 0.000 648.328 0.000 0.000 0.000 0.000
0.000 868.724 761.994 0.000 0.000 990.140 0.000 0.000
351.268 0.000 0.000 578.608 0.000 0.000 865.869 775.194
0.000 915.650 877.263 0.000 470.104 0.000 0.000 474.235
0.000 968.554 0.000 0.000 951.367 886.096 0.000 455.455
690.507 809.767 586.473 426.644 472.686 574.543 0.000 822.286
435.947 0.000 0.000 450.207 0.000 0.000 970.873 0.000
995.662 856.745 0.000 0.000 0.000 0.000 928.861 0.000
896.608 562.072 0.000 0.000 0.000 700.594 0.000 872.605
578.578 0.000 316.981 396.643 0.000 0.000 761.868 505.310
979.795 404.315 0.000 583.728 841.184 0.000 0.000 626.120
477.979 0.000 900.746 571.218 305.782 535.792 0.000 0.000
356.108 989.921 0.000 0.000 687.863 579.760 808.585 0.000
706.294 721.625 0.000 466.900 0.000 0.000 765.243 455.997
0.000 0.000 0.000 0.000 559.279 862.911 341.303 0.000
0.000 912.619 0.000 591.040 696.291 0.000 0.000 877.623
954.757 0.000 796.685 0.000 0.000 872.459 0.000 879.136
720.591 999.886 0.000 904.825 726.002 0.000 0.000 0.000
322.253 765.582 580.651 523.438 416.066 816.908 729.308 0.000
873.174 0.000 421.549 985.600 0.000 0.000 923.238 932.676
0.000 703.012 0.000 493.670 407.935 0.000 979.323 0.000
0.000 920.264 0.000 677.267 0.000 0.000 0.000 0.000
988.054 0.000 0.000 0.000 0.000 987.235 698.289 0.000
0.000 431.078 362.711 848.388 746.794 581.610 0.000 511.732
511.607 921.866 397.001 0.000 510.144 0.000 0.000 627.252
730.168 391.076 0.000 0.000 607.512 0.000 974.286 0.000
0.000 982.102 585.406 0.000 0.000 0.000 0.000 0.000
0.000 0.000 0.000 0.000 428.669 363.198 737.634 590.779
0.000 367.187 439.446 693.608 973.956 0.000 742.370 719.616
527.941 464.730 0.000 982.468 316.815 0.000 0.000 0.000
0.000 329.120 0.000 593.267 0.000 0.000 474.973 594.406
0.000 0.000 968.858 0.000 817.523 0.000 900.946 662.848
0.000 0.000 0.000 0.000 539.436 860.825 913.020 874.591
0.000 0.000 710.003 954.836 0.000 577.166 471.757 0.000
578.189 541.154 0.000 0.000 0.000 604.179 756.490 715.131
0.000 341.308 0.000 482.439 931.673 813.643 0.000 0.000
0.000 791.754 0.000 0.000 0.000 673.196 469.808 0.000
0.000 467.089 748.938 627.622 961.826 0.000 642.328 0.000
752.105 0.000 639.815 546.815 0.000 614.212 0.000 0.000
0.000 541.001 0.000 832.275 0.000 0.000 689.580 0.000
0.000 313.489 0.000 726.095 906.117 0.000 597.407 0.000
381.847 492.610 318.246 952.444 619.560 0.000 682.813 0.000
0.000 0.000 635.658 0.000 0.000 0.000 0.000 873.206
0.000 0.000 0.000 0.000 0.000 0.000 0.000 974.913
0.000 0.000 0.000 0.000 586.001 0.000 0.000 0.000
521.091 843.481 0.000 0.000 0.000 936.070 580.134 0.000
0.000 0.000 0.000 965.190 799.530 371.566 0.000 903.475
465.414 0.000 436.549 765.842 526.891 0.000 0.000 355.930
611.690 771.083 855.563 739.437 0.000 0.000 661.727 0.000
374.669 0.000 599.764 712.950 0.000 0.000 727.047 0.000
675.279 858.305 905.945 0.000 802.652 706.295 372.414 611.762
0.000 0.000 594.689 413.354 0.000 0.000 867.590 0.000
498.324 341.685 0.000 382.159 375.657 0.000 729.493 621.859
0.000 0.000 598.760 769.278 374.152 599.922 0.000 309.948
938.143 890.747 533.647 0.000 0.000 905.720 0.000 0.000
0.000 758.694 0.000 706.992 739.477 579.404 516.005 0.000
343.973 587.033 0.000 0.000 538.934 0.000 0.000 0.000
0.000 0.000 895.274 0.000 0.000 803.541 0.000 494.863
875.690 0.000 371.857 0.000 0.000 0.000 361.117 0.000
0.000 0.000 0.000 676.249 380.826 0.000 300.884 0.000
457.802 0.000 713.200 0.000 0.000 420.177 422.264 0.000
756.497 525.977 0.000 0.000 0.000 407.419 975.524 0.000
0.000 0.000 0.000 985.242 0.000 599.153 529.325 0.000
957.023 656.499 0.000 0.000 0.000 347.581 512.215 651.227
0.000 934.792 620.922 0.000 0.000 690.582 0.000 0.000
0.000 612.944 405.928 0.000 439.151 530.653 0.000 815.559
0.000 793.071 0.000 0.000 0.000 648.263 0.000 518.591
800.394 369.759 695.544 413.617 0.000 0.000 874.292 731.269
0.000 468.412 0.000 0.000 440.028 0.000 515.531 323.816
0.000 884.785 527.401 0.000 542.346 0.000 0.000 0.000
0.000 0.000 0.000 904.917 462.687 574.766 0.000 301.385
733.514 506.114 0.000 876.263 489.246 0.000 0.000 0.000
0.000 833.997 833.275 650.688 547.013 672.015 512.712 445.114
0.000 438.645 342.219 517.582 911.022 411.255 741.130 573.298
584.438 0.000 0.000 0.000 593.205 649.483 468.924 0.000
0.000 419.919 0.000 538.811 402.264 618.439 691.928 0.000
491.127 889.730 336.373 0.000 663.523 0.000 0.000 857.288
859.487 781.198 0.000 321.704 0.000 797.851 925.520 0.000
694.849 0.000 787.017 0.000 683.891 0.000 0.000 630.574
0.000 519.387 0.000 0.000 503.092 411.974 0.000 0.000
0.000 407.692 698.838 0.000 461.566 0.000 557.264 894.291
0.000 498.520 0.000 0.000 745.209 342.625 0.000 0.000
896.690 0.000 601.853 741.714 866.101 776.869 361.587 776.115
910.397 824.872 0.000 421.564 0.000 0.000 0.000 901.843
404.125 0.000 341.814 940.546 0.000 0.000 0.000 622.954
786.339 632.702 370.490 0.000 639.929 383.910 0.000 447.719
0.000 345.490 0.000 0.000 0.000 913.396 0.000 541.706
0.000 0.000 0.000 0.000 0.000 415.679 0.000 738.267
0.000 0.000 537.013 0.000 513.247 0.000 492.668 0.000
0.000 0.000 946.400 0.000 884.497 648.291 473.200 987.765
0.000 0.000 0.000 781.029 344.655 0.000 782.353 459.031
300.622 659.207 779.067 0.000 0.000 415.704 0.000 627.926
0.000 901.562 430.321 607.101 867.146 890.215 812.036 0.000
0.000 864.415 368.856 0.000 0.000 0.000 0.000 501.699
0.000 0.000 0.000 390.643 0.000 498.714 0.000 898.973
0.000 658.388 435.023 950.409 418.547 0.000 0.000 0.000
0.000 805.526 0.000 485.754 0.000 0.000 0.000 0.000
563.324 674.692 0.000 444.619 448.248 0.000 0.000 0.000
0.000 604.037 0.000 815.845 981.926 689.214 697.142 359.781
612.874 0.000 0.000 827.174 834.359 0.000 0.000 0.000
588.513 0.000 0.000 0.000 575.398 0.000 0.000 373.256
564.624 869.402 995.281 0.000 0.000 889.656 0.000 0.000
880.496 0.000 479.981 0.000 529.045 0.000 0.000 0.000
974.171 0.000 0.000 383.900 660.976 0.000 388.499 0.000
983.429 449.929 456.975 952.809 497.547 755.981 0.000 665.801
738.934 0.000 0.000 792.719 0.000 0.000 300.273 546.301
885.823 764.989 0.000 0.000 0.000 768.943 855.111 841.354
0.000 849.654 587.303 0.000 769.044 0.000 0.000 0.000
833.342 0.000 0.000 0.000 930.145 0.000 0.000 0.000
314.434 0.000 308.619 418.285 874.987 0.000 975.560 0.000
617.976 0.000 0.000 844.205 380.374 801.804 0.000 540.317
882.127 0.000 487.196 0.000 0.000 0.000 0.000 0.000
0.000 631.033 667.419 0.000 604.088 0.000 637.072 0.000
377.783 0.000 0.000 913.912 0.000 0.000 0.000 0.000
0.000 478.227 972.289 0.000 548.367 398.278 490.950 300.437
475.783 819.971 0.000 0.000 0.000 777.688 812.982 496.638
0.000 637.437 0.000 0.000 0.000 0.000 0.000 0.000
0.000 0.000 340.205 0.000 818.951 595.710 0.000 0.000
535.337 649.058 471.699 0.000 553.553 319.601 867.623 0.000
620.835 0.000 0.000 0.000 0.000 590.845 798.201 954.822
651.114 405.429 876.082 0.000 0.000 799.038 477.533 0.000
798.830 0.000 0.000 552.275 607.707 920.463 678.797 0.000
551.721 715.731 624.770 0.000 344.250 798.607 777.586 0.000
483.176 0.000 0.000 0.000 0.000 870.039 0.000 844.693
435.966 530.969 315.335 0.000 0.000 0.000 0.000 0.000
720.142 0.000 980.827 0.000 0.000 797.004 587.707 0.000
713.334 669.093 383.977 410.951 397.070 344.344 592.048 0.000
632.571 765.521 0.000 955.832 913.370 425.763 840.685 0.000
844.916 731.049 0.000 0.000 0.000 723.799 0.000 0.000
379.747 0.000 0.000 980.472 793.728 0.000 328.022 832.192
572.905 0.000 0.000 891.906 0.000 0.000 562.604 0.000
0.000 0.000 0.000 753.696 0.000 876.830 548.624 877.553
0.000 773.811 775.976 0.000 902.020 605.312 554.966 0.000
927.771 324.367 0.000 0.000 994.762 554.211 672.800 0.000
0.000 642.066 303.710 582.839 535.005 563.403 0.000 0.000
512.517 502.416 406.773 847.279 308.560 373.542 0.000 331.916
806.216 691.322 357.132 0.000 740.360 0.000 0.000 0.000
660.041 0.000 402.001 502.678 648.122 0.000 0.000 0.000
0.000 915.005 0.000 0.000 887.388 616.119 0.000 537.278
0.000 0.000 0.000 0.000 452.006 467.423 0.000 396.796
0.000 0.000 0.000 0.000 396.042 970.141 696.467 492.001
0.000 0.000 629.723 847.923 0.000 0.000 0.000 0.000
586.070 313.330 536.594 0.000 645.507 0.000 0.000 0.000
0.000 0.000 0.000 0.000 656.819 0.000 0.000 0.000
0.000 954.240 623.886 888.741 402.332 0.000 0.000 0.000
0.000 0.000 0.000 327.394 0.000 858.777 700.401 0.000
0.000 0.000 801.149 337.788 0.000 626.646 637.402 538.314
763.086 0.000 319.006 0.000 762.631 885.289 464.902 641.025
580.344 606.041 0.000 991.140 0.000 0.000 853.041 0.000
0.000 442.817 882.335 0.000 528.859 0.000 899.920 0.000
394.354 0.000 359.573 0.000 905.396 0.000 0.000 645.453
317.812 777.302 0.000 0.000 694.277 948.306 0.000 0.000
651.038 519.881 587.844 452.878 0.000 0.000 0.000 460.241
0.000 0.000 0.000 0.000 341.439 970.963 379.811 0.000
0.000 0.000 535.990 0.000 0.000 0.000 0.000 948.872
0.000 0.000 0.000 593.389 688.652 478.570 0.000 878.964
671.885 342.556 935.423 419.252 537.462 0.000 942.256 0.000
0.000 0.000 0.000 0.000 972.652 0.000 0.000 583.751
0.000 388.320 0.000 0.000 460.271 499.213 814.711 624.402
0.000 0.000 0.000 0.000 0.000 835.643 0.000 0.000
685.359 950.016 608.659 0.000 0.000 0.000 0.000 0.000
677.524 408.193 0.000 0.000 0.000 0.000 0.000 0.000
750.153 513.202 932.916 0.000 473.402 628.366 428.011 632.527
901.064 0.000 0.000 0.000 0.000 956.047 0.000 0.000
396.697 414.308 0.000 0.000 972.297 0.000 0.000 524.100
0.000 0.000 0.000 659.584 0.000 0.000 0.000 407.859
0.000 647.840 0.000 0.000 535.086 0.000 0.000 0.000
483.261 0.000 0.000 0.000 839.371 839.106 0.000 742.449
553.482 0.000 0.000 522.180 520.157 0.000 0.000 773.107
0.000 0.000 819.917 0.000 0.000 0.000 0.000 0.000
0.000 0.000 0.000 957.667 890.253 0.000 679.473 0.000
0.000 930.068 0.000 950.603 453.517 775.325 909.791 373.000
522.396 699.345 0.000 0.000 996.364 0.000 0.000 855.704
917.958 0.000 0.000 0.000 0.000 0.000 774.289 662.629
0.000 0.000 0.000 0.000 0.000 743.882 0.000 0.000
0.000 0.000 582.312 997.647 880.059 0.000 440.129 849.758
0.000 0.000 0.000 959.541 0.000 0.000 0.000 985.233
0.000 847.059 706.809 0.000 0.000 947.885 0.000 0.000
605.623 0.000 0.000 387.282 0.000 896.212 319.394 0.000
484.705 0.000 0.000 383.099 0.000 717.410 0.000 714.927
0.000 0.000 505.782 900.727 426.927 0.000 0.000 0.000
605.809 0.000 428.399 357.043 0.000 371.248 588.857 863.946
450.643 965.682 0.000 658.300 0.000 332.984 0.000 0.000
0.000 0.000 301.797 0.000 0.000 0.000 828.632 891.770
0.000 0.000 644.914 0.000 0.000 850.296 0.000 0.000
0.000 0.000 867.779 585.825 0.000 0.000 0.000 0.000
478.049 984.375 513.950 0.000 763.533 829.487 884.842 302.100
686.347 463.693 0.000 0.000 599.950 462.377 0.000 0.000
525.809 0.000 0.000 863.731 0.000 893.931 403.973 0.000
0.000 0.000 0.000 0.000 445.201 0.000 0.000 0.000
0.000 0.000 737.155 0.000 0.000 544.651 401.245 627.710
674.025 0.000 755.890 816.856 0.000 816.897 997.761 896.013
0.000 0.000 379.813 0.000 0.000 0.000 0.000 0.000
656.731 0.000 0.000 0.000 0.000 638.773 0.000 0.000
