0.000 512.122 935.545 883.565 0.000 675.864 0.000 0.000
481.394 473.579 0.000 0.000 0.000 0.000 0.000 0.000
0.000 884.270 417.025 416.466 0.000 0.000 0.000 0.000
0.000 487.460 795.524 0.000 470.584 0.000 0.000 0.000
0.000 614.483 498.290 783.309 0.000 982.701 584.859 543.991
0.000 337.042 966.376 0.000 876.381 846.288 512.376 707.091
0.000 909.874 0.000 0.000 965.066 683.447 0.000 0.000
0.000 0.000 711.534 0.000 0.000 0.000 574.312 606.348
0.000 504.988 370.254 0.000 0.000 441.550 0.000 900.743
0.000 0.000 517.672 0.000 855.772 992.559 975.891 793.920
0.000 0.000 555.532 0.000 0.000 0.000 693.382 0.000
0.000 0.000 831.255 0.000 0.000 470.617 0.000 709.600
518.885 921.341 778.753 0.000 0.000 0.000 0.000 515.160
750.111 845.871 959.468 0.000 435.741 0.000 0.000 908.109
372.140 0.000 482.062 606.220 346.801 926.567 903.697 724.129
934.418 934.630 819.004 837.319 0.000 0.000 0.000 0.000
0.000 519.497 0.000 0.000 871.900 0.000 0.000 579.325
498.998 0.000 859.069 547.136 0.000 0.000 0.000 0.000
0.000 0.000 472.294 689.573 0.000 550.270 747.832 0.000
620.625 0.000 728.127 339.907 0.000 369.656 0.000 602.859
492.298 0.000 0.000 638.312 0.000 929.520 884.453 316.255
887.927 0.000 0.000 0.000 942.796 357.895 900.549 803.292
414.115 471.212 828.738 0.000 926.413 567.045 638.084 0.000
0.000 570.569 0.000 0.000 0.000 527.466 886.870 0.000
0.000 651.675 858.563 0.000 0.000 0.000 0.000 0.000
430.200 473.530 735.904 0.000 428.398 893.559 0.000 820.094
402.148 959.791 0.000 0.000 0.000 550.795 729.907 860.289
658.827 726.883 0.000 0.000 0.000 974.763 0.000 458.806
0.000 983.726 829.903 0.000 854.661 0.000 0.000 941.278
890.656 0.000 721.775 757.770 780.677 0.000 0.000 0.000
0.000 0.000 0.000 0.000 0.000 703.609 0.000 524.664
552.093 0.000 0.000 0.000 894.987 506.401 313.870 0.000
0.000 413.275 524.298 594.429 0.000 0.000 0.000 804.147
377.472 0.000 796.322 0.000 0.000 0.000 0.000 541.769
0.000 368.317 858.767 0.000 468.497 896.297 695.889 687.208
574.120 927.186 640.056 0.000 0.000 0.000 428.216 0.000
733.276 0.000 0.000 915.091 757.780 904.186 0.000 0.000
0.000 378.009 615.397 470.568 880.222 640.288 0.000 816.384
0.000 730.146 684.351 0.000 676.364 0.000 0.000 0.000
372.195 0.000 0.000 0.000 897.984 0.000 476.559 0.000
430.356 325.545 483.590 0.000 0.000 0.000 792.220 574.414
0.000 452.048 0.000 593.446 658.016 694.260 953.854 0.000
0.000 0.000 0.000 442.003 0.000 724.573 455.017 0.000
0.000 923.917 0.000 0.000 0.000 997.766 0.000 0.000
0.000 529.728 772.792 331.469 785.159 0.000 497.995 723.423
0.000 0.000 0.000 881.433 0.000 0.000 951.018 0.000
431.370 660.317 0.000 881.752 0.000 438.695 0.000 879.006
971.555 0.000 920.938 622.767 0.000 965.964 352.396 915.366
852.425 0.000 0.000 0.000 0.000 0.000 821.933 933.511
0.000 448.261 821.749 0.000 0.000 361.893 0.000 716.874
0.000 675.762 0.000 0.000 0.000 0.000 308.743 468.837
0.000 0.000 333.591 0.000 0.000 740.536 965.964 479.967
858.416 0.000 490.339 0.000 0.000 763.705 855.822 521.246
0.000 428.648 843.946 612.262 535.762 680.374 0.000 0.000
642.743 331.707 638.674 675.505 385.858 0.000 0.000 412.166
0.000 858.060 0.000 0.000 0.000 0.000 0.000 306.716
0.000 953.013 425.625 455.566 0.000 937.187 0.000 0.000
496.132 0.000 0.000 0.000 453.457 698.437 872.997 824.675
0.000 972.064 982.340 0.000 804.808 0.000 742.879 0.000
0.000 635.821 0.000 917.271 629.551 0.000 0.000 719.581
943.737 0.000 0.000 0.000 0.000 0.000 650.058 0.000
625.252 0.000 889.962 0.000 0.000 529.969 0.000 0.000
310.046 0.000 0.000 885.157 619.035 892.010 0.000 888.030
0.000 381.361 749.903 844.320 0.000 0.000 926.776 0.000
0.000 795.048 855.807 894.369 570.147 0.000 0.000 358.786
0.000 0.000 669.646 945.281 0.000 514.331 0.000 727.157
451.954 0.000 567.382 0.000 819.278 0.000 470.132 0.000
648.474 0.000 340.540 892.921 0.000 0.000 0.000 0.000
0.000 0.000 590.243 0.000 722.610 942.823 942.892 431.852
893.602 0.000 0.000 0.000 650.115 711.316 523.046 0.000
510.332 891.556 515.598 0.000 558.224 500.541 691.129 0.000
891.323 0.000 889.402 582.564 0.000 592.640 598.025 0.000
845.308 0.000 859.375 675.592 0.000 753.986 0.000 0.000
0.000 444.312 0.000 790.024 480.675 0.000 671.426 496.810
936.969 0.000 0.000 0.000 622.769 405.322 0.000 917.828
785.075 341.602 0.000 492.950 356.642 0.000 966.358 0.000
855.131 886.255 320.656 0.000 628.698 0.000 0.000 447.550
0.000 0.000 744.063 483.098 0.000 0.000 0.000 0.000
682.727 410.800 0.000 0.000 880.356 0.000 495.376 769.726
301.888 0.000 728.147 0.000 634.766 446.722 0.000 338.789
0.000 0.000 0.000 502.504 895.643 0.000 0.000 0.000
721.702 0.000 0.000 0.000 0.000 0.000 0.000 0.000
0.000 367.635 0.000 650.272 808.669 425.234 798.508 826.273
0.000 0.000 775.476 406.121 936.620 0.000 897.235 315.814
779.880 731.449 452.757 0.000 0.000 320.754 0.000 0.000
578.948 366.890 749.100 350.960 618.133 0.000 723.588 338.172
0.000 540.914 814.520 814.243 0.000 325.543 0.000 0.000
996.060 0.000 0.000 847.211 0.000 0.000 0.000 548.500
809.821 0.000 620.316 0.000 879.245 468.635 0.000 781.634
0.000 924.501 0.000 0.000 649.458 519.534 0.000 858.463
407.065 321.608 697.448 904.705 678.242 0.000 0.000 0.000
803.115 0.000 427.231 0.000 0.000 971.003 578.408 674.666
0.000 0.000 421.691 0.000 0.000 0.000 585.640 664.345
0.000 0.000 0.000 0.000 0.000 0.000 0.000 731.676
0.000 0.000 0.000 0.000 0.000 920.433 694.149 0.000
851.824 0.000 0.000 843.279 0.000 0.000 763.997 529.174
0.000 0.000 342.235 689.936 0.000 0.000 876.685 702.298
0.000 424.701 433.523 0.000 792.417 341.621 0.000 890.947
636.591 0.000 0.000 354.886 825.886 0.000 503.124 325.302
751.508 0.000 0.000 0.000 0.000 0.000 0.000 305.962
355.467 0.000 941.203 668.392 587.440 0.000 605.499 880.662
0.000 0.000 0.000 549.878 0.000 0.000 0.000 969.132
861.150 553.740 0.000 396.084 808.793 360.999 0.000 949.922
874.533 779.373 601.887 0.000 521.579 895.504 877.068 0.000
0.000 0.000 763.880 517.671 358.929 444.724 0.000 771.627
0.000 921.096 0.000 834.120 0.000 885.510 674.914 0.000
675.653 0.000 494.323 0.000 0.000 452.586 0.000 0.000
0.000 0.000 808.833 593.556 362.865 0.000 0.000 0.000
0.000 423.741 0.000 0.000 500.037 341.229 0.000 507.301
869.797 0.000 540.457 0.000 0.000 0.000 875.381 608.496
957.580 652.348 0.000 0.000 541.558 0.000 437.524 0.000
0.000 354.528 0.000 0.000 0.000 525.581 429.806 0.000
0.000 999.052 682.170 0.000 837.199 0.000 400.214 831.786
0.000 646.285 0.000 0.000 0.000 316.138 995.881 0.000
0.000 681.897 439.396 0.000 939.022 0.000 502.801 798.784
0.000 357.453 305.048 945.049 0.000 749.640 357.968 0.000
0.000 0.000 0.000 689.833 553.058 513.582 0.000 567.594
884.435 0.000 0.000 0.000 822.184 0.000 0.000 0.000
460.880 576.459 0.000 0.000 962.205 880.728 0.000 746.326
675.529 0.000 0.000 742.605 0.000 396.206 544.736 736.895
855.740 360.176 0.000 0.000 0.000 521.288 803.469 355.821
0.000 603.928 0.000 0.000 642.309 850.350 0.000 0.000
0.000 848.087 0.000 0.000 429.818 982.158 0.000 928.615
359.618 0.000 633.997 719.265 0.000 0.000 0.000 711.184
898.190 0.000 0.000 0.000 717.472 0.000 0.000 736.974
0.000 0.000 577.146 735.814 0.000 725.540 380.003 0.000
0.000 353.213 0.000 0.000 484.110 0.000 0.000 555.637
400.086 315.779 637.759 793.043 729.042 0.000 0.000 0.000
0.000 0.000 0.000 694.209 447.197 816.052 0.000 438.392
875.237 0.000 311.302 788.224 666.652 0.000 419.779 0.000
0.000 0.000 836.921 438.970 0.000 980.883 0.000 0.000
0.000 427.455 0.000 665.362 0.000 0.000 965.688 909.427
0.000 0.000 0.000 0.000 0.000 0.000 401.462 918.388
0.000 577.674 0.000 418.417 380.450 875.698 0.000 0.000
0.000 325.077 0.000 682.363 0.000 404.608 899.929 0.000
635.588 0.000 709.768 0.000 762.619 0.000 0.000 0.000
0.000 0.000 512.122 0.000 715.637 0.000 525.849 536.621
888.179 699.787 786.684 420.106 0.000 0.000 0.000 0.000
0.000 0.000 385.913 523.386 648.003 0.000 889.829 0.000
926.794 0.000 0.000 0.000 0.000 521.274 565.164 757.679
0.000 724.360 0.000 851.065 885.151 0.000 589.323 634.537
455.209 0.000 0.000 0.000 0.000 392.930 363.497 532.787
332.490 0.000 947.050 0.000 969.285 0.000 0.000 935.407
0.000 562.678 0.000 561.439 686.106 564.262 0.000 0.000
0.000 583.118 0.000 0.000 674.411 611.148 0.000 0.000
640.162 963.983 0.000 870.789 419.891 0.000 0.000 0.000
0.000 0.000 0.000 0.000 0.000 488.066 0.000 862.533
700.314 0.000 956.266 0.000 0.000 490.492 806.918 0.000
0.000 0.000 702.237 427.716 0.000 442.961 899.867 0.000
651.389 0.000 407.890 457.644 332.129 0.000 0.000 0.000
512.038 0.000 968.548 0.000 0.000 781.620 0.000 692.054
0.000 346.857 956.839 574.887 362.149 368.780 0.000 0.000
0.000 484.941 427.104 874.697 588.615 0.000 376.005 0.000
829.304 500.321 0.000 0.000 0.000 0.000 391.541 0.000
359.351 0.000 489.476 355.271 0.000 0.000 0.000 0.000
625.668 633.688 0.000 0.000 0.000 761.904 0.000 458.396
603.265 0.000 0.000 0.000 0.000 0.000 0.000 712.826
778.317 0.000 0.000 380.896 465.796 0.000 746.208 0.000
0.000 0.000 0.000 0.000 0.000 0.000 592.449 0.000
870.369 384.550 0.000 712.639 0.000 0.000 912.790 0.000
844.107 0.000 652.652 821.842 582.061 0.000 964.082 470.833
0.000 950.026 927.102 0.000 0.000 0.000 802.987 0.000
0.000 722.981 0.000 665.608 465.876 886.680 0.000 300.904
350.588 535.263 0.000 0.000 830.206 660.446 0.000 679.053
0.000 0.000 509.333 0.000 0.000 0.000 0.000 0.000
0.000 0.000 724.002 0.000 925.408 981.809 0.000 750.625
374.703 937.524 476.844 824.587 982.558 0.000 0.000 0.000
0.000 0.000 573.365 844.226 0.000 0.000 535.837 808.782
531.840 381.734 0.000 0.000 985.535 477.155 0.000 867.627
447.729 543.682 639.304 935.501 0.000 0.000 863.703 545.707
761.860 0.000 370.791 0.000 0.000 497.480 962.804 0.000
872.775 745.279 0.000 460.174 0.000 0.000 912.072 466.079
910.114 0.000 0.000 426.661 0.000 759.129 0.000 944.724
735.887 0.000 659.057 673.812 0.000 375.721 0.000 539.512
642.183 0.000 0.000 946.057 0.000 0.000 584.045 663.876
670.487 0.000 476.933 0.000 0.000 877.986 418.134 515.773
0.000 607.384 875.850 719.243 0.000 0.000 980.046 0.000
0.000 0.000 737.980 349.444 0.000 0.000 0.000 790.959
0.000 0.000 0.000 702.336 0.000 612.151 880.733 675.420
0.000 0.000 0.000 0.000 906.705 402.121 507.856 0.000
0.000 0.000 670.366 992.122 794.686 0.000 0.000 0.000
727.364 710.568 362.224 905.384 825.600 705.371 455.683 971.173
487.302 0.000 0.000 496.707 0.000 0.000 0.000 0.000
623.386 0.000 860.023 669.685 629.645 0.000 0.000 0.000
0.000 0.000 730.337 490.538 402.429 694.273 577.998 829.762
336.003 604.421 0.000 0.000 610.119 0.000 530.429 816.883
526.501 556.975 987.555 0.000 999.975 0.000 654.808 650.169
0.000 0.000 446.512 0.000 0.000 0.000 0.000 0.000
304.170 349.393 371.599 595.130 0.000 0.000 597.644 360.722
0.000 738.650 0.000 0.000 0.000 0.000 492.119 0.000
0.000 0.000 905.345 352.361 623.286 512.597 765.007 0.000
0.000 0.000 0.000 0.000 0.000 384.596 987.591 0.000
666.269 0.000 347.727 0.000 0.000 0.000 0.000 0.000
0.000 0.000 867.804 607.643 0.000 0.000 0.000 869.407
570.739 0.000 937.430 672.549 0.000 0.000 568.859 820.484
0.000 0.000 0.000 0.000 0.000 595.505 0.000 429.237
0.000 478.839 832.722 0.000 521.823 535.174 548.163 498.795
0.000 0.000 333.176 348.975 525.572 678.959 0.000 605.406
335.730 0.000 0.000 0.000 969.044 668.583 934.479 906.591
904.666 0.000 0.000 0.000 0.000 675.175 963.402 0.000
0.000 0.000 797.128 0.000 0.000 0.000 0.000 0.000
0.000 0.000 0.000 905.904 522.143 323.039 366.906 0.000
0.000 0.000 0.000 524.830 0.000 0.000 0.000 714.668
0.000 649.350 0.000 326.514 0.000 0.000 0.000 0.000
424.988 866.642 617.820 722.518 612.116 0.000 0.000 0.000
0.000 692.156 355.743 529.506 347.794 0.000 0.000 0.000
0.000 967.597 518.754 0.000 0.000 0.000 0.000 0.000
0.000 0.000 397.206 0.000 0.000 0.000 438.289 754.441
555.844 0.000 641.761 0.000 0.000 0.000 353.482 340.544
514.082 686.471 545.538 0.000 324.845 753.165 0.000 341.869
0.000 530.329 0.000 312.931 0.000 0.000 473.487 308.065
0.000 0.000 0.000 0.000 0.000 0.000 383.022 0.000
592.416 687.229 0.000 0.000 660.488 0.000 332.242 994.763
918.963 773.006 0.000 631.792 0.000 0.000 624.590 514.492
0.000 0.000 656.325 701.839 669.872 0.000 0.000 0.000
0.000 411.124 0.000 0.000 0.000 0.000 351.047 0.000
615.465 807.686 399.728 0.000 357.478 512.294 706.931 366.696
0.000 0.000 0.000 701.270 0.000 0.000 801.510 0.000
357.814 0.000 867.021 923.735 0.000 0.000 0.000 0.000
0.000 0.000 0.000 639.090 0.000 372.632 0.000 0.000
414.599 0.000 378.900 0.000 0.000 0.000 0.000 940.715
0.000 0.000 0.000 0.000 712.527 877.820 0.000 690.433
856.572 579.948 313.105 0.000 316.375 0.000 504.466 0.000
734.106 739.731 653.814 524.270 883.532 987.110 648.425 0.000
512.395 0.000 0.000 0.000 997.483 947.357 0.000 575.813
0.000 0.000 0.000 0.000 0.000 996.186 0.000 0.000
0.000 871.410 789.368 758.619 673.248 770.025 0.000 880.780
0.000 748.608 396.998 774.155 0.000 0.000 0.000 0.000
606.972 559.281 0.000 0.000 0.000 0.000 0.000 0.000
762.819 955.468 329.244 710.565 728.565 0.000 924.582 974.388
743.859 0.000 0.000 534.027 0.000 768.659 0.000 0.000
806.686 0.000 577.609 0.000 0.000 0.000 648.347 0.000
481.452 797.896 928.942 967.488 0.000 0.000 0.000 406.158
942.836 0.000 999.334 0.000 770.990 0.000 0.000 756.370
611.404 0.000 0.000 0.000 546.631 888.797 590.752 610.235
996.727 0.000 865.815 0.000 0.000 764.954 456.265 698.334
922.545 0.000 749.216 626.057 0.000 786.985 0.000 315.932
705.360 616.229 0.000 543.582 0.000 0.000 969.974 0.000
547.763 0.000 546.989 709.717 679.285 536.759 695.486 327.539
0.000 692.098 0.000 887.164 0.000 645.525 894.196 753.689
900.379 0.000 898.187 639.905 0.000 788.771 0.000 0.000
0.000 0.000 579.776 0.000 0.000 0.000 649.225 0.000
0.000 0.000 0.000 0.000 0.000 0.000 0.000 586.135
0.000 555.610 0.000 988.903 531.464 607.210 471.639 639.314
0.000 0.000 636.942 326.852 0.000 412.228 0.000 664.833
713.189 337.873 0.000 0.000 0.000 498.973 0.000 0.000
803.226 0.000 304.399 429.323 0.000 0.000 919.168 0.000
0.000 694.831 0.000 616.439 708.142 0.000 0.000 0.000
0.000 0.000 0.000 934.998 892.711 0.000 0.000 589.495
0.000 0.000 990.846 0.000 797.260 0.000 0.000 0.000
0.000 0.000 467.679 401.106 406.614 0.000 614.402 811.695
0.000 0.000 461.211 0.000 451.743 945.644 768.454 326.425
303.219 0.000 0.000 884.056 818.823 516.532 0.000 0.000
433.147 0.000 856.945 0.000 0.000 0.000 436.821 650.698
0.000 732.074 0.000 0.000 0.000 855.051 0.000 0.000
0.000 0.000 0.000 0.000 0.000 777.404 0.000 908.904
672.822 486.673 488.249 621.237 0.000 0.000 936.952 538.326
519.432 0.000 0.000 886.157 0.000 330.732 0.000 0.000
544.531 431.610 933.679 0.000 719.701 418.861 476.651 448.221
0.000 383.892 920.254 776.281 576.751 0.000 798.592 721.019
785.510 418.627 0.000 0.000 0.000 0.000 662.376 510.327
392.980 854.884 0.000 0.000 0.000 0.000 409.736 797.305
323.789 0.000 0.000 568.827 0.000 389.620 373.719 373.429
316.220 0.000 418.926 0.000 0.000 0.000 512.342 705.043
821.044 0.000 579.991 0.000 0.000 0.000 880.650 0.000
961.113 431.409 937.012 632.501 0.000 674.817 655.636 354.931
817.056 393.751 311.587 874.406 0.000 0.000 0.000 919.042
0.000 0.000 0.000 476.038 0.000 0.000 609.944 0.000
445.487 717.396 0.000 0.000 926.288 0.000 0.000 0.000
0.000 803.112 0.000 902.662 738.145 883.851 0.000 0.000
0.000 0.000 0.000 0.000 0.000 437.122 0.000 775.709
384.650 551.882 424.751 0.000 411.411 0.000 517.675 822.748
705.819 0.000 974.821 524.761 608.751 334.558 0.000 0.000
785.907 0.000 0.000 517.673 322.270 773.143 0.000 0.000
0.000 0.000 536.862 0.000 0.000 669.016 0.000 0.000
500.792 0.000 0.000 847.450 388.261 865.487 628.315 421.636
476.892 975.424 996.536 0.000 831.985 0.000 311.645 0.000
0.000 638.739 833.189 0.000 0.000 730.299 751.170 977.762
866.125 0.000 0.000 0.000 0.000 0.000 0.000 495.104
787.482 0.000 0.000 0.000 689.789 0.000 750.228 880.895
0.000 979.678 732.057 660.293 0.000 0.000 0.000 646.212
0.000 0.000 0.000 734.170 797.316 380.096 361.964 354.335
0.000 0.000 741.012 0.000 0.000 0.000 0.000 307.079
0.000 836.193 0.000 753.338 458.617 572.929 769.699 0.000
729.716 0.000 586.685 0.000 652.692 0.000 774.348 968.663
0.000 595.317 796.951 0.000 682.912 0.000 360.875 318.002
0.000 729.240 0.000 364.676 0.000 0.000 329.709 747.075
0.000 699.884 370.319 0.000 0.000 0.000 0.000 451.363
0.000 0.000 359.151 0.000 974.131 495.076 861.269 0.000
336.388 0.000 658.221 0.000 690.685 998.797 689.740 0.000
0.000 943.280 650.148 855.302 0.000 0.000 0.000 545.637
0.000 484.008 659.424 337.998 0.000 339.475 0.000 853.583
774.399 753.430 0.000 725.574 0.000 789.482 0.000 472.036
0.000 0.000 0.000 900.415 633.756 0.000 905.970 320.654
0.000 0.000 0.000 0.000 0.000 579.439 393.646 0.000
0.000 837.064 612.417 980.993 953.915 762.722 510.764 0.000
925.376 0.000 0.000 421.797 464.266 0.000 911.426 0.000
995.504 558.221 674.177 364.330 0.000 783.486 694.479 0.000
611.070 0.000 0.000 0.000 0.000 442.554 745.061 0.000
681.206 446.576 476.292 761.972 675.184 0.000 991.181 882.774
922.090 382.567 0.000 563.867 928.690 0.000 897.761 655.913
0.000 0.000 0.000 631.910 509.913 0.000 946.336 0.000
625.525 361.820 837.100 659.056 0.000 760.082 678.570 0.000
0.000 989.906 0.000 0.000 687.242 0.000 0.000 0.000
318.448 0.000 0.000 786.316 0.000 0.000 839.220 0.000
446.828 0.000 0.000 415.965 0.000 0.000 309.041 670.186
0.000 0.000 711.661 914.259 891.012 945.509 950.043 0.000
0.000 686.359 867.087 501.955 0.000 664.429 0.000 502.299
979.951 0.000 994.201 770.800 0.000 654.764 0.000 655.221
0.000 0.000 548.869 390.159 664.184 0.000 460.429 0.000
814.329 0.000 563.246 482.855 0.000 0.000 500.359 763.987
0.000 0.000 562.093 384.481 0.000 529.502 837.480 0.000
935.355 0.000 890.268 898.222 449.462 638.726 0.000 331.053
0.000 538.312 560.276 0.000 866.004 750.638 506.553 0.000
683.039 0.000 937.777 0.000 817.251 0.000 888.323 0.000
0.000 0.000 0.000 0.000 0.000 588.525 952.232 885.257
638.541 851.409 639.874 780.389 547.614 660.742 528.529 713.963
0.000 0.000 671.182 301.200 524.801 849.817 0.000 0.000
489.211 0.000 0.000 0.000 868.248 649.783 0.000 0.000
0.000 0.000 717.915 337.878 431.202 729.223 0.000 428.096
822.787 838.142 0.000 0.000 0.000 893.761 486.306 0.000
841.175 369.429 0.000 0.000 481.884 850.975 0.000 610.093
0.000 525.819 954.732 0.000 398.853 904.887 0.000 0.000
548.989 830.808 523.532 691.326 0.000 0.000 0.000 334.511
763.485 684.779 0.000 0.000 0.000 0.000 531.756 982.929
918.501 459.763 718.832 0.000 0.000 304.282 0.000 617.341
492.805 607.617 364.229 0.000 0.000 579.028 389.910 0.000
0.000 0.000 471.866 638.021 0.000 0.000 0.000 0.000
0.000 751.666 0.000 0.000 0.000 0.000 0.000 0.000
957.109 0.000 899.098 467.180 0.000 0.000 0.000 0.000
0.000 0.000 594.425 0.000 333.585 407.857 0.000 0.000
532.814 0.000 874.002 918.278 0.000 0.000 821.373 0.000
0.000 0.000 0.000 576.103 0.000 0.000 787.848 824.466
628.513 465.612 798.734 995.495 0.000 0.000 0.000 472.255
0.000 389.252 932.866 0.000 0.000 445.534 0.000 986.046
0.000 325.919 0.000 670.055 537.056 0.000 843.078 316.480
607.530 361.432 784.920 0.000 0.000 822.639 0.000 0.000
0.000 0.000 0.000 502.045 0.000 692.370 558.193 879.977
408.781 838.049 808.201 707.452 0.000 0.000 338.788 0.000
622.530 900.887 0.000 0.000 0.000 860.256 0.000 530.358
545.994 366.021 0.000 553.862 0.000 0.000 743.178 0.000
396.376 699.452 466.690 891.844 0.000 525.816 341.322 461.411
0.000 0.000 433.692 0.000 961.135 0.000 792.115 0.000
941.387 0.000 304.498 632.588 671.505 569.080 867.277 0.000
357.093 0.000 727.575 0.000 0.000 0.000 0.000 567.227
0.000 0.000 0.000 0.000 442.706 0.000 0.000 0.000
0.000 563.462 501.976 985.985 0.000 839.676 0.000 0.000
0.000 0.000 551.189 0.000 0.000 780.160 0.000 0.000
0.000 0.000 0.000 893.411 0.000 0.000 660.040 0.000
0.000 674.016 672.915 0.000 0.000 301.768 0.000 801.227
0.000 496.653 888.742 0.000 622.839 0.000 0.000 461.707
867.484 791.375 898.665 882.376 0.000 383.203 748.888 0.000
0.000 0.000 0.000 0.000 416.451 0.000 625.739 0.000
0.000 489.948 0.000 683.368 0.000 625.051 0.000 0.000
0.000 0.000 0.000 0.000 475.184 0.000 599.464 0.000
841.314 406.687 938.096 0.000 656.483 0.000 0.000 391.484
0.000 893.582 683.689 556.219 0.000 563.462 0.000 687.812
0.000 485.956 0.000 369.823 0.000 783.900 646.736 0.000
512.246 0.000 480.744 818.586 0.000 0.000 0.000 0.000
0.000 0.000 0.000 0.000 0.000 844.500 545.527 638.795
0.000 978.684 732.402 0.000 528.624 706.581 0.000 664.639
741.685 716.383 0.000 0.000 584.004 0.000 887.448 0.000
0.000 616.584 697.753 314.309 431.934 0.000 0.000 750.005
340.523 0.000 593.043 0.000 0.000 0.000 845.027 938.323
315.644 0.000 0.000 541.825 0.000 837.885 665.529 0.000
848.669 0.000 945.237 0.000 0.000 730.919 747.542 0.000
522.366 0.000 957.040 0.000 544.606 0.000 422.559 594.005
328.728 0.000 0.000 519.654 0.000 0.000 793.947 0.000
371.377 0.000 0.000 963.972 0.000 0.000 0.000 0.000
568.552 0.000 0.000 0.000 0.000 459.546 0.000 0.000
335.513 865.015 0.000 0.000 541.993 555.499 0.000 0.000
0.000 0.000 669.562 938.506 0.000 0.000 347.851 814.336
629.334 0.000 709.346 0.000 0.000 382.472 0.000 0.000
0.000 0.000 414.029 690.453 0.000 866.224 548.056 0.000
0.000 0.000 0.000 0.000 795.111 0.000 903.121 947.179
0.000 0.000 390.919 735.404 0.000 0.000 0.000 720.731
0.000 566.500 0.000 0.000 0.000 0.000 0.000 0.000
755.566 0.000 0.000 0.000 0.000 0.000 383.102 887.387
736.069 467.472 0.000 0.000 0.000 510.453 952.621 718.573
895.637 743.451 0.000 0.000 0.000 0.000 0.000 0.000
0.000 0.000 0.000 0.000 0.000 0.000 858.536 0.000
895.652 728.027 0.000 761.484 0.000 876.486 0.000 845.084
0.000 0.000 794.726 564.913 0.000 995.506 0.000 454.708
0.000 0.000 689.733 471.515 0.000 0.000 944.305 0.000
991.364 871.740 0.000 881.500 0.000 784.598 529.284 0.000
308.781 0.000 0.000 0.000 914.920 0.000 0.000 981.874
457.117 448.460 763.615 0.000 655.724 640.538 0.000 0.000
439.242 798.064 615.042 0.000 616.871 0.000 524.372 0.000
0.000 0.000 0.000 607.843 743.075 937.475 552.889 0.000
0.000 935.549 648.712 0.000 0.000 326.287 0.000 0.000
580.011 0.000 819.796 0.000 425.544 726.088 516.087 424.713
0.000 0.000 793.705 0.000 0.000 482.755 691.698 314.367
0.000 0.000 0.000 0.000 528.599 882.489 0.000 944.254
483.767 0.000 759.214 0.000 645.014 0.000 819.029 704.083
344.216 971.517 0.000 398.029 587.201 0.000 353.558 742.018
0.000 449.144 913.763 618.546 0.000 463.137 0.000 0.000
898.125 0.000 909.169 0.000 0.000 0.000 0.000 0.000
0.000 429.513 735.452 0.000 851.798 0.000 584.315 469.413
378.815 993.741 434.142 338.645 483.802 965.111 0.000 350.563
0.000 0.000 620.209 0.000 0.000 0.000 522.876 0.000
624.797 948.727 355.223 0.000 507.035 433.932 0.000 338.887
0.000 570.771 813.058 0.000 904.402 869.552 463.087 0.000
324.474 0.000 610.620 0.000 0.000 349.820 491.193 621.376
0.000 873.943 978.079 702.872 0.000 582.677 0.000 0.000
834.555 482.887 0.000 774.611 932.416 803.810 0.000 0.000
0.000 0.000 740.270 0.000 0.000 536.218 0.000 641.187
762.503 0.000 0.000 608.138 0.000 525.135 959.864 374.200
365.379 0.000 0.000 0.000 0.000 0.000 0.000 0.000
0.000 424.669 760.377 0.000 0.000 442.237 0.000 0.000
859.153 659.128 375.638 459.093 437.551 0.000 718.607 701.738
0.000 0.000 769.850 506.516 919.485 861.398 519.352 0.000
0.000 713.816 340.097 0.000 0.000 375.077 723.607 0.000
0.000 0.000 0.000 0.000 0.000 0.000 0.000 322.608
0.000 0.000 0.000 0.000 0.000 425.988 499.282 938.922
312.883 0.000 0.000 0.000 0.000 0.000 754.746 0.000
845.085 0.000 0.000 0.000 533.554 533.099 0.000 0.000
0.000 0.000 864.084 0.000 0.000 0.000 373.384 0.000
0.000 0.000 0.000 0.000 0.000 385.751 344.070 324.330
846.551 383.709 0.000 911.747 0.000 0.000 635.885 448.815
0.000 500.932 0.000 364.266 599.905 0.000 637.827 814.938
746.508 0.000 809.177 345.429 707.597 610.614 948.029 861.140
0.000 380.013 364.521 671.148 491.825 0.000 608.257 806.704
885.692 0.000 0.000 923.948 0.000 0.000 0.000 710.158
859.983 0.000 867.550 0.000 338.315 0.000 0.000 895.462
0.000 938.943 482.064 591.974 568.413 473.370 670.387 0.000
684.884 957.074 0.000 0.000 0.000 986.467 854.389 0.000
328.986 0.000 842.434 734.705 0.000 999.897 622.650 757.006
0.000 316.091 0.000 0.000 629.427 448.719 0.000 0.000
517.122 0.000 416.106 0.000 847.500 891.729 0.000 757.394
590.465 0.000 989.390 0.000 0.000 0.000 0.000 0.000
423.956 0.000 800.744 881.276 900.907 682.716 0.000 347.678
0.000 0.000 0.000 336.583 0.000 0.000 0.000 400.312
564.926 0.000 548.570 0.000 0.000 791.392 775.385 742.035
0.000 0.000 0.000 0.000 344.806 0.000 889.347 0.000
0.000 415.060 881.332 0.000 0.000 805.265 652.325 0.000
0.000 0.000 0.000 394.609 817.760 314.087 0.000 552.482
638.558 351.838 0.000 0.000 0.000 698.061 0.000 0.000
0.000 0.000 494.510 409.289 974.557 0.000 0.000 447.067
0.000 0.000 0.000 604.451 0.000 989.786 644.263 0.000
531.702 373.811 0.000 0.000 0.000 782.149 0.000 884.387
0.000 0.000 923.341 434.479 0.000 467.043 0.000 999.952
0.000 812.657 356.590 920.595 0.000 0.000 0.000 0.000
953.804 698.396 0.000 0.000 814.352 724.255 662.282 0.000
394.868 0.000 0.000 0.000 628.283 464.456 943.066 0.000
0.000 0.000 302.664 0.000 593.814 877.015 909.847 724.616
0.000 0.000 0.000 932.063 371.836 0.000 0.000 981.972
318.718 0.000 0.000 0.000 803.215 0.000 0.000 564.961
959.473 579.151 469.681 993.572 452.701 656.781 561.198 0.000
0.000 313.938 849.612 0.000 732.398 610.778 300.107 0.000
0.000 486.316 352.180 885.315 0.000 633.068 0.000 671.465
0.000 0.000 0.000 0.000 0.000 0.000 0.000 303.036
310.907 0.000 425.704 945.697 909.799 602.189 0.000 0.000
0.000 0.000 0.000 0.000 0.000 0.000 0.000 593.606
0.000 972.784 768.496 0.000 0.000 595.185 0.000 983.931
0.000 0.000 462.483 0.000 829.069 525.664 558.406 975.041
0.000 689.360 697.982 0.000 0.000 0.000 902.169 0.000
0.000 360.431 0.000 0.000 0.000 0.000 0.000 398.240
0.000 529.458 0.000 935.800 786.113 0.000 0.000 824.015
680.287 0.000 0.000 562.229 0.000 0.000 517.549 491.285
0.000 0.000 0.000 559.207 573.841 851.274 0.000 0.000
0.000 876.638 0.000 0.000 991.192 379.863 0.000 785.223
0.000 778.138 348.792 923.506 0.000 848.882 348.960 394.515
0.000 0.000 355.769 676.679 0.000 0.000 690.846 464.219
0.000 799.463 949.346 483.570 834.162 0.000 859.381 0.000
0.000 456.987 627.867 0.000 0.000 573.521 561.884 0.000
941.500 0.000 0.000 714.608 0.000 0.000 0.000 0.000
0.000 924.594 380.002 0.000 0.000 0.000 366.137 0.000
906.884 0.000 0.000 687.230 340.863 0.000 300.796 786.571
882.044 0.000 0.000 0.000 496.957 0.000 0.000 0.000
0.000 0.000 0.000 929.038 0.000 0.000 439.018 450.838
0.000 691.144 956.776 0.000 0.000 710.588 0.000 400.979
766.926 0.000 929.045 509.701 0.000 0.000 687.787 722.243
552.167 435.563 0.000 0.000 557.749 0.000 0.000 459.309
412.178 553.270 670.882 0.000 0.000 0.000 358.877 919.198
759.339 0.000 0.000 0.000 745.126 956.498 409.445 0.000
802.098 0.000 0.000 582.813 431.905 404.323 0.000 362.872
0.000 591.098 0.000 0.000 0.000 0.000 0.000 499.103
0.000 0.000 0.000 492.272 731.296 0.000 577.970 0.000
0.000 595.258 716.769 0.000 688.493 925.509 0.000 427.158
0.000 0.000 0.000 397.323 561.980 0.000 0.000 0.000
0.000 0.000 0.000 961.526 0.000 0.000 0.000 0.000
0.000 700.445 854.768 0.000 0.000 0.000 565.150 0.000
689.979 457.721 0.000 322.909 0.000 0.000 305.012 836.213
0.000 654.559 804.318 376.605 858.175 0.000 0.000 985.796
0.000 0.000 644.657 0.000 0.000 0.000 0.000 0.000
995.681 0.000 680.461 0.000 0.000 405.025 0.000 0.000
931.746 773.066 0.000 940.503 0.000 0.000 348.473 391.473
804.469 0.000 0.000 671.804 955.635 339.762 363.892 0.000
0.000 549.075 769.885 0.000 0.000 0.000 0.000 0.000
0.000 0.000 629.346 399.569 661.376 0.000 456.285 864.246
0.000 720.956 0.000 887.004 846.653 860.900 0.000 581.343
0.000 0.000 773.202 0.000 819.971 760.243 0.000 0.000
724.223 720.879 0.000 521.179 391.335 675.637 621.079 602.028
986.481 0.000 0.000 0.000 0.000 0.000 695.242 989.590
552.940 0.000 0.000 0.000 0.000 0.000 450.802 624.883
463.659 0.000 0.000 585.005 562.551 706.486 0.000 511.762
340.320 0.000 763.220 0.000 0.000 871.897 0.000 436.636
0.000 908.311 0.000 0.000 413.236 441.574 415.651 385.941
778.945 456.764 405.631 0.000 0.000 901.522 550.059 814.894
661.764 679.422 0.000 555.723 0.000 0.000 0.000 805.008
