0.000 0.000 0.000 0.000 626.846 0.000 922.945 441.736
544.239 427.457 0.000 390.980 0.000 477.503 0.000 422.582
0.000 0.000 0.000 819.338 0.000 872.488 433.643 0.000
770.047 650.415 326.568 688.541 0.000 567.888 996.657 597.388
0.000 718.502 0.000 696.907 722.976 470.647 0.000 0.000
0.000 0.000 0.000 421.265 858.782 357.503 774.160 0.000
913.319 738.630 375.664 0.000 0.000 0.000 0.000 820.806
0.000 0.000 0.000 952.532 0.000 0.000 0.000 921.023
731.602 0.000 673.507 844.896 0.000 927.873 0.000 590.445
0.000 0.000 445.110 0.000 0.000 0.000 929.682 0.000
0.000 0.000 928.788 0.000 749.858 683.714 568.408 669.537
0.000 0.000 0.000 470.884 0.000 0.000 0.000 0.000
0.000 764.583 0.000 0.000 0.000 688.443 499.331 780.078
0.000 0.000 872.236 0.000 0.000 0.000 801.614 0.000
0.000 0.000 812.154 527.149 823.116 0.000 359.075 508.301
321.236 688.562 960.353 927.097 831.553 0.000 933.361 422.476
952.898 0.000 764.795 0.000 0.000 0.000 0.000 0.000
824.480 997.745 317.161 0.000 0.000 843.107 0.000 946.399
423.231 694.189 0.000 764.787 802.118 917.914 469.027 0.000
0.000 0.000 0.000 924.557 653.684 0.000 695.060 540.123
304.601 766.278 0.000 522.200 0.000 0.000 0.000 0.000
460.372 409.257 354.506 0.000 0.000 944.827 648.964 547.583
369.966 0.000 0.000 0.000 665.893 756.140 0.000 0.000
0.000 0.000 939.339 588.213 0.000 827.388 0.000 699.280
660.297 0.000 926.535 0.000 697.130 466.012 592.588 443.136
721.395 450.847 521.568 631.424 747.886 903.746 860.607 0.000
0.000 389.731 0.000 0.000 426.493 914.879 0.000 706.514
0.000 886.737 0.000 673.504 800.637 889.880 348.327 0.000
0.000 520.718 0.000 0.000 0.000 0.000 0.000 0.000
0.000 883.343 0.000 0.000 989.578 0.000 656.671 580.230
0.000 0.000 827.670 0.000 785.160 0.000 307.863 0.000
0.000 0.000 803.750 0.000 352.974 605.930 0.000 374.353
0.000 0.000 0.000 0.000 0.000 0.000 697.419 0.000
0.000 378.984 0.000 0.000 382.516 0.000 737.515 463.076
0.000 334.349 0.000 853.184 0.000 880.726 0.000 0.000
355.483 0.000 0.000 948.570 927.677 0.000 0.000 0.000
367.138 943.992 838.504 0.000 519.118 442.472 398.885 0.000
0.000 0.000 0.000 460.789 0.000 618.234 545.656 702.839
708.597 305.727 0.000 0.000 0.000 0.000 312.818 778.091
0.000 562.570 0.000 0.000 778.002 0.000 0.000 0.000
0.000 491.486 354.843 428.933 433.410 479.608 356.582 0.000
941.463 562.076 724.594 768.755 0.000 0.000 336.150 0.000
796.821 786.904 0.000 357.345 922.949 0.000 476.237 622.829
0.000 319.729 850.108 553.551 551.205 377.187 660.261 323.307
600.507 341.154 409.253 314.942 471.403 0.000 396.776 365.417
0.000 775.544 713.491 0.000 0.000 305.304 0.000 0.000
344.879 478.310 0.000 549.702 872.520 0.000 723.215 905.274
0.000 0.000 0.000 0.000 899.484 361.551 975.531 493.575
960.256 0.000 0.000 464.947 0.000 924.106 0.000 771.464
0.000 739.704 0.000 0.000 0.000 972.121 0.000 0.000
461.461 679.746 318.547 0.000 0.000 0.000 777.408 560.863
0.000 0.000 0.000 985.037 0.000 803.283 463.556 0.000
0.000 443.854 0.000 661.879 0.000 0.000 625.812 0.000
313.988 404.859 0.000 973.861 839.526 0.000 581.374 0.000
421.552 610.733 478.154 763.302 589.963 0.000 435.870 0.000
621.563 921.644 0.000 665.109 892.095 0.000 0.000 359.834
0.000 0.000 0.000 0.000 957.638 411.356 447.687 395.482
0.000 0.000 422.498 502.952 947.462 820.086 687.174 990.316
497.740 0.000 0.000 649.462 382.572 418.906 0.000 0.000
943.788 0.000 473.960 772.487 0.000 833.701 661.340 770.702
0.000 0.000 785.974 972.643 402.594 0.000 0.000 0.000
0.000 0.000 595.504 826.777 330.905 0.000 606.762 454.528
570.149 515.066 0.000 651.986 785.713 0.000 999.493 376.524
0.000 0.000 504.978 696.832 650.982 517.948 528.586 0.000
0.000 0.000 0.000 0.000 669.819 655.176 805.281 907.631
0.000 0.000 690.037 0.000 570.769 611.026 0.000 614.520
0.000 913.623 0.000 0.000 0.000 0.000 0.000 0.000
0.000 0.000 903.334 892.340 914.397 953.731 0.000 0.000
0.000 0.000 0.000 0.000 0.000 0.000 996.694 465.260
811.006 0.000 0.000 0.000 0.000 573.531 0.000 463.609
0.000 631.000 594.399 867.388 0.000 451.910 602.468 0.000
606.941 572.124 404.851 0.000 363.646 482.446 807.271 0.000
0.000 960.629 761.346 0.000 797.214 809.181 0.000 465.581
0.000 507.488 0.000 822.728 0.000 0.000 654.364 0.000
576.050 0.000 369.818 383.958 996.792 536.842 743.131 495.661
0.000 954.942 566.131 0.000 363.913 0.000 0.000 0.000
0.000 572.663 315.499 0.000 675.123 707.075 948.489 0.000
0.000 489.738 0.000 0.000 520.484 523.350 940.795 0.000
0.000 0.000 0.000 959.823 609.208 407.968 0.000 0.000
0.000 0.000 428.061 0.000 0.000 604.596 0.000 0.000
465.241 337.706 685.438 0.000 347.742 973.561 0.000 0.000
0.000 402.586 658.816 653.755 573.261 0.000 0.000 620.023
842.704 795.366 646.672 0.000 0.000 782.781 0.000 0.000
0.000 0.000 914.101 0.000 0.000 0.000 0.000 0.000
0.000 0.000 505.211 0.000 421.515 0.000 721.687 340.671
780.458 557.674 921.013 0.000 0.000 854.946 703.854 628.848
0.000 388.004 0.000 655.850 0.000 681.443 703.096 0.000
449.208 0.000 0.000 0.000 524.380 745.576 630.686 342.583
706.066 0.000 617.699 0.000 0.000 0.000 731.413 0.000
507.833 435.052 909.180 0.000 0.000 0.000 983.138 0.000
707.775 370.777 0.000 375.479 0.000 0.000 0.000 0.000
421.578 0.000 0.000 0.000 0.000 333.227 419.998 611.503
0.000 639.621 963.645 0.000 0.000 979.242 831.438 0.000
0.000 0.000 0.000 802.040 310.906 0.000 620.118 482.498
602.238 413.259 314.578 952.022 435.092 0.000 804.929 494.811
0.000 0.000 851.904 935.051 847.253 0.000 0.000 678.244
0.000 725.680 0.000 0.000 0.000 535.730 405.239 0.000
0.000 348.667 749.981 923.373 0.000 0.000 629.676 0.000
0.000 0.000 0.000 0.000 0.000 685.561 0.000 647.262
606.833 0.000 0.000 0.000 0.000 788.182 0.000 0.000
0.000 765.113 0.000 855.207 0.000 411.433 714.155 736.614
690.102 322.447 566.292 0.000 0.000 798.683 780.627 0.000
922.340 728.594 980.811 790.409 0.000 0.000 812.821 0.000
474.201 0.000 421.027 337.657 0.000 0.000 0.000 0.000
470.586 868.364 512.206 500.934 0.000 328.891 653.281 0.000
588.293 0.000 0.000 0.000 0.000 325.976 745.403 685.069
0.000 0.000 0.000 599.302 353.927 972.092 828.783 0.000
798.187 0.000 417.256 0.000 0.000 862.792 0.000 582.367
934.972 343.764 0.000 0.000 312.221 669.232 0.000 696.631
357.263 510.267 0.000 0.000 872.486 0.000 0.000 0.000
712.056 0.000 752.657 0.000 0.000 0.000 0.000 932.012
337.825 943.128 0.000 890.276 402.041 443.721 365.058 0.000
332.578 544.753 0.000 0.000 663.347 0.000 431.753 0.000
0.000 691.031 628.009 620.227 0.000 0.000 0.000 0.000
317.971 0.000 0.000 574.006 0.000 522.346 924.594 381.265
352.121 699.815 0.000 540.249 691.007 546.003 0.000 0.000
0.000 0.000 0.000 0.000 368.889 571.862 0.000 0.000
574.091 717.778 0.000 0.000 321.543 494.922 0.000 0.000
974.728 0.000 0.000 592.585 0.000 0.000 693.589 320.921
673.186 993.454 699.157 0.000 629.401 0.000 536.355 0.000
486.734 0.000 0.000 468.041 442.972 0.000 0.000 933.294
0.000 0.000 825.282 0.000 0.000 833.392 0.000 455.048
382.605 0.000 974.990 0.000 640.661 737.489 623.414 831.010
934.791 0.000 0.000 0.000 0.000 548.499 0.000 0.000
960.317 0.000 0.000 0.000 0.000 0.000 614.093 0.000
0.000 592.787 406.194 311.158 599.741 528.477 759.396 425.070
659.852 853.559 0.000 766.491 0.000 0.000 942.243 618.878
613.931 0.000 449.330 0.000 0.000 0.000 997.758 529.359
0.000 511.594 0.000 962.176 0.000 312.619 633.658 822.455
726.290 0.000 0.000 0.000 502.098 0.000 0.000 874.339
0.000 0.000 0.000 427.210 804.579 717.747 980.917 0.000
897.534 514.512 0.000 723.131 375.094 900.154 423.641 0.000
970.013 0.000 0.000 722.423 626.670 0.000 331.888 0.000
896.540 846.372 507.814 0.000 0.000 0.000 0.000 0.000
0.000 517.939 0.000 0.000 0.000 0.000 852.430 461.596
748.461 0.000 0.000 504.256 0.000 541.784 921.073 370.934
376.477 933.482 0.000 0.000 812.051 681.278 962.511 556.331
537.043 783.474 0.000 536.853 0.000 0.000 0.000 457.234
886.343 0.000 401.001 0.000 538.027 0.000 545.529 582.223
579.280 0.000 0.000 671.690 0.000 0.000 0.000 0.000
0.000 0.000 459.443 794.592 0.000 0.000 878.469 0.000
960.454 0.000 0.000 429.090 0.000 0.000 955.855 0.000
0.000 576.942 0.000 771.104 0.000 501.934 0.000 321.638
0.000 796.741 625.970 445.823 588.813 0.000 0.000 0.000
0.000 840.997 0.000 0.000 446.760 494.357 0.000 0.000
0.000 451.990 0.000 581.454 0.000 963.630 0.000 0.000
656.094 0.000 0.000 765.903 519.704 450.850 0.000 0.000
662.561 0.000 0.000 0.000 0.000 0.000 0.000 0.000
600.161 0.000 0.000 869.284 0.000 454.605 0.000 692.126
696.972 498.136 0.000 605.375 620.447 916.755 0.000 0.000
0.000 0.000 705.329 0.000 968.762 0.000 617.824 0.000
672.397 0.000 849.564 0.000 642.608 0.000 0.000 0.000
742.232 0.000 418.403 451.810 696.687 0.000 848.871 0.000
389.075 898.466 0.000 0.000 0.000 496.768 821.075 0.000
0.000 0.000 0.000 0.000 709.157 0.000 819.103 0.000
0.000 0.000 0.000 0.000 0.000 318.494 715.370 0.000
0.000 0.000 0.000 357.990 754.706 0.000 0.000 0.000
849.128 785.733 382.267 0.000 756.165 753.363 840.343 320.927
0.000 321.169 306.609 497.958 0.000 0.000 565.370 722.019
494.969 0.000 929.087 0.000 0.000 0.000 0.000 0.000
596.413 366.701 934.080 553.992 703.978 0.000 499.949 0.000
697.715 576.525 466.768 0.000 495.830 592.865 0.000 688.498
555.307 810.323 0.000 321.469 503.668 0.000 360.442 698.505
0.000 355.197 928.235 0.000 579.911 0.000 0.000 527.684
0.000 0.000 0.000 0.000 462.894 0.000 0.000 459.559
0.000 0.000 0.000 0.000 442.637 392.747 0.000 961.923
0.000 0.000 498.431 0.000 0.000 602.671 612.000 697.670
0.000 861.301 0.000 845.771 576.329 0.000 0.000 458.419
578.346 393.658 830.211 0.000 786.271 393.628 556.720 704.247
702.232 0.000 837.042 617.203 0.000 402.520 736.489 882.847
0.000 0.000 0.000 0.000 369.117 0.000 592.631 0.000
820.995 0.000 873.797 0.000 852.833 0.000 0.000 739.786
688.954 864.169 482.063 0.000 0.000 342.212 728.447 0.000
0.000 0.000 917.685 869.365 766.821 0.000 0.000 0.000
0.000 0.000 0.000 614.296 0.000 0.000 831.777 0.000
690.235 0.000 0.000 654.227 0.000 0.000 0.000 0.000
477.724 522.457 0.000 0.000 607.738 0.000 0.000 907.079
0.000 848.740 0.000 513.855 0.000 0.000 0.000 0.000
0.000 434.371 0.000 460.080 679.522 0.000 0.000 999.086
344.109 0.000 811.431 0.000 0.000 541.022 331.524 0.000
801.817 0.000 645.795 0.000 0.000 357.871 0.000 0.000
859.959 0.000 466.675 0.000 0.000 431.405 796.436 0.000
0.000 612.873 0.000 0.000 713.824 0.000 334.635 0.000
870.028 960.334 0.000 0.000 0.000 0.000 0.000 0.000
0.000 346.308 0.000 432.342 323.296 354.000 806.415 410.100
0.000 701.606 0.000 345.260 0.000 909.746 850.176 886.617
492.227 493.985 704.518 0.000 0.000 679.515 719.458 754.716
0.000 872.531 913.259 0.000 0.000 0.000 0.000 0.000
0.000 594.186 567.790 543.275 0.000 0.000 0.000 0.000
854.200 826.687 404.291 0.000 931.502 572.582 0.000 986.393
0.000 0.000 359.702 604.036 0.000 303.015 0.000 0.000
0.000 0.000 0.000 759.215 0.000 0.000 0.000 0.000
0.000 809.671 0.000 846.976 601.445 0.000 0.000 604.041
0.000 0.000 835.082 435.348 721.803 0.000 456.968 0.000
758.001 557.969 0.000 0.000 0.000 0.000 735.227 749.349
737.102 0.000 0.000 0.000 316.956 348.797 0.000 720.551
0.000 0.000 581.462 749.920 0.000 0.000 0.000 703.192
817.476 0.000 0.000 405.038 0.000 749.235 0.000 378.450
450.886 836.638 816.164 0.000 863.484 603.942 684.842 0.000
0.000 509.961 626.223 0.000 0.000 0.000 0.000 0.000
587.588 0.000 380.747 0.000 363.254 0.000 0.000 0.000
0.000 0.000 380.664 0.000 597.783 414.524 0.000 814.498
674.193 0.000 0.000 0.000 304.183 0.000 519.217 393.756
800.219 0.000 0.000 706.295 389.521 0.000 0.000 0.000
0.000 844.182 895.504 0.000 317.872 708.852 695.863 970.784
0.000 0.000 647.953 0.000 431.325 772.681 842.577 744.382
873.394 0.000 0.000 0.000 0.000 0.000 0.000 386.606
890.150 0.000 0.000 436.730 600.727 0.000 675.111 0.000
641.159 406.758 996.245 0.000 993.847 342.453 0.000 785.850
341.352 0.000 0.000 750.412 0.000 0.000 0.000 0.000
550.438 598.389 356.033 0.000 737.347 0.000 799.233 858.268
348.046 0.000 0.000 0.000 0.000 454.552 0.000 0.000
0.000 861.360 693.994 661.527 637.581 0.000 632.702 690.853
543.414 876.148 685.932 902.570 328.760 0.000 0.000 0.000
893.508 0.000 0.000 588.647 436.283 958.375 608.924 771.819
0.000 0.000 0.000 672.953 0.000 659.544 887.812 890.293
0.000 0.000 0.000 0.000 0.000 0.000 773.397 361.572
629.555 444.103 0.000 744.859 366.071 993.472 0.000 946.275
646.985 0.000 864.155 0.000 0.000 735.860 0.000 0.000
805.552 0.000 805.498 362.182 731.609 359.734 0.000 0.000
0.000 0.000 697.667 0.000 0.000 0.000 0.000 334.163
0.000 0.000 0.000 721.075 0.000 403.709 474.365 0.000
535.545 376.765 0.000 783.366 542.183 855.058 0.000 0.000
0.000 474.753 553.547 822.643 584.057 0.000 0.000 857.878
409.730 382.772 0.000 736.009 0.000 0.000 0.000 0.000
0.000 0.000 747.156 0.000 344.611 641.230 877.578 0.000
0.000 806.981 0.000 0.000 0.000 0.000 0.000 0.000
0.000 619.912 0.000 0.000 0.000 0.000 301.037 0.000
0.000 0.000 718.860 0.000 301.204 0.000 0.000 0.000
680.958 535.530 0.000 0.000 347.120 0.000 973.274 0.000
342.606 854.512 574.149 0.000 835.951 0.000 895.325 560.805
408.911 0.000 0.000 865.732 0.000 959.151 0.000 0.000
865.813 889.010 0.000 0.000 0.000 0.000 0.000 0.000
445.462 856.797 0.000 387.884 522.786 961.339 0.000 517.628
422.368 487.856 982.489 861.523 0.000 0.000 0.000 0.000
937.653 967.567 384.375 888.678 0.000 592.353 0.000 743.583
0.000 0.000 755.510 532.049 0.000 529.733 0.000 0.000
0.000 0.000 0.000 564.533 0.000 468.990 568.117 403.989
0.000 0.000 449.366 0.000 0.000 0.000 688.900 0.000
0.000 876.403 597.234 987.173 0.000 0.000 0.000 0.000
0.000 679.342 0.000 0.000 395.145 0.000 0.000 605.362
0.000 0.000 0.000 0.000 962.069 0.000 0.000 0.000
0.000 0.000 0.000 0.000 485.447 407.508 629.035 548.857
950.251 610.262 650.286 995.586 655.847 0.000 0.000 542.965
430.763 0.000 0.000 774.612 762.243 0.000 0.000 529.624
578.313 436.530 0.000 748.846 691.557 761.683 723.660 558.339
378.721 624.209 0.000 448.838 629.637 947.351 406.299 0.000
0.000 0.000 549.412 689.585 0.000 300.116 443.160 0.000
683.238 0.000 0.000 369.286 535.772 0.000 0.000 474.299
385.770 566.136 0.000 913.271 0.000 759.596 409.850 547.629
981.527 822.044 0.000 798.311 321.261 0.000 972.564 0.000
0.000 805.471 0.000 0.000 596.946 0.000 0.000 359.019
917.547 865.927 615.938 794.190 0.000 0.000 677.337 366.714
0.000 0.000 0.000 497.695 0.000 0.000 923.621 0.000
576.150 0.000 0.000 0.000 379.763 586.512 0.000 726.948
0.000 0.000 477.762 557.833 358.058 716.018 846.404 0.000
642.262 817.126 923.099 0.000 401.087 809.791 0.000 523.122
493.607 555.495 722.265 814.011 0.000 599.608 680.447 497.749
727.410 311.325 559.168 351.571 740.795 579.662 376.244 0.000
0.000 0.000 320.386 737.454 0.000 901.650 0.000 0.000
0.000 0.000 0.000 0.000 776.527 0.000 0.000 396.686
847.254 0.000 0.000 300.589 736.871 390.420 328.304 791.180
403.526 0.000 0.000 309.477 810.092 0.000 0.000 421.662
0.000 578.971 647.114 0.000 644.025 826.187 407.073 613.052
0.000 0.000 603.865 787.781 992.960 0.000 0.000 480.917
523.257 436.470 543.419 0.000 752.485 872.711 432.854 0.000
635.620 556.013 0.000 0.000 0.000 454.663 300.325 891.048
0.000 0.000 0.000 303.755 0.000 504.452 0.000 0.000
0.000 0.000 515.694 0.000 0.000 0.000 930.870 0.000
0.000 750.981 0.000 337.784 740.286 0.000 0.000 0.000
721.407 614.542 451.305 814.636 0.000 517.943 0.000 903.409
760.886 782.972 0.000 0.000 0.000 853.687 0.000 721.534
343.674 0.000 0.000 0.000 0.000 837.627 0.000 0.000
790.901 587.771 0.000 784.425 472.577 0.000 828.204 0.000
0.000 0.000 0.000 0.000 0.000 673.701 0.000 0.000
0.000 852.220 345.219 0.000 751.997 0.000 0.000 499.187
994.117 0.000 581.932 459.625 681.920 342.239 0.000 713.846
0.000 644.049 0.000 807.215 0.000 672.343 0.000 0.000
424.708 591.906 587.287 0.000 0.000 424.890 802.090 0.000
402.279 0.000 0.000 0.000 0.000 386.412 0.000 370.744
670.110 821.729 922.548 445.465 0.000 610.501 0.000 975.128
0.000 0.000 426.231 0.000 0.000 732.479 589.868 432.324
512.678 0.000 415.220 0.000 0.000 880.630 541.565 406.401
861.862 396.218 528.023 0.000 0.000 0.000 0.000 870.997
822.316 497.741 0.000 0.000 664.951 0.000 475.244 0.000
0.000 0.000 417.919 0.000 0.000 747.370 0.000 444.793
0.000 0.000 905.877 0.000 849.524 393.721 442.699 890.117
337.218 305.243 676.796 0.000 0.000 0.000 0.000 0.000
0.000 730.524 750.768 0.000 0.000 0.000 343.086 0.000
0.000 379.664 748.707 431.185 0.000 0.000 0.000 0.000
612.673 0.000 0.000 0.000 0.000 751.196 0.000 639.222
531.317 892.809 612.868 0.000 415.982 593.160 0.000 517.300
321.620 0.000 0.000 649.153 0.000 507.013 0.000 0.000
0.000 0.000 0.000 553.335 399.934 0.000 530.789 0.000
0.000 938.914 610.726 0.000 719.176 0.000 0.000 0.000
981.098 885.250 575.616 0.000 0.000 0.000 0.000 0.000
0.000 0.000 475.884 0.000 0.000 0.000 489.242 0.000
308.114 576.873 353.211 750.940 0.000 0.000 553.103 0.000
794.184 377.852 0.000 0.000 771.904 402.993 0.000 733.368
381.737 0.000 0.000 670.026 0.000 0.000 0.000 948.273
746.154 0.000 0.000 0.000 0.000 0.000 0.000 0.000
916.042 733.569 326.872 0.000 849.903 0.000 400.651 522.346
863.659 984.599 355.559 556.996 464.037 0.000 917.492 0.000
0.000 0.000 589.158 0.000 0.000 0.000 926.458 0.000
0.000 0.000 749.921 0.000 940.258 647.494 0.000 0.000
347.443 0.000 841.379 0.000 0.000 0.000 560.520 567.575
0.000 0.000 626.428 409.634 897.900 0.000 363.403 0.000
812.073 0.000 571.207 0.000 0.000 0.000 0.000 0.000
0.000 0.000 0.000 565.215 642.806 0.000 634.057 0.000
0.000 0.000 353.092 0.000 497.953 625.376 930.711 0.000
365.176 0.000 0.000 0.000 760.917 831.449 677.140 424.924
0.000 0.000 0.000 0.000 837.665 0.000 716.292 0.000
776.713 353.288 692.806 0.000 685.128 0.000 347.112 0.000
536.114 0.000 0.000 0.000 0.000 471.015 0.000 0.000
915.537 0.000 378.346 0.000 799.411 0.000 617.956 957.627
0.000 800.443 613.567 0.000 979.656 0.000 0.000 577.321
748.420 995.624 709.596 0.000 307.673 426.977 0.000 0.000
0.000 351.729 627.166 0.000 806.817 835.404 0.000 391.809
882.195 0.000 458.756 0.000 0.000 0.000 0.000 0.000
451.923 738.589 888.392 0.000 0.000 0.000 424.775 0.000
0.000 450.484 793.997 0.000 0.000 0.000 811.212 0.000
822.073 460.399 0.000 0.000 0.000 0.000 0.000 0.000
372.153 0.000 673.915 0.000 699.843 754.560 889.845 822.468
0.000 0.000 943.571 583.160 0.000 437.791 441.002 0.000
0.000 644.697 651.628 812.128 786.970 577.885 841.229 0.000
475.630 0.000 638.186 0.000 0.000 0.000 0.000 336.558
0.000 366.850 648.720 798.199 369.909 783.358 798.193 490.433
0.000 0.000 0.000 0.000 886.523 0.000 721.164 0.000
748.604 0.000 410.845 820.529 0.000 0.000 801.657 0.000
0.000 518.604 408.146 0.000 0.000 314.987 643.558 832.080
0.000 365.598 853.957 401.964 0.000 346.028 0.000 517.976
383.483 335.606 401.836 0.000 972.394 0.000 0.000 455.372
0.000 637.739 0.000 0.000 742.949 0.000 0.000 0.000
387.380 0.000 0.000 908.057 400.470 0.000 0.000 467.814
0.000 0.000 415.207 615.476 571.688 566.393 0.000 438.051
312.919 737.913 0.000 716.495 687.443 0.000 926.324 727.899
0.000 535.096 331.497 820.230 432.781 849.938 0.000 0.000
0.000 0.000 920.194 423.317 0.000 404.851 0.000 522.458
0.000 0.000 0.000 506.740 648.273 0.000 0.000 609.429
0.000 387.903 0.000 0.000 498.382 0.000 893.481 404.157
0.000 873.357 0.000 0.000 0.000 939.715 0.000 710.505
0.000 965.856 0.000 0.000 708.772 0.000 393.432 851.546
867.374 621.494 326.581 358.531 0.000 0.000 0.000 0.000
889.498 0.000 0.000 0.000 0.000 534.660 0.000 808.440
740.971 0.000 0.000 0.000 0.000 0.000 0.000 0.000
815.737 0.000 0.000 796.318 696.826 0.000 0.000 432.899
417.618 0.000 339.536 0.000 338.849 562.949 0.000 0.000
0.000 0.000 0.000 0.000 520.818 0.000 549.386 0.000
317.004 791.313 681.143 0.000 870.551 694.939 681.643 930.069
332.801 924.564 455.581 0.000 600.231 0.000 0.000 301.793
983.937 0.000 0.000 0.000 0.000 0.000 869.478 892.570
530.753 679.313 0.000 528.915 829.636 0.000 0.000 0.000
0.000 599.992 0.000 0.000 440.032 0.000 571.152 0.000
0.000 478.527 829.847 0.000 0.000 0.000 0.000 0.000
330.268 0.000 560.543 754.716 0.000 480.356 0.000 674.089
0.000 841.007 428.296 860.868 0.000 0.000 0.000 0.000
0.000 0.000 0.000 966.173 836.693 545.259 695.023 0.000
718.317 550.679 0.000 481.241 0.000 952.693 0.000 949.658
0.000 354.508 964.557 0.000 0.000 802.411 428.913 0.000
0.000 0.000 0.000 0.000 529.606 0.000 0.000 764.792
709.683 0.000 0.000 0.000 899.535 985.614 0.000 545.168
920.795 960.705 0.000 514.712 515.851 0.000 428.627 0.000
895.895 873.457 943.665 0.000 0.000 402.714 488.416 0.000
381.973 0.000 491.069 0.000 667.687 920.311 620.936 433.354
308.125 841.560 0.000 772.737 0.000 967.944 373.974 0.000
0.000 0.000 0.000 527.207 651.938 0.000 0.000 934.885
597.040 362.579 735.962 822.931 0.000 0.000 377.067 634.343
0.000 0.000 0.000 0.000 617.475 364.865 0.000 0.000
977.249 0.000 996.157 0.000 648.344 0.000 0.000 0.000
0.000 0.000 608.085 734.730 0.000 0.000 0.000 0.000
675.910 0.000 323.740 0.000 0.000 556.992 0.000 0.000
0.000 0.000 0.000 0.000 685.929 728.110 609.600 730.334
0.000 970.543 797.346 440.223 592.646 825.771 343.327 566.202
0.000 328.391 0.000 627.608 0.000 0.000 0.000 0.000
715.757 0.000 779.502 0.000 0.000 680.269 0.000 0.000
0.000 0.000 303.892 330.275 0.000 0.000 340.248 919.571
707.433 0.000 0.000 482.938 0.000 755.086 0.000 595.544
319.072 990.527 0.000 938.018 554.743 754.803 594.993 0.000
478.362 378.464 400.303 318.781 0.000 655.943 0.000 388.572
766.191 0.000 639.369 0.000 942.907 851.155 0.000 395.682
987.757 569.191 0.000 0.000 0.000 904.540 0.000 0.000
545.976 901.235 977.983 633.980 859.235 444.522 0.000 0.000
0.000 0.000 611.244 392.482 611.721 0.000 471.080 0.000
0.000 324.667 419.336 0.000 0.000 0.000 0.000 0.000
0.000 0.000 0.000 0.000 767.380 366.754 0.000 547.263
0.000 0.000 805.521 0.000 854.130 0.000 0.000 390.723
387.874 0.000 681.254 0.000 774.880 0.000 0.000 598.836
0.000 0.000 0.000 0.000 387.660 0.000 442.848 515.773
706.554 0.000 0.000 0.000 412.274 933.866 913.259 0.000
318.083 504.598 0.000 569.125 0.000 0.000 895.394 840.009
715.731 0.000 330.139 947.483 0.000 0.000 0.000 0.000
503.401 0.000 0.000 849.810 940.170 0.000 843.141 0.000
0.000 591.684 524.019 0.000 0.000 546.485 0.000 880.690
833.536 0.000 0.000 389.768 0.000 902.754 816.405 0.000
485.887 441.594 622.128 856.599 0.000 0.000 0.000 0.000
652.262 847.830 0.000 433.106 0.000 0.000 0.000 333.321
0.000 0.000 0.000 0.000 642.503 353.680 727.432 942.184
0.000 926.617 394.100 484.778 0.000 797.197 0.000 0.000
378.152 795.874 0.000 452.761 0.000 521.949 694.008 0.000
0.000 331.147 349.699 0.000 0.000 752.339 584.673 412.941
977.292 0.000 943.478 397.890 409.554 0.000 0.000 316.696
987.952 0.000 640.313 859.004 995.430 877.966 994.570 0.000
537.454 972.900 0.000 0.000 531.624 0.000 697.323 0.000
0.000 0.000 644.848 0.000 380.306 768.290 788.587 0.000
0.000 967.513 0.000 0.000 0.000 0.000 0.000 640.722
648.527 321.464 0.000 0.000 0.000 381.932 906.111 0.000
0.000 508.111 987.807 601.996 757.320 0.000 0.000 0.000
0.000 0.000 0.000 0.000 424.400 0.000 357.828 359.504
699.701 0.000 0.000 728.001 318.376 0.000 0.000 0.000
871.866 756.801 566.040 0.000 771.375 805.082 0.000 590.193
0.000 864.848 0.000 878.554 0.000 0.000 0.000 0.000
955.081 0.000 0.000 0.000 441.930 726.602 667.830 691.164
655.563 0.000 538.379 0.000 0.000 678.907 551.745 723.300
315.149 739.574 331.127 0.000 0.000 0.000 0.000 0.000
584.717 0.000 0.000 635.348 382.574 0.000 0.000 433.034
0.000 395.066 0.000 0.000 506.058 0.000 534.707 0.000
322.184 0.000 0.000 938.563 0.000 0.000 0.000 0.000
0.000 987.867 684.725 884.762 0.000 774.436 0.000 393.307
859.568 0.000 0.000 756.804 0.000 632.227 0.000 0.000
0.000 575.771 0.000 0.000 554.944 0.000 0.000 435.519
0.000 0.000 754.988 0.000 960.268 0.000 0.000 328.755
0.000 793.997 427.770 0.000 467.453 0.000 0.000 711.573
0.000 956.836 473.437 553.011 318.697 0.000 0.000 654.106
907.608 0.000 306.762 608.957 839.187 630.174 785.888 927.184
0.000 392.759 406.543 384.038 0.000 0.000 699.334 699.565
819.786 967.387 445.513 0.000 412.137 0.000 949.296 529.629
0.000 0.000 0.000 0.000 580.894 657.291 0.000 0.000
0.000 0.000 0.000 0.000 0.000 365.115 817.752 0.000
910.856 0.000 590.318 0.000 0.000 0.000 768.470 0.000
533.575 0.000 0.000 0.000 520.171 0.000 0.000 517.518
923.213 0.000 0.000 477.131 376.511 0.000 456.619 807.299
0.000 0.000 873.686 0.000 696.645 0.000 414.885 0.000
0.000 644.733 0.000 716.701 0.000 0.000 0.000 748.444
422.784 705.616 0.000 439.551 954.361 0.000 954.217 0.000
0.000 922.518 0.000 0.000 713.964 839.208 0.000 0.000
531.307 418.003 0.000 904.522 0.000 336.197 656.673 0.000
726.362 314.290 0.000 912.908 0.000 0.000 442.793 645.461
0.000 828.219 379.372 583.062 0.000 0.000 604.876 789.980
0.000 0.000 373.537 811.592 416.994 330.773 0.000 712.286
399.270 0.000 0.000 636.203 861.669 775.157 579.467 605.175
816.910 532.751 503.634 0.000 0.000 0.000 790.187 315.662
722.911 0.000 0.000 770.994 503.124 755.969 662.417 686.969
0.000 0.000 0.000 814.707 0.000 0.000 587.588 947.094
556.661 0.000 0.000 0.000 531.090 635.826 0.000 512.397
0.000 586.772 759.993 923.408 0.000 673.350 329.271 0.000
0.000 0.000 714.684 857.480 0.000 834.729 0.000 0.000
430.806 874.974 612.304 946.228 0.000 746.084 0.000 786.097
0.000 718.202 749.422 0.000 986.086 405.523 0.000 976.828
0.000 823.805 0.000 684.919 0.000 0.000 919.388 0.000
591.053 785.396 0.000 352.440 427.669 0.000 526.372 945.511
0.000 733.785 848.728 469.286 0.000 447.271 644.482 519.888
0.000 535.680 0.000 453.472 374.133 0.000 0.000 0.000
0.000 0.000 539.122 0.000 0.000 676.713 593.964 951.661
0.000 0.000 0.000 0.000 387.555 344.427 590.709 0.000
360.633 0.000 0.000 0.000 0.000 783.486 863.411 0.000
0.000 0.000 0.000 0.000 0.000 942.762 0.000 0.000
381.168 0.000 0.000 0.000 367.262 900.327 310.661 0.000
0.000 981.358 0.000 0.000 0.000 0.000 0.000 0.000
936.632 0.000 394.812 375.129 757.155 0.000 0.000 794.604
300.833 0.000 0.000 378.228 316.063 419.250 342.797 0.000
0.000 0.000 0.000 365.559 0.000 726.292 0.000 829.888
0.000 0.000 502.460 746.366 0.000 779.881 0.000 531.444
908.930 757.886 515.778 0.000 566.985 671.553 0.000 570.999
0.000 0.000 450.025 0.000 854.797 0.000 0.000 0.000
371.461 0.000 0.000 0.000 0.000 0.000 892.369 617.323
324.218 0.000 734.862 0.000 423.388 0.000 802.820 446.031
0.000 605.924 933.135 778.719 0.000 673.487 0.000 0.000
0.000 413.523 0.000 382.753 0.000 0.000 0.000 0.000
0.000 0.000 895.416 873.166 954.147 311.908 522.938 743.858
0.000 0.000 861.252 817.317 0.000 994.539 0.000 549.764
0.000 590.514 830.089 624.085 0.000 0.000 599.740 0.000
769.194 0.000 876.369 0.000 0.000 0.000 0.000 851.644
0.000 0.000 745.546 922.627 0.000 400.500 0.000 0.000
0.000 869.672 861.128 687.903 0.000 0.000 680.118 0.000
791.590 470.415 374.970 0.000 0.000 0.000 820.558 883.837
0.000 901.450 0.000 744.344 817.824 376.994 0.000 0.000
0.000 996.541 0.000 486.646 0.000 413.288 0.000 0.000
409.280 464.022 0.000 0.000 0.000 562.044 0.000 0.000
987.834 542.060 0.000 0.000 973.078 0.000 0.000 668.843
0.000 907.032 968.345 0.000 378.353 906.308 966.918 0.000
0.000 550.669 322.389 495.733 0.000 0.000 0.000 795.728
0.000 0.000 798.583 0.000 0.000 638.132 0.000 796.700
919.163 414.446 0.000 737.683 576.775 660.244 0.000 920.269
399.681 0.000 541.723 993.641 850.672 0.000 400.324 0.000
0.000 0.000 0.000 466.397 759.791 766.675 931.091 0.000
989.630 896.654 559.417 528.038 0.000 704.666 979.848 0.000
0.000 0.000 617.496 632.520 304.721 909.196 0.000 0.000
631.852 489.335 390.575 877.128 899.529 408.155 304.372 609.099
0.000 612.444 848.888 952.770 573.549 660.768 853.230 744.702
0.000 818.298 680.874 736.642 467.985 0.000 0.000 559.454
0.000 922.835 678.464 712.293 899.977 0.000 0.000 897.451
0.000 0.000 689.314 630.701 0.000 766.121 0.000 0.000
663.100 0.000 0.000 415.589 0.000 584.759 804.589 417.276
0.000 0.000 0.000 0.000 345.664 698.083 857.667 0.000
0.000 0.000 694.396 0.000 0.000 0.000 310.641 0.000
0.000 352.289 560.895 866.945 773.035 0.000 0.000 0.000
391.527 0.000 966.920 0.000 921.864 762.697 772.621 0.000
0.000 942.563 0.000 716.421 980.841 0.000 487.488 389.405
0.000 438.010 0.000 0.000 0.000 0.000 0.000 770.929
0.000 386.543 641.788 650.881 0.000 661.478 0.000 494.118
