0.000 481.620 0.000 0.000 0.000 0.000 0.000 0.000
471.772 0.000 366.671 837.144 482.325 320.426 455.580 0.000
0.000 0.000 0.000 0.000 435.456 935.372 643.955 0.000
0.000 724.041 979.307 767.346 815.720 705.818 551.306 679.564
950.613 614.351 925.299 0.000 482.445 0.000 567.958 0.000
513.927 562.666 752.918 0.000 900.783 0.000 601.806 876.605
410.584 0.000 416.885 745.907 820.804 0.000 960.477 731.625
0.000 0.000 0.000 0.000 0.000 322.992 396.384 0.000
0.000 0.000 342.007 516.531 0.000 0.000 385.390 924.938
897.240 0.000 0.000 0.000 597.753 0.000 0.000 639.056
708.967 746.746 386.040 0.000 748.953 0.000 425.552 498.960
832.698 889.108 768.081 438.563 925.797 695.100 0.000 407.195
839.171 935.935 0.000 0.000 501.069 0.000 569.276 0.000
497.165 759.204 341.526 0.000 0.000 420.572 0.000 387.868
0.000 0.000 324.413 0.000 384.727 0.000 0.000 974.017
0.000 0.000 993.175 807.689 751.441 320.315 0.000 963.011
742.808 0.000 0.000 0.000 416.149 0.000 913.107 575.527
620.582 845.168 0.000 315.686 0.000 0.000 0.000 0.000
0.000 434.176 0.000 998.534 366.453 0.000 756.814 368.268
0.000 0.000 0.000 683.902 697.106 820.128 0.000 0.000
0.000 795.758 829.315 0.000 0.000 362.694 0.000 446.116
0.000 915.778 0.000 0.000 0.000 0.000 563.243 0.000
0.000 0.000 975.363 480.537 935.235 0.000 0.000 0.000
0.000 316.239 0.000 0.000 540.513 600.319 0.000 461.031
536.777 354.881 995.841 0.000 921.392 328.479 636.547 933.569
942.865 0.000 0.000 759.834 756.345 0.000 0.000 0.000
654.482 350.522 313.009 0.000 669.801 565.919 639.398 491.767
811.634 0.000 478.923 436.649 0.000 0.000 0.000 679.486
734.449 0.000 0.000 529.148 0.000 0.000 0.000 0.000
777.015 414.543 754.294 0.000 0.000 367.896 0.000 0.000
0.000 700.975 0.000 603.134 306.916 0.000 0.000 0.000
0.000 0.000 0.000 434.041 0.000 0.000 344.421 463.119
0.000 0.000 0.000 0.000 0.000 0.000 0.000 348.637
751.949 0.000 0.000 800.670 847.935 0.000 639.592 0.000
0.000 0.000 981.585 508.004 0.000 392.227 605.363 322.150
553.504 0.000 0.000 0.000 323.389 0.000 580.928 0.000
0.000 0.000 884.188 854.962 971.914 604.566 0.000 0.000
686.507 0.000 0.000 645.157 0.000 992.596 0.000 952.994
834.655 680.067 0.000 369.285 484.177 393.269 0.000 0.000
744.456 762.501 0.000 812.194 901.039 671.289 0.000 0.000
512.193 0.000 686.739 0.000 0.000 0.000 0.000 411.494
415.143 325.826 0.000 708.557 0.000 697.861 0.000 362.086
489.167 0.000 0.000 325.936 0.000 0.000 0.000 436.793
501.552 0.000 0.000 0.000 923.719 0.000 469.587 492.920
0.000 0.000 0.000 0.000 0.000 308.388 526.897 515.743
377.687 0.000 0.000 892.148 0.000 0.000 0.000 0.000
0.000 778.192 769.483 494.548 0.000 0.000 0.000 331.598
708.997 0.000 635.577 0.000 962.785 957.106 463.783 313.867
351.772 642.811 775.919 0.000 446.466 0.000 0.000 0.000
0.000 345.979 0.000 0.000 0.000 698.525 0.000 500.074
0.000 0.000 0.000 873.992 808.326 533.324 0.000 330.448
0.000 461.646 0.000 417.473 0.000 0.000 0.000 895.417
918.188 815.238 766.558 0.000 602.997 819.068 777.975 0.000
903.613 969.044 488.633 451.945 531.572 300.951 577.558 0.000
452.350 0.000 630.787 0.000 0.000 958.990 0.000 0.000
619.949 0.000 810.920 0.000 992.228 0.000 0.000 0.000
0.000 614.000 882.957 0.000 700.280 0.000 741.378 0.000
0.000 0.000 0.000 0.000 0.000 0.000 0.000 967.794
418.367 908.868 0.000 343.788 589.138 0.000 0.000 0.000
0.000 0.000 0.000 454.023 0.000 0.000 333.501 781.759
0.000 0.000 383.436 953.304 652.825 0.000 400.429 0.000
859.481 0.000 753.807 786.082 0.000 0.000 414.891 450.755
0.000 837.431 0.000 0.000 0.000 325.662 0.000 377.237
767.708 0.000 592.681 0.000 0.000 316.390 0.000 335.417
356.591 0.000 0.000 838.849 447.193 892.766 0.000 0.000
0.000 0.000 0.000 0.000 0.000 420.614 0.000 0.000
881.951 0.000 0.000 435.046 774.398 315.503 0.000 0.000
0.000 630.856 0.000 0.000 329.984 0.000 562.633 0.000
829.131 0.000 0.000 572.767 0.000 557.516 0.000 462.403
741.540 505.088 0.000 0.000 406.378 522.996 535.169 357.452
0.000 0.000 591.941 0.000 534.113 656.430 0.000 917.617
445.430 396.022 869.416 0.000 0.000 541.781 329.736 0.000
529.554 0.000 936.108 0.000 0.000 497.904 0.000 408.795
0.000 426.085 759.688 792.897 0.000 436.390 660.175 390.844
0.000 0.000 519.235 975.646 521.169 0.000 451.982 829.285
0.000 0.000 504.639 0.000 0.000 0.000 0.000 865.115
598.444 677.065 381.453 515.695 364.575 913.871 469.907 0.000
395.198 531.730 580.120 348.364 914.417 0.000 509.122 0.000
759.765 0.000 0.000 932.505 0.000 720.922 0.000 0.000
452.757 0.000 673.731 370.047 357.530 550.019 0.000 554.460
0.000 358.701 501.409 0.000 944.537 0.000 969.614 519.340
0.000 0.000 0.000 536.156 438.129 0.000 0.000 709.869
927.239 0.000 0.000 0.000 324.800 0.000 407.983 815.365
0.000 0.000 0.000 0.000 0.000 741.907 869.949 704.852
0.000 0.000 303.256 0.000 0.000 363.644 819.578 0.000
0.000 0.000 532.301 782.614 353.124 0.000 0.000 0.000
0.000 871.071 886.449 0.000 0.000 814.498 0.000 661.304
0.000 733.493 0.000 981.197 0.000 300.167 776.895 0.000
965.107 902.933 779.575 0.000 0.000 0.000 0.000 0.000
756.369 553.834 886.381 0.000 412.859 432.831 0.000 471.324
0.000 337.365 489.888 0.000 482.066 0.000 0.000 389.341
541.227 0.000 326.593 0.000 0.000 0.000 913.953 0.000
0.000 0.000 864.777 951.270 0.000 0.000 694.442 577.118
590.140 0.000 0.000 0.000 851.057 0.000 0.000 848.550
867.782 443.099 706.993 0.000 0.000 576.438 0.000 714.188
766.449 413.553 343.866 405.365 734.247 484.361 550.457 363.790
0.000 995.630 429.491 0.000 0.000 511.688 0.000 0.000
989.589 0.000 834.761 0.000 618.577 507.242 784.731 547.496
617.059 319.229 0.000 784.984 0.000 452.787 0.000 948.814
405.969 0.000 737.898 433.455 891.845 0.000 0.000 506.524
363.125 0.000 490.347 0.000 0.000 545.722 0.000 0.000
0.000 0.000 797.465 0.000 0.000 0.000 0.000 0.000
0.000 0.000 0.000 659.915 533.891 0.000 872.323 0.000
495.113 820.395 775.335 916.911 0.000 0.000 898.112 407.589
326.863 931.717 0.000 0.000 0.000 0.000 472.415 534.964
0.000 0.000 705.856 427.286 495.207 0.000 363.345 807.923
0.000 0.000 0.000 992.043 0.000 781.983 0.000 791.569
971.674 769.905 0.000 956.634 0.000 786.230 0.000 654.073
0.000 409.409 875.345 0.000 0.000 968.042 361.099 514.823
0.000 0.000 0.000 0.000 0.000 855.971 775.347 0.000
0.000 849.140 0.000 740.371 474.170 0.000 0.000 539.863
387.180 0.000 0.000 0.000 0.000 0.000 0.000 0.000
942.967 0.000 0.000 690.257 607.735 0.000 547.175 0.000
906.961 0.000 0.000 860.430 0.000 594.492 345.441 963.520
490.097 530.820 0.000 968.012 816.427 857.551 444.597 877.834
0.000 0.000 997.359 489.993 555.975 401.603 0.000 620.327
0.000 390.093 0.000 581.497 0.000 0.000 806.502 545.092
0.000 0.000 991.225 557.214 0.000 577.084 0.000 0.000
0.000 339.072 0.000 946.529 970.648 917.995 329.850 526.763
0.000 640.965 596.287 0.000 0.000 555.738 0.000 0.000
0.000 0.000 0.000 662.018 618.151 454.541 976.893 0.000
0.000 806.939 488.459 665.612 0.000 619.794 0.000 728.735
961.576 477.524 0.000 0.000 704.623 642.951 0.000 0.000
416.575 0.000 0.000 0.000 764.632 856.665 0.000 0.000
0.000 815.868 524.095 0.000 0.000 635.681 580.343 0.000
0.000 0.000 412.084 472.993 430.459 0.000 0.000 0.000
0.000 0.000 0.000 539.417 940.182 0.000 0.000 527.417
0.000 0.000 0.000 871.568 870.275 875.219 972.403 0.000
650.007 366.691 0.000 0.000 0.000 556.828 456.406 0.000
430.039 0.000 367.165 0.000 0.000 0.000 568.239 581.664
561.933 0.000 0.000 961.989 402.529 738.863 0.000 0.000
0.000 0.000 0.000 442.057 0.000 923.353 409.229 0.000
0.000 569.921 652.351 679.599 672.938 0.000 0.000 0.000
657.807 683.383 808.345 513.657 408.417 0.000 729.291 899.937
921.130 0.000 363.476 0.000 963.846 696.834 413.935 484.338
378.743 975.873 658.503 822.327 0.000 336.780 850.990 635.780
321.867 974.330 0.000 609.409 0.000 0.000 757.254 958.969
517.700 0.000 325.424 0.000 0.000 378.837 0.000 575.743
422.260 0.000 885.399 383.419 0.000 0.000 950.672 878.475
0.000 0.000 0.000 0.000 480.088 0.000 762.990 0.000
0.000 0.000 886.354 501.679 638.339 530.655 732.255 821.597
787.497 435.801 0.000 0.000 386.455 0.000 0.000 629.980
627.392 0.000 510.190 636.761 600.024 744.576 915.806 0.000
0.000 498.239 414.130 785.125 711.563 652.305 419.894 852.967
0.000 982.269 0.000 0.000 904.044 0.000 648.549 831.530
689.874 785.141 0.000 651.587 0.000 551.475 926.734 736.396
759.496 382.126 984.487 0.000 946.451 847.319 0.000 575.353
0.000 0.000 0.000 0.000 411.272 666.749 698.547 689.062
0.000 0.000 0.000 507.180 385.483 0.000 831.697 574.212
517.005 875.294 0.000 455.300 388.749 345.608 0.000 0.000
0.000 0.000 979.604 0.000 689.277 667.001 639.947 525.478
0.000 764.891 0.000 0.000 0.000 373.267 0.000 0.000
817.837 661.065 949.224 387.818 747.490 338.584 499.076 850.885
0.000 779.416 0.000 600.893 0.000 702.882 0.000 913.109
544.266 0.000 0.000 0.000 0.000 0.000 493.438 741.781
879.599 0.000 886.651 599.782 893.570 0.000 398.622 0.000
0.000 0.000 480.804 0.000 562.791 677.467 796.122 0.000
734.059 519.240 675.391 0.000 859.699 0.000 0.000 965.408
717.579 375.960 770.076 0.000 394.014 0.000 0.000 0.000
307.873 575.282 0.000 0.000 926.656 0.000 0.000 830.748
0.000 739.881 540.017 882.705 414.869 851.210 346.766 393.267
0.000 775.857 0.000 0.000 727.692 0.000 890.762 641.393
435.258 0.000 438.214 0.000 725.498 706.115 0.000 0.000
0.000 0.000 833.389 371.241 0.000 894.968 0.000 0.000
686.869 418.720 357.652 0.000 0.000 0.000 383.255 935.993
958.007 0.000 0.000 0.000 0.000 525.656 419.266 0.000
0.000 364.469 0.000 0.000 380.164 508.592 945.894 0.000
0.000 0.000 0.000 997.734 0.000 0.000 0.000 0.000
0.000 394.469 738.843 0.000 0.000 0.000 334.490 892.924
0.000 0.000 0.000 0.000 0.000 807.084 0.000 686.500
419.488 0.000 382.910 596.762 801.897 941.881 525.246 0.000
0.000 0.000 0.000 0.000 378.718 0.000 0.000 641.290
423.991 397.801 0.000 798.454 681.034 892.658 781.926 494.613
0.000 796.040 0.000 863.845 875.659 894.688 384.885 358.708
458.655 0.000 0.000 0.000 0.000 430.081 527.794 0.000
0.000 659.519 369.872 0.000 599.129 836.650 0.000 0.000
0.000 0.000 0.000 0.000 0.000 497.521 727.760 387.857
592.593 0.000 0.000 0.000 849.173 731.377 0.000 0.000
472.296 0.000 822.132 847.173 0.000 614.088 702.141 439.478
0.000 511.055 558.957 871.559 577.284 0.000 0.000 492.633
439.323 914.246 695.789 0.000 0.000 473.007 999.797 560.663
0.000 973.451 0.000 0.000 877.921 977.284 0.000 0.000
769.126 519.893 629.547 0.000 0.000 758.932 585.382 0.000
965.999 0.000 438.436 324.300 0.000 0.000 0.000 0.000
677.238 0.000 781.409 354.845 503.995 0.000 681.656 0.000
688.508 663.471 0.000 928.072 598.526 505.544 0.000 786.904
393.616 349.649 507.777 464.338 588.726 0.000 0.000 0.000
0.000 318.948 926.207 0.000 0.000 935.488 378.527 0.000
0.000 480.028 887.328 759.418 0.000 0.000 0.000 0.000
957.738 314.390 898.059 558.673 848.423 0.000 858.624 311.035
587.292 743.077 0.000 690.630 0.000 0.000 604.056 0.000
0.000 0.000 0.000 889.839 835.966 907.198 996.537 708.746
0.000 371.284 0.000 0.000 435.344 0.000 0.000 0.000
480.199 0.000 838.392 376.802 623.410 0.000 0.000 0.000
815.209 442.708 0.000 990.590 418.967 984.377 0.000 0.000
0.000 0.000 959.587 458.811 942.579 0.000 715.070 0.000
354.859 915.837 0.000 0.000 529.324 0.000 928.092 0.000
0.000 461.711 0.000 709.319 0.000 487.412 0.000 0.000
529.175 332.454 0.000 0.000 547.140 0.000 0.000 597.274
905.828 0.000 0.000 598.691 0.000 0.000 329.032 0.000
0.000 0.000 0.000 640.961 0.000 610.203 806.308 0.000
0.000 0.000 336.379 0.000 667.224 0.000 433.351 866.704
0.000 0.000 715.265 0.000 726.048 0.000 0.000 838.881
0.000 364.804 678.394 0.000 350.670 0.000 0.000 0.000
527.557 0.000 638.107 0.000 0.000 436.135 0.000 0.000
664.136 0.000 949.067 0.000 853.277 0.000 349.347 0.000
0.000 537.169 0.000 0.000 0.000 0.000 391.337 0.000
990.092 0.000 667.511 669.001 773.041 625.706 0.000 728.806
794.824 795.068 860.394 0.000 0.000 0.000 662.756 0.000
630.460 0.000 0.000 0.000 0.000 0.000 0.000 0.000
782.984 0.000 941.828 370.650 473.454 974.574 520.779 669.310
0.000 560.556 897.593 0.000 0.000 729.537 0.000 0.000
0.000 415.447 0.000 747.297 606.072 393.236 0.000 0.000
0.000 585.720 818.937 583.914 0.000 0.000 0.000 335.703
447.113 0.000 0.000 0.000 854.112 839.680 0.000 0.000
0.000 368.535 927.796 778.884 518.052 0.000 506.723 0.000
0.000 0.000 909.273 770.229 0.000 529.608 0.000 0.000
0.000 0.000 0.000 644.709 666.355 0.000 371.051 786.053
0.000 803.592 617.597 785.258 976.450 0.000 0.000 421.023
0.000 328.387 0.000 632.623 0.000 0.000 529.136 0.000
475.717 0.000 734.737 982.347 895.820 338.722 0.000 731.396
941.789 523.928 0.000 0.000 417.322 0.000 322.520 904.641
0.000 515.353 0.000 383.059 802.524 859.291 0.000 388.355
0.000 819.377 776.881 0.000 0.000 688.515 0.000 0.000
0.000 416.591 909.317 0.000 783.158 537.559 662.741 0.000
637.071 0.000 514.071 0.000 0.000 918.973 0.000 0.000
613.722 707.294 0.000 0.000 0.000 0.000 474.850 0.000
370.891 663.666 0.000 0.000 0.000 373.330 784.634 794.762
0.000 0.000 368.123 866.363 0.000 0.000 0.000 968.123
0.000 892.079 473.120 773.512 0.000 0.000 477.170 0.000
0.000 889.512 0.000 0.000 314.573 434.518 0.000 0.000
645.769 970.666 505.323 586.870 0.000 810.053 649.621 0.000
0.000 693.110 0.000 0.000 0.000 0.000 653.123 323.400
0.000 681.147 568.891 691.889 881.904 0.000 0.000 0.000
0.000 0.000 872.334 0.000 965.048 0.000 0.000 0.000
0.000 0.000 337.574 0.000 418.118 572.870 0.000 851.229
561.279 373.459 0.000 0.000 0.000 0.000 988.091 602.936
410.469 807.553 0.000 468.873 0.000 0.000 0.000 0.000
755.931 0.000 352.446 0.000 0.000 566.948 0.000 919.934
0.000 935.208 348.793 0.000 0.000 0.000 0.000 487.159
464.453 777.757 0.000 350.019 470.204 0.000 0.000 826.624
977.408 776.765 901.053 471.742 0.000 813.278 394.894 0.000
0.000 0.000 854.617 0.000 0.000 0.000 547.887 331.072
488.441 624.463 0.000 336.055 756.744 0.000 724.005 745.898
0.000 0.000 0.000 631.984 958.065 0.000 0.000 822.230
659.958 977.492 823.377 0.000 0.000 795.629 581.453 509.363
959.093 0.000 950.895 340.917 0.000 0.000 0.000 0.000
603.334 568.603 0.000 442.107 0.000 338.438 0.000 0.000
809.173 0.000 468.468 0.000 0.000 0.000 721.998 324.442
798.593 0.000 0.000 372.660 0.000 0.000 990.857 480.878
410.913 985.781 900.536 587.343 0.000 996.599 308.825 339.169
0.000 0.000 0.000 758.470 600.751 0.000 501.573 0.000
903.869 0.000 0.000 0.000 0.000 0.000 0.000 806.002
0.000 505.690 949.066 0.000 0.000 0.000 0.000 850.212
733.154 373.748 0.000 714.958 0.000 583.104 0.000 0.000
733.220 0.000 825.432 0.000 0.000 0.000 0.000 725.608
0.000 0.000 0.000 0.000 0.000 0.000 553.484 998.149
917.315 0.000 0.000 679.543 702.940 0.000 799.586 0.000
0.000 442.319 0.000 0.000 708.824 0.000 0.000 0.000
0.000 0.000 0.000 0.000 0.000 618.377 459.582 0.000
0.000 0.000 773.188 487.217 0.000 0.000 345.199 0.000
0.000 999.695 628.493 0.000 0.000 892.820 0.000 0.000
774.967 973.051 613.876 399.883 924.978 686.873 0.000 0.000
0.000 0.000 0.000 0.000 852.541 0.000 746.182 997.987
498.475 0.000 0.000 0.000 817.169 511.101 862.697 948.930
0.000 547.777 0.000 669.877 0.000 0.000 632.147 0.000
775.652 0.000 337.952 855.687 0.000 315.439 324.938 0.000
0.000 647.699 406.826 0.000 0.000 0.000 407.192 331.690
0.000 0.000 429.249 0.000 462.038 502.672 395.819 0.000
804.447 368.063 0.000 0.000 551.861 0.000 0.000 0.000
312.756 0.000 0.000 0.000 0.000 0.000 864.970 804.850
856.496 0.000 960.740 800.344 0.000 0.000 0.000 0.000
0.000 370.017 0.000 497.999 339.736 0.000 0.000 418.031
0.000 0.000 0.000 0.000 0.000 304.020 860.644 0.000
549.216 545.698 584.130 0.000 0.000 0.000 982.023 388.323
339.031 790.618 862.637 0.000 0.000 687.930 0.000 668.904
0.000 676.402 0.000 0.000 0.000 630.443 699.032 0.000
673.538 581.810 335.276 0.000 610.952 0.000 0.000 0.000
600.134 847.297 817.484 0.000 0.000 452.635 550.075 0.000
0.000 945.088 0.000 0.000 0.000 0.000 566.263 507.112
319.242 0.000 0.000 0.000 855.849 0.000 477.857 0.000
647.867 393.004 663.154 0.000 782.352 377.938 0.000 0.000
333.376 0.000 804.127 0.000 0.000 0.000 0.000 0.000
0.000 0.000 0.000 513.110 557.271 361.196 804.974 0.000
0.000 715.820 802.826 0.000 0.000 0.000 329.396 0.000
946.420 0.000 0.000 0.000 761.895 0.000 0.000 969.347
361.359 0.000 695.988 369.847 535.544 0.000 556.624 0.000
0.000 0.000 0.000 369.699 0.000 425.273 972.117 0.000
845.637 0.000 0.000 0.000 0.000 673.927 0.000 0.000
0.000 0.000 587.392 918.960 0.000 0.000 696.749 0.000
0.000 559.331 531.007 0.000 0.000 0.000 477.983 975.839
636.448 724.059 0.000 937.603 622.458 0.000 0.000 0.000
0.000 0.000 444.108 735.741 598.668 0.000 764.249 440.603
746.421 0.000 0.000 638.971 841.232 0.000 598.068 0.000
0.000 630.816 778.674 0.000 560.852 821.455 332.351 892.128
909.467 419.652 0.000 0.000 0.000 0.000 0.000 652.280
701.985 0.000 745.004 328.821 923.113 0.000 586.667 0.000
0.000 482.734 0.000 376.748 0.000 323.292 354.745 0.000
0.000 419.309 555.346 0.000 687.832 831.659 969.810 672.002
0.000 0.000 0.000 0.000 0.000 0.000 726.616 617.999
789.799 0.000 0.000 0.000 0.000 0.000 957.281 671.900
0.000 930.164 0.000 0.000 0.000 0.000 947.550 0.000
0.000 0.000 0.000 861.474 488.791 939.436 426.154 0.000
0.000 0.000 478.569 0.000 989.221 890.181 698.897 838.685
510.086 0.000 0.000 0.000 788.200 716.897 491.042 658.985
317.232 0.000 509.203 0.000 0.000 0.000 0.000 0.000
949.947 0.000 946.916 903.884 306.757 0.000 0.000 670.465
351.134 497.298 395.178 852.078 420.181 600.464 499.479 0.000
0.000 891.887 999.989 335.791 978.561 0.000 452.618 492.869
0.000 0.000 745.393 0.000 306.095 528.632 0.000 0.000
0.000 0.000 804.068 764.454 0.000 705.112 0.000 773.002
0.000 940.584 570.558 0.000 511.092 0.000 0.000 984.915
533.615 319.475 403.418 445.574 0.000 806.169 646.038 854.906
0.000 0.000 0.000 0.000 0.000 518.467 0.000 0.000
312.439 950.545 851.088 0.000 0.000 0.000 951.792 851.120
871.196 0.000 486.442 0.000 0.000 0.000 640.753 558.880
0.000 986.938 362.963 988.413 506.379 0.000 0.000 949.107
925.838 996.996 499.688 926.252 0.000 0.000 974.585 574.967
0.000 0.000 0.000 0.000 523.138 742.168 798.272 0.000
0.000 0.000 435.575 0.000 0.000 0.000 0.000 0.000
800.860 0.000 323.297 464.440 495.669 889.176 0.000 0.000
0.000 935.128 340.875 0.000 593.277 0.000 0.000 0.000
0.000 0.000 705.004 442.517 0.000 0.000 991.227 0.000
934.316 0.000 820.242 0.000 964.959 436.997 0.000 0.000
0.000 764.333 0.000 0.000 543.160 882.814 0.000 806.617
804.632 0.000 0.000 675.238 632.354 0.000 882.223 525.125
326.749 626.013 0.000 0.000 0.000 447.240 0.000 631.369
942.161 675.627 768.968 0.000 817.526 0.000 681.400 0.000
0.000 770.124 909.540 568.864 520.677 0.000 453.710 0.000
485.998 0.000 0.000 856.888 0.000 0.000 958.985 978.099
342.501 0.000 610.657 0.000 946.836 644.439 0.000 553.372
731.293 0.000 942.474 864.146 0.000 382.268 0.000 894.391
380.707 327.912 0.000 0.000 688.897 0.000 376.259 0.000
783.231 0.000 381.224 938.007 0.000 366.576 0.000 0.000
0.000 678.662 0.000 526.612 0.000 778.358 0.000 872.992
650.872 319.919 600.799 0.000 0.000 0.000 0.000 609.967
0.000 0.000 0.000 940.752 330.365 0.000 563.492 0.000
0.000 0.000 0.000 911.332 0.000 420.051 887.650 0.000
0.000 0.000 672.793 0.000 0.000 0.000 707.683 830.503
0.000 0.000 456.683 0.000 732.515 612.997 492.696 771.027
834.180 0.000 940.633 655.053 898.638 340.550 0.000 0.000
335.208 0.000 0.000 0.000 0.000 945.871 0.000 374.645
475.325 585.158 0.000 580.799 347.143 700.097 0.000 0.000
702.430 777.025 0.000 0.000 0.000 585.125 842.267 0.000
0.000 365.083 0.000 418.884 998.153 690.544 0.000 0.000
388.188 933.787 859.182 0.000 0.000 0.000 0.000 570.776
501.904 460.266 890.472 0.000 0.000 0.000 560.177 682.423
0.000 934.902 975.973 0.000 685.041 0.000 767.337 0.000
817.227 0.000 459.341 721.880 549.465 730.665 0.000 0.000
0.000 416.931 0.000 426.351 422.941 712.088 424.059 629.163
762.591 0.000 0.000 988.074 762.467 336.710 0.000 555.577
0.000 0.000 642.391 0.000 0.000 715.702 348.076 0.000
0.000 587.528 949.922 0.000 930.754 791.994 0.000 346.426
733.780 0.000 0.000 629.693 0.000 792.492 582.426 0.000
0.000 548.424 0.000 305.023 0.000 842.334 896.148 0.000
0.000 354.514 0.000 815.533 670.168 716.794 996.941 0.000
0.000 314.881 651.774 348.069 0.000 708.724 989.202 0.000
779.733 675.093 0.000 901.447 0.000 308.830 0.000 498.588
0.000 470.274 0.000 0.000 454.940 0.000 0.000 0.000
959.293 0.000 309.525 0.000 550.536 608.345 0.000 703.095
708.864 816.249 757.846 767.237 0.000 907.806 0.000 0.000
537.708 506.085 602.772 461.336 508.234 436.349 0.000 394.113
0.000 310.307 0.000 420.307 0.000 0.000 0.000 759.545
668.531 360.510 0.000 0.000 0.000 0.000 0.000 338.446
445.674 0.000 668.785 736.362 765.080 718.613 301.790 0.000
546.173 661.582 327.400 0.000 309.928 0.000 0.000 760.464
0.000 0.000 800.611 969.259 0.000 0.000 638.860 418.315
549.260 316.898 0.000 0.000 334.029 0.000 726.156 0.000
969.840 569.274 805.106 766.953 522.214 861.577 988.216 939.151
436.423 463.018 0.000 0.000 442.835 518.316 0.000 0.000
0.000 305.980 624.220 0.000 387.906 768.559 0.000 0.000
304.462 0.000 761.707 0.000 0.000 0.000 0.000 738.984
690.595 652.430 0.000 872.691 979.202 0.000 968.724 533.535
0.000 812.427 0.000 402.328 424.812 503.344 365.568 0.000
0.000 0.000 0.000 650.585 496.365 614.573 0.000 0.000
0.000 0.000 0.000 0.000 367.522 537.884 767.177 829.503
721.338 651.585 896.527 737.239 844.948 0.000 376.278 0.000
739.104 0.000 0.000 0.000 0.000 941.292 0.000 437.294
483.782 827.006 0.000 623.825 839.026 0.000 0.000 0.000
0.000 896.696 353.641 691.906 0.000 0.000 0.000 863.463
323.837 518.104 0.000 392.135 0.000 371.391 898.436 484.804
413.261 0.000 467.812 0.000 720.008 0.000 499.479 0.000
0.000 707.052 433.307 0.000 0.000 0.000 0.000 557.021
0.000 913.499 487.678 984.075 572.554 0.000 470.662 514.453
0.000 0.000 792.634 0.000 851.638 0.000 403.152 0.000
419.448 638.980 0.000 0.000 0.000 0.000 0.000 527.896
601.502 0.000 648.385 864.999 705.543 0.000 373.528 367.402
0.000 0.000 341.142 0.000 436.981 449.490 933.082 0.000
732.825 0.000 0.000 0.000 0.000 960.190 0.000 0.000
0.000 0.000 0.000 0.000 513.780 0.000 0.000 498.315
844.366 0.000 305.048 0.000 713.143 0.000 0.000 0.000
599.884 0.000 389.373 445.482 583.861 0.000 0.000 0.000
903.112 0.000 0.000 513.087 622.507 0.000 730.157 472.525
0.000 0.000 0.000 0.000 0.000 689.572 494.654 591.934
666.187 342.788 755.676 824.902 0.000 488.952 516.174 725.940
0.000 0.000 0.000 0.000 0.000 0.000 866.586 0.000
0.000 0.000 653.890 354.267 612.470 0.000 537.613 773.094
0.000 0.000 918.796 684.123 0.000 891.812 0.000 0.000
0.000 0.000 0.000 0.000 374.783 972.611 0.000 904.294
674.413 946.624 0.000 0.000 987.918 697.042 0.000 393.313
0.000 947.456 520.981 0.000 0.000 609.297 858.851 0.000
884.174 0.000 388.880 0.000 0.000 0.000 659.876 0.000
0.000 0.000 608.343 0.000 0.000 605.567 0.000 0.000
824.056 498.302 419.534 576.101 0.000 0.000 755.889 398.168
0.000 0.000 0.000 568.597 0.000 0.000 0.000 0.000
636.938 0.000 0.000 309.296 422.451 922.880 0.000 912.031
538.942 624.318 0.000 992.564 0.000 819.179 0.000 0.000
0.000 981.416 0.000 884.747 0.000 0.000 0.000 591.644
0.000 925.204 943.704 0.000 0.000 0.000 0.000 0.000
941.379 563.447 510.669 557.700 0.000 589.466 487.652 481.229
0.000 0.000 0.000 451.528 0.000 0.000 0.000 0.000
0.000 924.348 389.053 0.000 900.693 0.000 0.000 444.713
0.000 831.176 721.097 0.000 942.039 840.882 0.000 344.825
0.000 0.000 493.934 0.000 887.683 0.000 0.000 349.817
634.181 0.000 0.000 0.000 593.809 0.000 0.000 787.533
445.226 705.847 600.248 0.000 0.000 0.000 0.000 425.957
0.000 932.064 581.670 933.696 0.000 446.825 577.464 0.000
0.000 0.000 537.845 876.641 0.000 0.000 0.000 722.248
421.674 0.000 0.000 988.054 415.062 799.499 419.136 924.423
319.101 786.394 716.827 410.504 0.000 351.726 654.639 0.000
0.000 547.357 0.000 0.000 340.912 529.142 0.000 0.000
391.254 0.000 846.407 973.492 829.705 0.000 807.446 0.000
0.000 720.547 0.000 309.518 621.506 0.000 380.609 0.000
0.000 481.489 0.000 777.607 678.119 755.443 377.915 790.029
547.922 603.841 0.000 568.263 0.000 780.460 0.000 865.917
0.000 0.000 0.000 0.000 579.959 0.000 0.000 545.649
0.000 500.532 0.000 0.000 984.564 390.904 952.065 720.510
427.005 650.529 0.000 311.057 378.205 0.000 0.000 477.929
441.278 0.000 0.000 858.073 462.067 0.000 0.000 779.780
796.837 859.437 0.000 0.000 0.000 0.000 682.946 495.441
0.000 720.401 398.860 0.000 0.000 734.504 678.082 500.349
925.438 0.000 894.079 0.000 0.000 0.000 357.663 0.000
0.000 0.000 0.000 0.000 0.000 972.530 0.000 786.716
0.000 382.954 557.671 0.000 583.064 662.734 328.967 0.000
979.087 0.000 652.110 0.000 441.741 705.890 0.000 0.000
0.000 656.205 828.115 529.640 0.000 0.000 0.000 0.000
0.000 0.000 0.000 848.771 0.000 0.000 513.031 0.000
757.568 0.000 508.319 0.000 314.365 629.055 389.002 0.000
598.809 340.746 0.000 0.000 741.301 0.000 0.000 362.766
836.341 0.000 326.855 452.770 679.309 490.834 440.304 711.621
0.000 417.906 0.000 326.209 302.495 547.794 0.000 0.000
987.270 0.000 0.000 0.000 0.000 0.000 998.247 370.159
437.081 328.946 843.381 0.000 398.043 491.232 0.000 0.000
927.567 0.000 618.872 0.000 417.845 641.286 588.262 0.000
731.136 614.318 0.000 0.000 0.000 0.000 826.343 788.904
764.168 398.405 0.000 504.171 0.000 0.000 0.000 0.000
0.000 0.000 972.017 0.000 0.000 864.479 749.210 894.180
0.000 802.089 481.168 0.000 830.837 0.000 523.993 0.000
0.000 607.419 552.399 0.000 967.462 781.497 0.000 788.172
0.000 0.000 0.000 414.006 356.238 900.568 564.139 479.712
0.000 440.594 906.793 427.633 0.000 386.491 0.000 432.884
344.950 0.000 0.000 0.000 684.581 0.000 0.000 634.201
0.000 0.000 851.335 878.954 0.000 0.000 794.792 934.379
0.000 0.000 564.121 327.548 0.000 0.000 741.086 0.000
837.531 736.150 870.180 988.795 937.008 0.000 485.248 667.754
463.264 0.000 739.504 0.000 0.000 0.000 0.000 564.322
592.260 0.000 489.384 351.329 0.000 0.000 0.000 0.000
425.825 0.000 783.087 502.156 328.821 676.443 833.171 776.138
0.000 0.000 961.884 659.849 528.469 0.000 0.000 356.400
915.262 0.000 752.722 0.000 0.000 422.718 0.000 646.862
0.000 727.920 730.982 748.862 642.896 714.597 912.644 0.000
767.755 810.613 585.046 824.115 390.326 0.000 424.678 0.000
0.000 0.000 981.343 0.000 873.175 716.795 808.265 676.290
0.000 0.000 951.460 0.000 0.000 0.000 0.000 0.000
0.000 0.000 490.632 0.000 0.000 0.000 512.864 0.000
0.000 0.000 300.015 0.000 0.000 0.000 0.000 0.000
826.273 980.912 0.000 562.209 0.000 0.000 0.000 0.000
707.442 0.000 0.000 684.823 0.000 892.862 843.026 759.095
716.883 427.320 0.000 0.000 0.000 0.000 0.000 0.000
931.373 0.000 705.125 0.000 0.000 0.000 983.703 928.298
885.110 575.906 0.000 0.000 353.884 0.000 806.531 318.769
525.637 866.005 405.537 0.000 613.656 455.223 0.000 0.000
0.000 687.928 0.000 0.000 906.071 569.597 0.000 0.000
355.293 0.000 544.872 0.000 793.392 456.530 0.000 797.469
0.000 0.000 613.029 600.502 0.000 0.000 0.000 375.421
696.960 510.650 0.000 0.000 0.000 400.140 575.702 0.000
308.157 355.240 0.000 846.580 0.000 512.186 0.000 0.000
0.000 0.000 0.000 0.000 526.232 652.848 980.933 0.000
0.000 306.821 980.683 0.000 0.000 692.738 469.797 859.699
758.140 0.000 920.073 748.635 0.000 408.506 0.000 748.001
774.356 0.000 0.000 0.000 493.168 496.983 569.829 0.000
778.254 746.099 0.000 0.000 0.000 0.000 756.853 373.366
379.632 535.684 0.000 0.000 526.707 0.000 714.185 0.000
876.872 854.644 0.000 711.854 545.534 590.377 659.293 403.597
0.000 306.930 0.000 0.000 0.000 0.000 982.892 0.000
598.769 465.275 0.000 998.631 0.000 0.000 508.361 348.477
356.867 311.645 371.752 0.000 0.000 385.099 0.000 714.129
368.500 0.000 683.083 0.000 847.036 0.000 551.270 614.768
789.103 789.403 0.000 363.799 0.000 0.000 0.000 0.000
548.695 312.137 0.000 713.347 0.000 907.755 0.000 0.000
453.590 320.632 689.214 0.000 637.858 0.000 0.000 0.000
0.000 0.000 734.452 720.314 324.706 0.000 920.120 309.735
857.986 880.173 0.000 543.262 542.376 0.000 0.000 420.223
0.000 0.000 0.000 0.000 793.479 306.629 983.399 799.539
0.000 895.470 306.819 393.749 0.000 0.000 394.428 925.421
813.180 0.000 314.827 972.654 826.483 971.086 0.000 0.000
304.518 0.000 0.000 823.081 0.000 583.974 0.000 755.766
0.000 0.000 0.000 0.000 745.392 0.000 0.000 725.247
0.000 354.661 0.000 0.000 0.000 0.000 722.655 0.000
0.000 324.465 765.786 651.478 744.519 619.381 345.572 0.000
