0.000 0.000 353.541 0.000 442.558 982.203 644.606 0.000
654.950 897.259 0.000 0.000 0.000 0.000 852.191 908.672
0.000 315.965 704.637 314.057 637.622 827.853 0.000 730.311
874.768 846.995 0.000 0.000 0.000 348.613 0.000 858.130
956.957 0.000 0.000 533.549 651.265 0.000 819.981 0.000
839.305 0.000 0.000 0.000 872.772 0.000 0.000 0.000
0.000 481.078 580.974 0.000 0.000 941.888 0.000 625.997
756.958 636.416 0.000 0.000 731.415 757.321 576.423 0.000
0.000 0.000 321.294 0.000 324.206 925.129 0.000 0.000
0.000 0.000 0.000 931.568 0.000 0.000 0.000 829.728
923.886 982.944 988.272 641.650 0.000 655.491 542.383 557.420
345.972 0.000 0.000 0.000 405.787 504.942 0.000 0.000
0.000 0.000 0.000 695.830 0.000 451.182 0.000 0.000
916.746 0.000 770.427 355.131 364.194 734.666 339.777 632.165
632.011 393.091 0.000 0.000 0.000 0.000 0.000 552.532
662.279 0.000 516.780 0.000 821.169 363.552 330.268 0.000
635.333 452.213 0.000 791.020 0.000 815.742 0.000 567.742
363.137 0.000 518.688 349.582 0.000 0.000 581.031 0.000
545.078 0.000 0.000 491.146 889.476 0.000 0.000 752.633
0.000 0.000 0.000 0.000 0.000 380.658 0.000 0.000
884.890 0.000 0.000 0.000 0.000 993.438 0.000 942.812
581.668 0.000 971.508 0.000 832.109 0.000 0.000 0.000
0.000 0.000 0.000 897.631 0.000 0.000 0.000 957.910
0.000 772.052 461.620 594.812 931.594 521.402 0.000 990.379
0.000 0.000 935.090 865.566 964.081 881.212 0.000 0.000
0.000 0.000 0.000 0.000 0.000 0.000 304.707 0.000
417.001 0.000 322.111 938.488 0.000 0.000 0.000 0.000
746.551 0.000 976.664 0.000 742.381 0.000 396.953 487.305
654.189 0.000 370.435 629.787 0.000 0.000 395.386 330.980
609.140 0.000 0.000 577.901 0.000 0.000 314.078 386.176
0.000 0.000 0.000 531.708 0.000 0.000 329.997 570.873
0.000 0.000 836.227 0.000 0.000 0.000 448.834 986.729
0.000 0.000 856.051 795.548 0.000 0.000 0.000 0.000
576.079 315.805 477.295 988.553 0.000 0.000 957.854 710.579
0.000 0.000 529.798 0.000 700.053 561.708 767.550 638.431
705.087 885.187 0.000 0.000 0.000 329.370 0.000 0.000
817.125 962.085 900.260 619.950 0.000 460.708 0.000 0.000
440.303 0.000 0.000 0.000 973.366 632.982 0.000 939.604
0.000 317.003 407.062 470.503 359.929 0.000 574.795 0.000
322.402 698.738 724.198 0.000 0.000 0.000 721.532 0.000
0.000 0.000 0.000 0.000 320.901 754.093 595.635 0.000
977.308 0.000 944.286 0.000 0.000 573.905 0.000 0.000
372.005 827.177 810.984 807.383 0.000 0.000 0.000 778.712
0.000 649.528 791.171 0.000 0.000 0.000 761.588 0.000
811.387 0.000 0.000 0.000 0.000 0.000 550.440 633.724
856.359 0.000 937.379 0.000 0.000 543.011 322.988 0.000
0.000 319.429 380.280 0.000 351.778 557.596 433.832 410.752
850.588 0.000 0.000 0.000 675.472 325.062 0.000 0.000
770.765 957.261 684.426 0.000 723.083 0.000 0.000 527.848
699.169 0.000 834.362 0.000 0.000 0.000 344.194 587.772
846.797 0.000 0.000 0.000 921.461 0.000 0.000 0.000
0.000 320.207 0.000 609.375 331.975 484.427 0.000 440.559
0.000 615.371 0.000 0.000 0.000 0.000 0.000 0.000
0.000 852.174 834.969 391.833 560.077 572.322 0.000 967.656
919.218 617.367 0.000 0.000 0.000 599.726 0.000 517.395
0.000 706.326 584.240 0.000 0.000 467.941 0.000 0.000
730.335 372.801 0.000 0.000 0.000 0.000 0.000 653.138
667.661 928.292 0.000 963.513 764.681 362.178 0.000 0.000
723.093 0.000 914.367 772.076 722.995 0.000 0.000 0.000
591.972 0.000 561.782 0.000 947.963 0.000 322.866 0.000
0.000 826.004 0.000 0.000 934.532 0.000 0.000 747.628
622.455 384.939 657.994 0.000 569.546 0.000 0.000 818.039
0.000 0.000 0.000 465.211 361.288 824.782 0.000 664.368
0.000 0.000 666.282 792.608 0.000 816.287 0.000 766.250
709.950 0.000 904.152 306.549 0.000 0.000 868.243 0.000
887.933 465.457 0.000 770.339 431.316 958.245 601.522 497.119
872.942 0.000 815.027 769.956 560.371 0.000 0.000 859.037
499.894 607.645 870.110 320.514 615.600 0.000 923.996 326.860
724.798 0.000 0.000 776.331 0.000 801.635 326.252 0.000
500.354 0.000 0.000 0.000 739.180 0.000 0.000 318.110
0.000 0.000 0.000 0.000 0.000 451.977 0.000 0.000
0.000 819.605 0.000 407.912 438.828 515.905 772.022 303.904
384.838 513.185 845.695 430.935 0.000 345.241 0.000 554.856
0.000 882.331 872.226 833.193 328.427 556.437 0.000 0.000
976.839 592.245 0.000 0.000 0.000 0.000 872.604 469.573
0.000 563.055 630.567 742.982 0.000 0.000 0.000 0.000
0.000 644.218 0.000 663.731 0.000 0.000 0.000 0.000
0.000 446.688 0.000 0.000 668.458 652.068 612.324 504.350
0.000 937.350 0.000 799.387 905.813 871.782 337.911 507.020
454.567 0.000 883.315 0.000 0.000 0.000 907.937 801.666
573.284 721.087 954.104 502.453 617.168 0.000 394.761 623.800
968.207 360.497 809.968 837.237 0.000 0.000 0.000 0.000
0.000 0.000 0.000 715.584 0.000 807.390 0.000 0.000
0.000 0.000 0.000 0.000 0.000 786.128 0.000 0.000
413.877 0.000 0.000 588.755 450.592 0.000 912.942 853.511
948.104 717.077 932.397 0.000 650.600 0.000 829.956 602.500
561.445 711.327 340.737 758.437 0.000 685.917 0.000 577.251
528.099 479.608 0.000 779.984 340.370 543.959 764.140 0.000
0.000 0.000 761.764 0.000 0.000 0.000 663.314 0.000
0.000 753.542 0.000 0.000 808.872 778.787 0.000 355.787
942.849 0.000 0.000 0.000 927.041 0.000 907.827 0.000
915.021 610.650 596.522 323.227 0.000 857.259 0.000 0.000
0.000 0.000 0.000 759.738 541.662 633.398 537.714 0.000
0.000 348.306 0.000 978.826 0.000 769.671 0.000 0.000
0.000 304.861 0.000 357.068 0.000 0.000 0.000 0.000
626.557 567.732 0.000 0.000 0.000 0.000 809.295 676.607
0.000 0.000 775.043 0.000 0.000 750.354 0.000 601.120
0.000 0.000 0.000 0.000 0.000 989.998 780.997 581.554
0.000 519.391 0.000 0.000 0.000 0.000 536.194 337.901
0.000 640.519 0.000 620.728 0.000 0.000 0.000 658.810
559.055 815.170 712.359 786.594 0.000 0.000 600.775 559.256
890.489 0.000 0.000 0.000 0.000 0.000 0.000 0.000
0.000 0.000 0.000 0.000 486.524 0.000 690.536 0.000
745.548 849.012 0.000 367.390 0.000 860.563 0.000 0.000
0.000 0.000 560.938 0.000 576.242 951.623 980.383 894.845
668.631 0.000 0.000 0.000 307.009 0.000 680.487 0.000
0.000 0.000 0.000 539.032 499.947 0.000 681.307 346.978
737.454 456.926 0.000 0.000 558.421 0.000 0.000 746.660
774.779 0.000 0.000 446.090 0.000 0.000 845.277 385.631
446.176 586.069 0.000 322.777 0.000 0.000 897.037 347.568
431.175 0.000 0.000 463.080 384.716 0.000 568.779 0.000
640.874 366.001 0.000 377.608 516.433 420.688 535.092 0.000
0.000 0.000 668.266 773.050 589.903 757.321 364.134 762.510
393.129 0.000 679.393 599.978 0.000 602.749 0.000 0.000
447.598 0.000 0.000 310.239 804.514 964.025 0.000 0.000
582.818 711.041 751.552 570.923 0.000 658.429 864.177 0.000
0.000 981.676 826.836 668.876 434.473 852.368 0.000 861.241
0.000 524.173 0.000 853.697 667.102 336.626 0.000 0.000
0.000 733.459 0.000 0.000 0.000 590.533 0.000 389.324
937.067 517.684 698.431 0.000 977.524 451.472 719.679 664.406
0.000 0.000 824.252 635.445 878.344 0.000 865.510 0.000
923.875 0.000 0.000 501.835 0.000 683.232 336.861 0.000
512.588 0.000 0.000 363.150 790.659 390.761 558.720 0.000
686.157 516.219 492.438 0.000 428.463 940.757 0.000 0.000
516.316 0.000 587.113 0.000 0.000 988.206 0.000 0.000
477.770 0.000 0.000 0.000 0.000 0.000 856.136 749.416
683.520 597.808 700.383 0.000 0.000 948.928 0.000 997.057
466.212 0.000 580.065 963.300 0.000 0.000 360.024 0.000
0.000 0.000 0.000 0.000 879.799 0.000 608.480 0.000
477.908 0.000 420.469 0.000 939.591 0.000 0.000 362.069
469.389 0.000 0.000 0.000 0.000 494.971 336.008 0.000
395.771 553.567 0.000 703.874 973.767 540.203 653.802 544.281
0.000 643.757 0.000 451.636 0.000 301.436 0.000 0.000
955.317 934.727 359.974 628.441 0.000 0.000 882.992 994.596
963.170 925.911 0.000 0.000 662.435 432.018 662.306 426.429
0.000 0.000 906.763 387.825 0.000 900.831 0.000 0.000
887.819 0.000 0.000 0.000 309.601 641.175 0.000 905.293
0.000 0.000 893.969 655.259 969.749 0.000 0.000 630.378
311.405 0.000 0.000 623.213 735.965 678.577 950.305 806.931
0.000 0.000 0.000 817.459 0.000 581.695 0.000 801.392
826.020 726.351 795.608 497.669 0.000 834.743 0.000 0.000
0.000 0.000 537.231 0.000 0.000 838.076 0.000 964.749
704.263 0.000 415.084 0.000 0.000 0.000 734.928 0.000
870.580 534.722 564.254 0.000 443.307 0.000 0.000 585.177
720.161 559.463 670.389 0.000 807.514 809.267 599.939 506.383
0.000 0.000 567.578 0.000 840.227 607.334 727.477 0.000
766.579 840.410 488.682 658.705 911.309 657.068 0.000 0.000
0.000 419.336 0.000 308.115 0.000 875.912 646.624 614.950
787.115 0.000 0.000 0.000 0.000 0.000 815.039 933.103
0.000 0.000 901.313 848.962 0.000 582.714 910.329 0.000
0.000 0.000 562.805 0.000 887.896 604.456 0.000 519.803
0.000 338.245 512.411 532.431 806.093 740.884 0.000 0.000
879.881 0.000 407.744 997.138 0.000 790.012 0.000 563.422
848.181 801.499 712.140 318.736 552.517 551.957 0.000 766.435
0.000 0.000 879.598 451.328 773.532 0.000 0.000 722.703
831.044 754.972 0.000 363.546 0.000 0.000 692.453 315.533
0.000 0.000 364.700 940.465 0.000 636.977 988.527 941.925
452.102 0.000 342.143 364.648 519.510 897.602 900.130 0.000
989.321 581.942 991.951 0.000 390.579 0.000 630.613 681.159
0.000 0.000 0.000 0.000 0.000 714.692 0.000 0.000
890.071 0.000 0.000 0.000 646.648 645.714 0.000 0.000
0.000 0.000 400.883 0.000 749.869 752.411 649.806 399.129
0.000 930.755 0.000 0.000 0.000 977.156 0.000 845.062
0.000 989.857 0.000 705.976 975.179 814.078 0.000 0.000
0.000 0.000 304.254 958.972 0.000 943.871 760.637 481.202
0.000 987.139 953.964 0.000 858.102 0.000 580.843 0.000
0.000 0.000 763.584 517.241 0.000 571.418 738.648 324.374
628.237 0.000 448.389 0.000 0.000 671.648 904.144 800.661
0.000 795.719 435.391 0.000 709.619 0.000 463.965 0.000
556.304 0.000 0.000 0.000 0.000 0.000 600.179 984.008
0.000 865.489 668.606 916.549 0.000 0.000 810.899 753.118
921.536 0.000 430.534 0.000 538.301 0.000 0.000 344.604
712.725 0.000 714.584 0.000 0.000 832.497 0.000 372.240
547.844 0.000 0.000 0.000 0.000 0.000 349.972 903.174
0.000 0.000 0.000 888.452 0.000 0.000 973.995 970.097
645.348 623.742 0.000 0.000 893.336 0.000 554.961 0.000
414.580 0.000 842.363 390.854 570.588 745.929 791.967 957.450
0.000 0.000 552.592 0.000 708.263 422.081 0.000 0.000
0.000 0.000 0.000 837.263 614.264 0.000 0.000 998.526
553.610 0.000 0.000 0.000 412.285 977.894 0.000 0.000
0.000 0.000 0.000 310.582 0.000 309.275 0.000 808.758
597.437 0.000 0.000 409.834 0.000 861.715 0.000 0.000
0.000 0.000 0.000 0.000 648.097 0.000 876.166 0.000
482.822 433.185 735.687 0.000 0.000 948.984 0.000 0.000
0.000 0.000 354.116 0.000 680.660 518.348 527.637 0.000
0.000 786.179 0.000 883.921 0.000 589.536 475.240 459.744
364.045 0.000 0.000 597.628 0.000 0.000 0.000 854.199
487.758 514.534 563.715 0.000 0.000 626.435 345.112 0.000
0.000 0.000 389.493 520.131 0.000 0.000 677.295 922.806
0.000 688.085 513.623 0.000 342.845 0.000 0.000 0.000
0.000 306.799 765.256 0.000 422.091 769.251 0.000 0.000
340.984 0.000 0.000 610.219 920.114 0.000 848.480 411.510
0.000 686.574 595.050 805.954 0.000 0.000 759.780 0.000
0.000 619.921 0.000 424.836 307.718 0.000 560.486 0.000
302.795 0.000 710.364 0.000 357.286 0.000 400.557 0.000
0.000 321.933 0.000 0.000 888.523 0.000 0.000 939.931
954.481 914.954 859.150 0.000 0.000 0.000 511.035 438.339
396.492 0.000 0.000 0.000 945.815 0.000 0.000 0.000
322.880 0.000 0.000 669.592 892.545 0.000 0.000 0.000
0.000 0.000 0.000 0.000 787.870 771.597 0.000 0.000
913.576 586.027 0.000 0.000 317.717 0.000 0.000 606.001
0.000 589.436 0.000 0.000 0.000 565.738 0.000 800.977
302.967 781.439 0.000 764.664 0.000 334.355 756.816 0.000
0.000 0.000 376.080 0.000 387.576 678.743 0.000 644.705
0.000 0.000 0.000 0.000 475.935 759.096 588.685 419.590
737.977 788.406 525.744 0.000 969.309 0.000 352.589 562.716
478.690 930.948 0.000 0.000 0.000 567.068 0.000 0.000
827.763 689.061 0.000 0.000 0.000 0.000 0.000 0.000
861.802 0.000 0.000 360.425 769.743 0.000 0.000 529.775
0.000 380.114 700.583 585.375 0.000 0.000 350.097 0.000
801.503 858.113 816.277 639.644 560.444 805.652 0.000 893.582
436.553 0.000 0.000 361.424 0.000 0.000 0.000 590.200
882.605 704.526 0.000 999.887 0.000 0.000 0.000 0.000
0.000 0.000 923.290 0.000 375.878 889.195 546.763 482.187
997.534 0.000 0.000 0.000 0.000 0.000 813.349 0.000
831.126 0.000 386.155 0.000 921.213 0.000 377.052 940.583
0.000 652.831 359.348 0.000 850.907 993.043 0.000 0.000
941.018 793.643 0.000 0.000 0.000 0.000 460.672 489.981
764.078 0.000 0.000 0.000 327.398 830.214 0.000 0.000
595.159 0.000 0.000 0.000 808.084 0.000 617.289 0.000
686.629 0.000 0.000 0.000 941.178 452.713 0.000 0.000
661.924 0.000 0.000 326.822 0.000 751.065 0.000 0.000
410.442 0.000 0.000 0.000 0.000 327.254 985.765 0.000
886.058 593.645 0.000 346.877 734.723 0.000 0.000 0.000
0.000 945.458 0.000 0.000 0.000 764.310 0.000 350.829
449.561 0.000 0.000 818.724 782.982 0.000 0.000 0.000
671.813 0.000 0.000 600.136 0.000 0.000 715.619 430.481
784.386 0.000 0.000 588.270 0.000 0.000 0.000 0.000
0.000 0.000 808.264 396.059 323.725 0.000 0.000 425.902
0.000 0.000 0.000 0.000 0.000 538.444 762.198 0.000
0.000 778.159 0.000 345.620 0.000 609.959 0.000 617.238
503.461 812.779 0.000 0.000 595.317 793.413 919.515 0.000
766.422 0.000 0.000 0.000 861.396 509.157 0.000 869.689
686.264 493.063 0.000 520.410 619.023 0.000 0.000 942.397
0.000 783.911 0.000 0.000 971.052 668.938 0.000 0.000
0.000 0.000 687.465 0.000 758.645 0.000 442.869 0.000
357.723 686.826 429.951 0.000 975.649 0.000 505.770 0.000
0.000 735.448 306.955 746.882 0.000 0.000 677.445 0.000
0.000 0.000 433.409 0.000 949.925 0.000 0.000 361.571
804.965 0.000 423.035 789.506 666.455 517.103 0.000 565.048
392.551 0.000 0.000 941.464 901.491 0.000 0.000 0.000
0.000 0.000 0.000 415.585 519.003 910.112 0.000 0.000
391.631 0.000 696.453 752.934 0.000 0.000 0.000 633.974
524.566 0.000 716.306 0.000 0.000 0.000 301.861 428.013
736.677 887.566 452.326 892.414 0.000 871.529 642.836 0.000
927.639 956.721 0.000 308.019 0.000 833.174 768.982 504.426
0.000 566.398 804.255 0.000 0.000 352.513 731.284 577.130
459.006 591.806 468.422 0.000 0.000 0.000 0.000 0.000
0.000 544.294 445.208 917.989 395.065 325.011 643.298 0.000
0.000 0.000 0.000 642.534 0.000 0.000 657.733 891.104
955.238 0.000 0.000 974.096 812.020 0.000 0.000 0.000
891.829 638.753 0.000 607.146 833.180 821.902 0.000 822.644
0.000 813.931 941.741 0.000 0.000 0.000 428.276 0.000
0.000 0.000 666.861 0.000 522.484 0.000 0.000 360.721
477.460 0.000 0.000 0.000 940.224 0.000 0.000 0.000
502.971 772.157 0.000 890.319 0.000 0.000 543.810 651.908
956.830 981.836 868.602 0.000 0.000 971.973 0.000 431.806
813.620 717.657 0.000 0.000 951.023 833.659 668.933 668.870
0.000 764.393 0.000 0.000 612.231 576.458 0.000 503.178
0.000 400.756 491.402 786.000 0.000 0.000 0.000 0.000
0.000 0.000 0.000 945.669 0.000 750.340 0.000 861.233
980.865 0.000 0.000 409.266 0.000 0.000 0.000 0.000
929.302 0.000 329.500 659.425 0.000 555.659 674.303 0.000
0.000 0.000 633.984 399.522 539.810 330.267 680.879 517.157
0.000 0.000 528.223 0.000 0.000 0.000 0.000 603.287
533.935 954.133 0.000 628.990 0.000 810.820 812.566 0.000
0.000 963.445 422.839 0.000 491.959 858.138 494.882 985.600
438.550 0.000 0.000 0.000 0.000 0.000 0.000 390.470
713.466 0.000 440.447 917.071 726.541 606.625 0.000 709.553
0.000 457.034 0.000 0.000 0.000 0.000 495.609 915.822
0.000 0.000 0.000 0.000 699.338 356.419 530.952 0.000
0.000 982.604 0.000 0.000 0.000 617.961 463.674 966.107
0.000 0.000 0.000 391.746 609.352 0.000 439.890 502.864
0.000 361.182 703.146 0.000 761.908 0.000 940.270 0.000
911.450 0.000 456.761 0.000 0.000 736.205 0.000 0.000
0.000 668.282 977.992 0.000 0.000 584.135 0.000 0.000
0.000 0.000 0.000 968.387 0.000 729.882 622.644 440.963
0.000 0.000 375.237 572.862 0.000 0.000 844.392 0.000
593.163 902.746 0.000 0.000 926.456 0.000 0.000 0.000
0.000 791.854 0.000 0.000 0.000 862.638 957.048 926.024
720.878 0.000 892.903 0.000 645.087 0.000 0.000 792.264
0.000 0.000 321.101 0.000 696.157 0.000 488.388 977.189
0.000 0.000 0.000 479.145 340.155 0.000 0.000 978.375
711.896 580.628 0.000 0.000 323.670 0.000 834.494 0.000
776.189 0.000 401.803 0.000 626.031 0.000 551.706 641.011
0.000 728.397 380.671 593.952 0.000 823.844 0.000 452.471
0.000 0.000 0.000 888.519 0.000 0.000 0.000 0.000
377.731 0.000 699.386 456.111 391.423 0.000 742.135 0.000
0.000 947.948 0.000 490.529 0.000 744.036 992.527 0.000
570.854 0.000 593.965 447.370 0.000 459.229 0.000 0.000
0.000 417.658 0.000 832.937 0.000 0.000 0.000 0.000
0.000 0.000 716.555 0.000 758.258 727.036 0.000 0.000
427.671 0.000 615.352 306.349 0.000 689.243 0.000 350.478
791.017 443.539 639.467 964.092 823.168 0.000 548.526 537.307
0.000 613.518 736.903 0.000 0.000 0.000 886.667 926.299
642.289 828.471 0.000 774.275 0.000 372.735 942.250 908.472
470.500 0.000 0.000 704.889 471.352 0.000 531.791 930.138
0.000 0.000 619.949 703.908 963.061 983.815 723.879 775.137
0.000 0.000 848.616 0.000 399.763 494.271 0.000 809.909
395.356 0.000 0.000 680.460 0.000 0.000 0.000 376.075
742.520 745.728 663.018 0.000 450.116 0.000 0.000 991.065
0.000 398.846 639.712 784.091 0.000 534.774 940.955 0.000
697.656 573.728 0.000 626.748 0.000 308.856 653.857 326.500
472.471 0.000 880.087 0.000 0.000 480.028 475.133 0.000
429.028 0.000 0.000 0.000 771.833 437.348 0.000 327.032
797.776 0.000 0.000 0.000 0.000 0.000 366.579 553.022
448.776 967.532 840.468 585.650 0.000 0.000 0.000 527.416
623.647 0.000 0.000 540.576 376.176 565.731 552.171 691.697
0.000 824.417 0.000 0.000 792.051 0.000 0.000 0.000
0.000 0.000 865.156 326.429 923.188 803.379 735.933 0.000
598.192 925.023 906.213 504.932 322.435 0.000 0.000 0.000
657.324 0.000 387.911 0.000 978.071 0.000 481.975 0.000
712.942 419.279 544.393 575.162 0.000 370.575 0.000 405.031
516.221 615.456 0.000 567.872 0.000 0.000 0.000 492.425
724.068 977.571 0.000 572.712 0.000 0.000 650.192 0.000
670.063 0.000 553.712 0.000 830.019 444.581 685.107 0.000
779.757 0.000 0.000 302.438 0.000 0.000 0.000 530.146
926.992 0.000 852.540 639.303 0.000 400.790 476.264 0.000
0.000 569.602 0.000 515.658 566.948 0.000 396.820 494.307
0.000 0.000 0.000 398.962 0.000 0.000 0.000 0.000
0.000 700.675 0.000 555.327 0.000 694.642 0.000 0.000
0.000 0.000 0.000 0.000 629.824 525.783 389.699 428.057
0.000 716.590 451.867 0.000 653.925 0.000 0.000 564.663
0.000 997.533 0.000 824.461 0.000 0.000 499.912 570.939
0.000 0.000 487.391 0.000 0.000 0.000 956.727 308.295
0.000 0.000 603.747 0.000 945.451 0.000 0.000 922.863
0.000 0.000 0.000 0.000 0.000 348.906 0.000 859.876
816.362 685.206 0.000 0.000 367.998 379.030 722.528 0.000
573.345 0.000 0.000 0.000 574.376 0.000 801.147 0.000
846.057 853.768 0.000 0.000 0.000 549.217 0.000 909.025
0.000 0.000 0.000 0.000 0.000 561.267 588.259 484.132
686.647 647.556 0.000 0.000 0.000 307.373 851.432 0.000
0.000 0.000 532.233 0.000 666.697 973.689 0.000 0.000
0.000 790.885 0.000 680.927 885.850 802.028 0.000 0.000
0.000 830.180 0.000 0.000 0.000 364.776 862.990 0.000
667.785 0.000 0.000 777.051 0.000 666.989 0.000 690.117
835.205 642.491 0.000 0.000 0.000 0.000 877.747 746.831
376.339 644.733 0.000 659.729 0.000 0.000 0.000 0.000
0.000 0.000 0.000 0.000 593.516 746.685 0.000 577.089
331.046 692.811 0.000 0.000 0.000 660.575 0.000 474.966
0.000 590.054 765.023 0.000 440.201 0.000 0.000 0.000
735.272 0.000 0.000 0.000 0.000 542.566 0.000 0.000
0.000 607.669 730.938 0.000 916.796 836.833 0.000 0.000
0.000 0.000 420.452 474.461 0.000 922.802 599.047 713.457
0.000 546.783 318.865 556.598 307.572 988.239 928.468 526.356
0.000 669.905 0.000 0.000 0.000 808.444 0.000 0.000
899.593 0.000 531.999 978.064 856.394 0.000 0.000 315.221
0.000 0.000 969.890 750.197 879.087 597.344 0.000 0.000
599.591 372.154 513.191 475.535 0.000 982.597 0.000 0.000
915.988 0.000 0.000 863.278 0.000 0.000 694.001 0.000
561.008 579.210 651.253 0.000 561.712 904.804 0.000 0.000
738.609 0.000 0.000 663.813 0.000 615.322 764.297 425.039
678.790 417.625 418.774 0.000 564.981 0.000 772.021 0.000
590.736 0.000 0.000 0.000 0.000 0.000 344.366 821.755
0.000 0.000 929.081 0.000 0.000 0.000 0.000 0.000
928.635 637.737 0.000 855.615 0.000 0.000 391.895 0.000
444.818 0.000 692.391 0.000 0.000 0.000 0.000 0.000
0.000 0.000 824.296 884.035 0.000 609.011 596.553 0.000
774.250 0.000 0.000 522.700 355.388 0.000 0.000 0.000
650.150 662.841 843.810 0.000 0.000 753.445 0.000 653.268
833.456 626.590 716.795 984.621 0.000 0.000 0.000 364.226
771.140 0.000 384.398 943.864 0.000 923.019 0.000 0.000
629.924 0.000 0.000 750.733 418.514 0.000 877.543 362.491
0.000 0.000 637.877 859.002 0.000 0.000 0.000 703.340
0.000 583.624 502.231 545.508 667.563 0.000 0.000 0.000
0.000 0.000 819.627 0.000 341.487 0.000 405.676 589.276
353.759 553.091 0.000 315.391 708.422 0.000 0.000 676.374
504.936 0.000 350.725 838.114 538.956 959.075 0.000 0.000
0.000 425.999 0.000 906.181 0.000 0.000 0.000 0.000
847.354 0.000 459.445 0.000 744.581 0.000 0.000 562.098
473.152 0.000 963.297 0.000 0.000 746.169 351.020 0.000
0.000 426.170 373.823 741.429 0.000 360.361 0.000 900.636
437.336 445.613 526.334 0.000 350.081 760.705 0.000 369.417
0.000 0.000 815.242 0.000 0.000 332.639 556.564 0.000
0.000 0.000 680.773 0.000 0.000 0.000 0.000 858.414
0.000 807.633 0.000 0.000 0.000 403.467 0.000 0.000
0.000 427.112 372.012 0.000 636.461 0.000 0.000 591.034
0.000 797.847 0.000 0.000 0.000 0.000 0.000 373.504
0.000 492.427 0.000 0.000 0.000 806.606 0.000 0.000
400.911 314.714 0.000 0.000 426.661 802.933 0.000 0.000
546.311 0.000 347.510 0.000 0.000 0.000 0.000 786.671
0.000 0.000 987.546 611.671 0.000 0.000 705.307 380.690
0.000 0.000 418.059 0.000 708.932 0.000 698.213 0.000
0.000 724.242 451.062 0.000 0.000 0.000 787.895 0.000
465.403 0.000 587.086 0.000 793.292 303.925 639.625 0.000
465.402 0.000 872.157 546.624 388.864 0.000 767.943 0.000
856.547 0.000 837.051 702.292 0.000 536.999 453.018 0.000
0.000 663.806 625.297 0.000 0.000 968.696 598.062 0.000
0.000 305.010 389.517 304.776 0.000 738.271 0.000 0.000
638.834 0.000 934.731 647.545 667.003 0.000 410.375 377.754
0.000 0.000 0.000 0.000 0.000 0.000 944.888 0.000
0.000 681.880 573.555 0.000 874.757 795.950 362.195 0.000
456.408 460.569 0.000 0.000 0.000 0.000 0.000 0.000
0.000 0.000 577.079 778.498 0.000 318.654 0.000 576.336
844.099 682.253 0.000 0.000 0.000 325.183 0.000 864.906
0.000 810.512 0.000 636.757 653.139 0.000 355.495 0.000
0.000 0.000 0.000 572.639 0.000 0.000 0.000 0.000
402.262 671.165 0.000 0.000 0.000 0.000 870.829 0.000
937.567 0.000 652.886 666.873 753.705 0.000 314.595 0.000
0.000 649.650 0.000 600.505 733.492 0.000 818.220 0.000
714.774 0.000 0.000 394.993 937.655 0.000 0.000 0.000
911.617 0.000 783.327 0.000 560.141 0.000 423.632 871.340
0.000 695.944 0.000 0.000 417.641 0.000 0.000 0.000
751.169 313.209 0.000 0.000 571.418 424.452 361.384 0.000
584.828 683.987 0.000 320.497 435.471 810.302 0.000 0.000
0.000 0.000 756.449 554.720 0.000 0.000 0.000 391.542
0.000 692.138 0.000 0.000 747.004 516.019 602.834 597.585
0.000 0.000 0.000 0.000 883.952 319.045 594.307 0.000
325.108 386.080 0.000 414.587 0.000 498.812 469.031 355.327
720.734 0.000 0.000 689.807 789.145 0.000 0.000 629.839
0.000 0.000 708.104 0.000 0.000 901.127 0.000 0.000
0.000 879.985 0.000 454.940 0.000 681.211 0.000 0.000
436.785 0.000 826.312 0.000 469.000 463.002 0.000 661.073
0.000 808.728 0.000 851.559 0.000 0.000 688.903 575.373
0.000 0.000 0.000 0.000 0.000 0.000 0.000 870.746
765.637 0.000 0.000 0.000 0.000 0.000 0.000 706.177
729.335 352.156 846.834 469.537 857.306 0.000 0.000 0.000
0.000 0.000 906.718 875.739 0.000 0.000 756.603 0.000
0.000 0.000 501.345 934.541 0.000 0.000 465.732 0.000
548.082 0.000 689.007 462.816 441.816 0.000 941.865 0.000
900.688 0.000 739.399 941.559 0.000 0.000 0.000 336.965
541.313 0.000 538.153 0.000 393.373 392.684 515.202 331.951
532.008 582.536 998.479 0.000 0.000 0.000 510.111 364.136
988.629 729.305 593.477 514.584 959.514 622.506 922.507 733.670
986.048 980.447 993.816 0.000 0.000 800.956 874.190 490.387
0.000 865.043 0.000 0.000 849.564 0.000 0.000 0.000
437.789 0.000 972.457 0.000 0.000 721.844 0.000 0.000
382.926 955.178 0.000 0.000 831.030 0.000 0.000 0.000
0.000 0.000 366.525 0.000 782.726 0.000 424.603 335.375
330.971 847.851 370.561 0.000 314.020 346.017 0.000 500.420
659.621 0.000 956.564 0.000 0.000 0.000 0.000 345.588
600.840 0.000 953.991 834.134 0.000 0.000 0.000 0.000
0.000 0.000 0.000 354.254 0.000 0.000 0.000 0.000
0.000 0.000 0.000 934.613 459.833 907.539 0.000 0.000
786.251 708.280 589.286 396.725 0.000 0.000 938.638 748.563
0.000 0.000 967.662 0.000 0.000 0.000 729.854 381.016
902.857 482.076 869.955 0.000 377.030 0.000 0.000 385.207
818.802 0.000 0.000 0.000 0.000 950.472 0.000 0.000
661.853 372.930 0.000 0.000 0.000 675.180 512.648 302.836
0.000 832.882 0.000 805.080 884.243 361.178 442.724 809.402
0.000 0.000 0.000 586.194 0.000 0.000 0.000 0.000
362.317 0.000 686.224 955.621 0.000 0.000 316.229 318.606
764.182 880.445 0.000 0.000 857.849 478.169 949.018 0.000
0.000 0.000 0.000 581.557 0.000 0.000 426.959 0.000
0.000 0.000 0.000 896.127 0.000 667.395 319.003 0.000
645.257 0.000 885.928 679.251 824.472 306.936 0.000 0.000
0.000 0.000 0.000 0.000 0.000 717.889 0.000 0.000
0.000 577.448 717.887 792.019 0.000 350.664 718.511 906.294
632.801 893.851 895.078 0.000 0.000 390.884 940.141 0.000
0.000 0.000 318.484 905.081 367.401 0.000 300.740 0.000
777.910 428.842 0.000 0.000 517.633 945.613 0.000 0.000
0.000 839.281 856.409 0.000 715.581 0.000 436.546 0.000
0.000 0.000 0.000 982.572 845.814 985.286 0.000 662.902
323.809 0.000 0.000 0.000 616.976 0.000 379.938 388.241
824.839 722.306 671.190 0.000 796.604 658.813 842.126 0.000
694.819 676.720 0.000 0.000 0.000 533.078 877.065 0.000
0.000 0.000 0.000 456.365 920.464 0.000 886.341 774.166
336.112 0.000 374.661 595.761 818.286 0.000 480.875 856.367
0.000 0.000 425.998 0.000 0.000 344.614 0.000 355.349
465.454 939.077 330.818 894.955 564.996 0.000 0.000 998.545
0.000 655.634 947.011 0.000 0.000 0.000 681.978 0.000
0.000 693.141 427.182 0.000 0.000 589.563 686.427 0.000
757.309 453.524 0.000 885.168 774.501 407.714 575.435 789.772
0.000 0.000 0.000 0.000 790.585 0.000 0.000 0.000
817.199 0.000 0.000 609.298 467.481 570.848 598.952 815.062
0.000 755.942 318.193 0.000 0.000 899.899 324.238 0.000
0.000 0.000 0.000 470.314 731.624 560.650 0.000 567.473
624.755 0.000 622.491 0.000 0.000 594.173 0.000 622.328
834.444 0.000 0.000 660.592 0.000 0.000 0.000 311.578
954.215 346.446 0.000 529.397 0.000 0.000 0.000 0.000
796.134 0.000 539.034 0.000 963.981 0.000 0.000 0.000
653.363 542.347 480.911 0.000 0.000 0.000 0.000 0.000
0.000 0.000 715.179 0.000 755.023 346.249 0.000 520.307
567.652 0.000 412.214 0.000 0.000 0.000 493.192 475.115
608.943 0.000 0.000 509.994 563.962 0.000 0.000 703.954
0.000 917.046 0.000 811.493 0.000 0.000 723.643 0.000
0.000 732.172 966.873 0.000 507.056 558.066 650.863 0.000
0.000 0.000 311.027 840.928 730.887 566.483 0.000 902.704
0.000 770.721 967.253 337.869 0.000 0.000 710.385 0.000
514.681 0.000 604.119 649.817 0.000 934.536 677.275 751.846
0.000 0.000 0.000 0.000 473.368 985.657 0.000 301.538
0.000 789.749 0.000 517.836 0.000 404.714 0.000 998.403
884.679 0.000 0.000 627.979 0.000 0.000 0.000 0.000
743.656 823.296 831.283 0.000 0.000 0.000 392.981 0.000
0.000 815.253 776.416 507.965 0.000 797.181 549.708 0.000
0.000 590.965 701.844 0.000 0.000 873.954 528.969 522.106
505.264 0.000 735.553 0.000 521.609 0.000 0.000 0.000
0.000 0.000 0.000 0.000 518.118 620.425 0.000 0.000
800.708 0.000 628.936 0.000 0.000 926.643 0.000 822.120
635.298 714.824 0.000 860.990 0.000 460.114 0.000 0.000
669.529 746.497 0.000 411.722 0.000 0.000 800.055 317.941
816.193 0.000 0.000 0.000 0.000 902.878 418.279 0.000
0.000 0.000 0.000 0.000 0.000 0.000 634.158 0.000
0.000 702.760 305.852 0.000 486.703 877.231 0.000 450.300
0.000 969.943 0.000 763.618 0.000 0.000 915.155 528.087
0.000 0.000 0.000 0.000 0.000 0.000 953.616 0.000
331.896 0.000 630.300 0.000 478.102 681.918 370.886 773.968
0.000 745.659 0.000 0.000 722.272 414.482 0.000 0.000
0.000 334.177 546.193 713.331 805.518 955.715 0.000 0.000
0.000 0.000 0.000 0.000 346.994 0.000 402.559 796.612
