662.605 0.000 0.000 0.000 550.923 434.037 0.000 0.000
0.000 0.000 0.000 0.000 0.000 721.824 0.000 475.772
0.000 0.000 870.719 648.294 0.000 875.746 0.000 833.639
0.000 0.000 0.000 978.832 0.000 0.000 898.210 0.000
428.098 0.000 0.000 643.056 0.000 0.000 0.000 937.850
0.000 851.691 752.157 0.000 0.000 844.816 309.734 562.467
0.000 687.920 0.000 0.000 640.025 0.000 0.000 0.000
0.000 0.000 0.000 0.000 689.102 439.108 576.123 0.000
0.000 561.663 0.000 875.916 384.171 913.161 0.000 0.000
694.147 574.233 0.000 0.000 568.101 603.021 921.036 0.000
0.000 996.145 0.000 0.000 0.000 542.740 0.000 300.933
888.136 330.324 560.855 356.219 0.000 880.372 645.614 608.596
707.192 571.128 0.000 0.000 0.000 0.000 358.503 0.000
0.000 0.000 0.000 0.000 0.000 612.362 0.000 0.000
949.734 0.000 961.644 0.000 0.000 0.000 0.000 496.897
688.084 0.000 0.000 484.322 827.858 0.000 0.000 880.421
0.000 0.000 638.526 0.000 0.000 0.000 0.000 0.000
950.555 996.373 798.794 0.000 0.000 0.000 539.907 332.388
0.000 0.000 0.000 0.000 864.112 0.000 543.009 0.000
738.111 988.418 706.027 0.000 0.000 936.022 0.000 727.706
0.000 0.000 0.000 790.369 660.127 0.000 0.000 0.000
431.176 389.054 914.488 0.000 0.000 829.921 0.000 751.647
0.000 0.000 677.365 448.161 0.000 0.000 0.000 655.573
556.176 0.000 883.243 0.000 0.000 0.000 340.598 0.000
0.000 523.155 370.007 690.859 0.000 0.000 808.135 839.501
616.834 0.000 0.000 406.137 448.654 996.773 0.000 346.597
0.000 546.837 0.000 0.000 552.259 0.000 460.680 534.726
0.000 0.000 545.904 392.871 0.000 0.000 602.814 0.000
0.000 0.000 0.000 0.000 892.500 0.000 538.414 0.000
0.000 428.589 574.586 739.371 752.180 956.825 422.431 366.711
0.000 951.918 720.546 0.000 878.393 636.969 422.810 328.623
0.000 585.283 0.000 0.000 916.551 705.351 520.637 0.000
629.775 384.472 0.000 670.212 432.053 0.000 826.052 931.011
0.000 710.211 0.000 807.486 0.000 0.000 0.000 612.682
704.243 866.223 776.427 0.000 406.462 0.000 0.000 0.000
0.000 435.811 748.748 0.000 542.011 946.501 0.000 577.769
847.724 781.325 0.000 874.521 824.642 550.572 0.000 0.000
431.149 691.468 0.000 0.000 0.000 995.929 0.000 333.778
769.028 0.000 0.000 0.000 0.000 0.000 0.000 616.323
0.000 0.000 0.000 358.833 861.812 0.000 926.168 678.812
590.884 977.144 794.514 0.000 0.000 683.576 862.818 0.000
558.130 0.000 0.000 0.000 561.676 0.000 0.000 0.000
0.000 784.684 690.805 0.000 0.000 0.000 702.252 0.000
948.766 825.735 737.279 0.000 0.000 616.159 0.000 0.000
994.562 620.341 567.852 0.000 550.958 0.000 866.574 0.000
0.000 806.341 0.000 861.352 0.000 609.047 0.000 348.468
630.077 709.382 0.000 306.413 312.283 0.000 0.000 881.633
0.000 0.000 377.387 450.311 0.000 525.873 0.000 0.000
455.083 934.395 0.000 832.383 0.000 404.387 934.473 0.000
0.000 0.000 0.000 554.052 315.507 0.000 504.025 425.173
0.000 0.000 935.958 569.543 844.940 680.755 775.540 0.000
613.858 0.000 720.886 632.007 0.000 524.233 398.449 322.506
0.000 833.830 551.896 0.000 0.000 356.325 764.034 947.727
866.989 0.000 0.000 0.000 799.268 0.000 755.345 580.807
824.478 676.832 0.000 0.000 965.978 470.434 475.710 930.018
0.000 477.691 0.000 465.742 0.000 806.451 0.000 0.000
793.636 0.000 719.368 0.000 0.000 0.000 839.765 0.000
0.000 572.552 0.000 434.726 794.653 0.000 635.140 432.991
0.000 549.998 0.000 0.000 0.000 322.128 649.007 0.000
0.000 0.000 0.000 457.064 0.000 0.000 0.000 979.269
550.306 0.000 0.000 0.000 824.427 0.000 0.000 482.153
0.000 0.000 0.000 693.059 556.659 0.000 0.000 941.245
0.000 703.032 657.584 0.000 428.995 0.000 896.241 734.117
0.000 0.000 0.000 0.000 644.516 0.000 491.428 777.741
745.329 477.313 0.000 0.000 0.000 0.000 0.000 487.897
657.828 0.000 0.000 750.265 0.000 525.615 0.000 623.694
0.000 0.000 0.000 0.000 0.000 702.904 577.003 833.402
0.000 0.000 953.925 422.833 0.000 914.974 982.007 887.108
0.000 0.000 0.000 0.000 0.000 0.000 741.010 491.472
925.144 522.248 495.763 489.258 515.056 773.250 0.000 886.149
690.559 541.882 375.947 487.945 621.689 0.000 0.000 840.541
0.000 754.814 375.483 449.643 0.000 958.589 0.000 589.624
0.000 0.000 613.471 0.000 677.513 924.480 0.000 529.138
400.428 0.000 0.000 992.985 463.830 365.554 0.000 0.000
0.000 0.000 786.807 909.692 0.000 0.000 542.577 648.144
302.256 0.000 0.000 0.000 0.000 0.000 339.814 0.000
0.000 316.005 482.746 0.000 0.000 0.000 632.253 965.619
0.000 970.022 0.000 554.640 657.619 0.000 0.000 992.691
365.589 0.000 0.000 0.000 484.752 0.000 0.000 0.000
0.000 735.422 632.332 373.982 780.582 840.755 0.000 750.718
314.734 558.935 310.231 0.000 770.763 656.799 0.000 0.000
0.000 0.000 871.245 885.546 447.839 0.000 0.000 0.000
0.000 848.608 824.561 0.000 651.142 0.000 719.285 0.000
641.663 342.485 342.258 712.266 585.087 0.000 0.000 957.860
367.925 0.000 389.587 715.150 0.000 0.000 688.155 940.340
413.791 395.550 646.815 892.108 318.051 0.000 803.150 908.841
388.593 0.000 717.318 0.000 0.000 726.870 596.408 0.000
383.860 569.881 358.357 837.369 363.755 674.723 602.290 900.055
0.000 390.116 635.103 514.220 457.712 933.712 0.000 435.613
970.696 0.000 457.982 0.000 0.000 0.000 0.000 0.000
0.000 0.000 0.000 0.000 361.965 0.000 524.356 549.412
0.000 373.902 0.000 409.054 410.149 0.000 0.000 521.049
0.000 396.264 0.000 408.867 935.573 962.324 0.000 722.817
0.000 628.900 0.000 433.619 0.000 441.583 858.405 878.999
0.000 0.000 0.000 0.000 745.481 0.000 0.000 883.268
0.000 915.845 0.000 820.286 610.925 0.000 0.000 0.000
544.341 426.379 0.000 0.000 0.000 0.000 0.000 0.000
0.000 0.000 0.000 0.000 887.061 0.000 940.934 779.975
0.000 479.959 349.910 0.000 718.895 983.758 898.622 398.074
778.506 306.719 447.083 0.000 0.000 0.000 779.729 0.000
0.000 0.000 0.000 461.579 0.000 0.000 926.530 621.209
0.000 341.782 0.000 794.523 369.323 613.187 690.082 514.046
488.891 0.000 0.000 0.000 805.586 346.374 0.000 0.000
566.258 341.271 0.000 0.000 319.472 0.000 546.007 0.000
0.000 851.831 0.000 927.994 0.000 0.000 0.000 940.336
0.000 386.581 0.000 0.000 713.385 944.180 436.634 566.190
990.817 551.255 0.000 0.000 0.000 458.988 727.744 753.404
876.059 478.803 411.587 923.684 670.845 328.941 405.108 0.000
0.000 0.000 0.000 672.900 346.702 0.000 374.426 0.000
641.766 0.000 0.000 0.000 0.000 0.000 0.000 434.418
346.693 825.364 0.000 312.150 0.000 0.000 0.000 626.242
0.000 470.965 997.671 0.000 0.000 760.700 305.700 0.000
374.984 839.354 0.000 0.000 0.000 0.000 0.000 0.000
0.000 657.695 705.544 970.981 705.495 543.462 0.000 531.598
0.000 398.141 639.493 0.000 646.728 0.000 983.107 0.000
393.701 0.000 0.000 937.773 0.000 0.000 376.856 922.914
0.000 0.000 0.000 340.307 0.000 0.000 0.000 0.000
0.000 0.000 0.000 722.684 0.000 0.000 993.032 0.000
450.074 0.000 0.000 480.174 788.225 977.485 0.000 367.953
0.000 597.821 0.000 0.000 0.000 0.000 0.000 0.000
0.000 723.563 965.328 0.000 976.546 0.000 502.534 663.631
0.000 0.000 0.000 0.000 884.132 799.046 318.957 311.851
636.739 907.848 0.000 0.000 500.509 570.867 479.659 559.266
0.000 0.000 674.915 354.852 488.117 0.000 0.000 420.193
0.000 0.000 0.000 0.000 0.000 326.228 938.694 0.000
425.290 0.000 840.263 0.000 0.000 320.172 714.347 0.000
0.000 445.455 325.788 0.000 766.188 709.412 0.000 0.000
0.000 597.617 0.000 0.000 0.000 379.269 457.862 0.000
394.568 826.221 0.000 846.521 997.725 0.000 474.378 0.000
797.814 328.610 0.000 0.000 308.085 0.000 0.000 0.000
0.000 378.297 438.445 832.997 0.000 959.301 0.000 0.000
0.000 0.000 374.829 0.000 767.313 0.000 849.303 0.000
0.000 0.000 0.000 0.000 370.339 344.395 824.051 425.822
410.917 0.000 964.959 960.241 376.474 608.714 765.157 829.709
0.000 487.260 0.000 0.000 0.000 0.000 654.518 857.506
553.915 0.000 556.914 0.000 787.773 0.000 994.443 0.000
0.000 303.085 654.555 517.287 0.000 0.000 558.388 0.000
0.000 0.000 0.000 0.000 982.228 0.000 0.000 0.000
492.331 0.000 0.000 930.684 0.000 878.030 379.702 333.860
0.000 628.392 0.000 0.000 751.373 0.000 0.000 458.897
710.658 704.624 0.000 473.495 393.260 883.208 495.007 500.470
0.000 855.881 940.243 0.000 944.784 0.000 364.785 668.723
0.000 0.000 0.000 0.000 0.000 0.000 543.848 535.774
0.000 664.469 0.000 0.000 0.000 960.941 508.645 0.000
915.650 331.615 458.730 0.000 0.000 0.000 963.924 0.000
0.000 0.000 0.000 0.000 847.265 715.420 403.973 0.000
548.464 464.024 444.756 638.846 566.522 600.954 538.678 0.000
384.679 435.873 0.000 0.000 416.113 716.421 0.000 910.569
0.000 0.000 0.000 0.000 0.000 324.161 0.000 0.000
805.180 0.000 0.000 0.000 395.705 823.130 413.705 0.000
0.000 335.938 0.000 413.606 438.146 778.932 0.000 555.808
0.000 978.689 0.000 0.000 0.000 868.285 0.000 323.456
527.553 0.000 0.000 656.436 766.534 0.000 0.000 0.000
0.000 0.000 0.000 630.628 0.000 0.000 0.000 0.000
0.000 0.000 312.734 463.310 352.748 0.000 902.998 0.000
0.000 868.778 0.000 0.000 0.000 826.088 0.000 0.000
0.000 0.000 0.000 498.036 0.000 0.000 0.000 341.327
0.000 452.855 0.000 0.000 711.594 0.000 701.828 0.000
0.000 891.079 0.000 0.000 488.976 0.000 372.603 0.000
750.763 355.203 358.660 396.584 0.000 0.000 0.000 0.000
544.999 624.136 396.339 361.975 510.054 529.427 879.727 0.000
752.861 0.000 0.000 0.000 0.000 0.000 618.311 0.000
0.000 341.760 0.000 0.000 633.370 444.248 563.119 652.173
900.063 0.000 0.000 830.148 0.000 0.000 0.000 895.140
0.000 0.000 0.000 526.895 867.026 985.717 666.935 540.659
345.993 0.000 529.137 0.000 880.663 354.623 0.000 0.000
577.368 984.640 837.140 385.682 0.000 0.000 0.000 347.972
776.769 880.167 0.000 0.000 929.623 0.000 0.000 994.909
0.000 583.428 0.000 571.783 663.764 850.191 691.326 0.000
0.000 0.000 0.000 926.423 555.955 0.000 548.778 777.896
495.551 0.000 759.161 0.000 0.000 990.959 621.946 0.000
0.000 0.000 0.000 0.000 0.000 0.000 999.655 709.279
0.000 860.233 333.756 937.255 982.938 403.770 533.828 0.000
576.451 0.000 482.470 0.000 0.000 0.000 856.193 717.375
0.000 610.111 0.000 0.000 744.364 0.000 741.439 749.007
551.578 0.000 0.000 0.000 0.000 0.000 0.000 0.000
955.308 397.734 0.000 0.000 0.000 806.953 0.000 521.078
0.000 0.000 918.226 846.162 0.000 0.000 0.000 0.000
772.833 526.038 0.000 889.385 757.684 630.740 888.281 900.727
0.000 885.716 551.803 964.155 0.000 664.967 0.000 992.301
0.000 376.667 460.112 0.000 0.000 0.000 0.000 779.010
563.888 436.140 901.191 0.000 717.625 883.371 0.000 0.000
465.505 0.000 457.248 761.917 407.137 0.000 355.207 0.000
0.000 0.000 977.519 678.544 303.282 0.000 432.234 815.423
673.123 886.921 336.956 0.000 0.000 0.000 414.700 430.517
579.327 0.000 359.654 806.014 0.000 341.515 531.531 790.434
772.655 0.000 0.000 0.000 0.000 0.000 708.136 0.000
0.000 838.423 956.086 675.767 0.000 709.897 0.000 597.627
709.080 550.477 695.434 487.420 0.000 0.000 321.495 918.312
318.695 0.000 0.000 0.000 0.000 0.000 0.000 0.000
662.292 0.000 0.000 0.000 837.057 0.000 737.478 0.000
685.537 0.000 405.955 492.871 533.037 0.000 0.000 0.000
562.573 488.001 701.480 860.509 613.711 686.016 0.000 0.000
949.555 627.362 765.835 531.516 899.972 0.000 0.000 964.875
747.335 0.000 0.000 660.569 981.253 783.323 0.000 0.000
640.343 830.393 0.000 0.000 0.000 0.000 0.000 398.664
0.000 0.000 0.000 0.000 0.000 760.215 0.000 729.676
454.154 0.000 886.279 0.000 454.935 0.000 935.425 885.287
727.808 600.842 0.000 0.000 0.000 460.487 604.464 538.483
934.857 0.000 930.340 632.312 394.466 0.000 0.000 741.975
0.000 867.087 909.521 473.876 387.614 0.000 0.000 431.753
666.817 604.852 0.000 0.000 0.000 420.905 694.396 866.284
0.000 0.000 0.000 0.000 0.000 399.937 789.507 0.000
832.116 0.000 945.811 600.319 354.006 0.000 0.000 799.029
0.000 0.000 0.000 995.412 0.000 524.831 0.000 0.000
873.657 0.000 653.416 523.869 0.000 0.000 0.000 957.571
559.564 0.000 698.902 0.000 704.188 0.000 0.000 477.568
740.730 764.068 0.000 691.807 0.000 0.000 622.017 824.545
997.276 0.000 446.171 338.732 383.617 486.270 0.000 718.609
531.114 889.348 0.000 0.000 927.994 0.000 600.434 0.000
0.000 0.000 636.066 0.000 866.474 483.647 912.527 0.000
810.562 0.000 0.000 617.210 0.000 0.000 0.000 976.511
436.710 0.000 0.000 0.000 565.958 0.000 973.970 0.000
952.843 736.351 0.000 536.401 887.108 680.053 738.756 367.229
0.000 395.098 323.691 0.000 382.178 338.642 673.680 0.000
670.241 654.871 0.000 426.494 0.000 0.000 491.714 0.000
343.412 0.000 735.255 0.000 607.082 910.575 523.958 0.000
0.000 476.469 666.051 0.000 724.220 819.436 649.639 0.000
0.000 0.000 0.000 621.299 0.000 0.000 0.000 0.000
0.000 367.423 0.000 372.561 559.036 0.000 0.000 0.000
649.063 396.983 495.103 756.419 737.627 642.210 0.000 972.821
0.000 491.429 0.000 0.000 831.315 746.173 0.000 0.000
0.000 0.000 0.000 0.000 0.000 493.328 505.599 613.922
893.488 494.125 0.000 873.285 0.000 339.098 932.543 0.000
0.000 746.044 0.000 621.935 585.831 325.683 0.000 472.358
973.704 0.000 0.000 0.000 302.089 0.000 0.000 0.000
977.288 0.000 454.415 0.000 891.576 0.000 410.557 0.000
0.000 773.564 0.000 683.153 0.000 792.449 966.308 0.000
0.000 0.000 455.340 0.000 757.149 0.000 575.183 699.993
657.491 309.683 0.000 0.000 580.703 0.000 0.000 370.416
834.372 316.892 773.298 811.247 784.311 939.129 0.000 980.196
982.037 0.000 0.000 539.795 0.000 0.000 0.000 0.000
475.959 0.000 0.000 0.000 0.000 731.748 0.000 555.040
0.000 640.426 719.707 679.200 545.846 0.000 477.251 441.949
422.461 0.000 0.000 0.000 403.843 0.000 0.000 768.924
0.000 672.947 0.000 0.000 0.000 0.000 339.921 0.000
993.932 437.047 0.000 0.000 330.920 839.871 0.000 856.528
919.872 0.000 418.090 699.312 652.919 0.000 543.724 0.000
0.000 459.071 420.794 0.000 422.262 0.000 518.788 0.000
588.417 666.322 0.000 652.797 600.795 0.000 0.000 679.257
0.000 0.000 934.061 310.710 753.482 548.067 0.000 439.903
883.167 0.000 915.465 649.612 0.000 0.000 0.000 0.000
0.000 750.204 0.000 0.000 0.000 0.000 0.000 0.000
677.954 0.000 0.000 0.000 0.000 715.728 0.000 0.000
789.637 738.387 0.000 0.000 0.000 0.000 0.000 848.017
565.150 388.707 0.000 948.955 0.000 365.557 0.000 687.066
0.000 0.000 0.000 976.730 419.919 0.000 302.754 851.088
0.000 0.000 0.000 928.514 0.000 0.000 0.000 0.000
0.000 0.000 958.700 0.000 736.368 0.000 0.000 0.000
876.030 373.305 0.000 0.000 0.000 0.000 0.000 345.657
0.000 926.659 967.508 0.000 0.000 647.761 823.757 0.000
305.549 547.416 0.000 0.000 515.802 0.000 0.000 0.000
986.207 653.591 0.000 361.450 763.902 999.424 956.704 745.347
0.000 857.108 0.000 0.000 488.114 645.604 0.000 0.000
0.000 566.556 0.000 0.000 0.000 949.180 0.000 941.372
562.031 0.000 776.464 0.000 916.512 0.000 0.000 421.325
975.988 516.295 0.000 567.200 0.000 616.794 627.057 363.394
0.000 0.000 0.000 633.087 752.638 0.000 354.728 926.128
0.000 0.000 0.000 698.885 0.000 0.000 0.000 695.878
0.000 425.131 0.000 567.231 693.684 610.000 329.882 664.063
0.000 0.000 0.000 0.000 738.293 917.939 0.000 939.355
857.886 0.000 0.000 0.000 0.000 0.000 0.000 0.000
0.000 725.654 0.000 320.996 526.684 0.000 0.000 0.000
0.000 564.364 0.000 346.109 0.000 0.000 488.306 538.295
0.000 602.016 622.328 0.000 0.000 0.000 577.080 0.000
0.000 511.505 713.413 0.000 0.000 0.000 767.313 0.000
0.000 738.041 0.000 0.000 413.553 734.827 0.000 746.477
0.000 582.815 0.000 0.000 0.000 0.000 705.382 0.000
0.000 309.972 0.000 865.793 751.510 893.599 606.925 0.000
613.493 514.615 0.000 0.000 0.000 519.763 681.475 0.000
726.799 0.000 949.991 835.946 967.241 0.000 0.000 790.832
0.000 0.000 931.253 0.000 0.000 0.000 927.187 0.000
0.000 0.000 0.000 400.577 900.837 823.202 0.000 958.162
0.000 0.000 0.000 635.970 862.334 701.733 0.000 0.000
315.619 812.173 528.864 444.302 0.000 0.000 0.000 356.660
523.042 409.649 587.350 0.000 0.000 0.000 639.123 527.644
0.000 0.000 722.511 862.399 0.000 951.490 0.000 0.000
0.000 0.000 403.490 0.000 0.000 667.889 0.000 0.000
0.000 610.055 957.959 461.438 750.053 315.040 377.780 0.000
0.000 316.432 0.000 0.000 971.240 858.289 695.360 0.000
0.000 0.000 0.000 0.000 789.850 0.000 350.615 0.000
0.000 452.041 794.695 0.000 432.585 0.000 652.255 497.658
0.000 0.000 651.379 0.000 0.000 310.684 503.280 0.000
0.000 881.266 733.776 0.000 551.925 890.803 0.000 897.539
0.000 0.000 668.320 936.829 423.938 580.846 0.000 0.000
930.285 0.000 823.914 972.002 0.000 333.699 481.363 0.000
946.345 0.000 416.276 0.000 0.000 0.000 443.303 940.642
0.000 0.000 0.000 0.000 0.000 0.000 571.651 0.000
476.559 548.141 358.591 316.285 786.214 560.362 855.468 891.405
0.000 0.000 0.000 0.000 989.128 0.000 0.000 0.000
0.000 0.000 533.080 0.000 746.061 0.000 631.102 0.000
879.107 970.492 0.000 0.000 0.000 0.000 0.000 0.000
0.000 604.591 760.731 0.000 820.868 0.000 696.454 980.387
877.210 402.685 322.721 342.323 0.000 0.000 728.736 933.267
0.000 0.000 783.899 450.919 0.000 383.595 0.000 949.365
575.765 0.000 0.000 0.000 431.498 0.000 744.515 0.000
0.000 0.000 0.000 0.000 734.716 972.708 0.000 577.176
0.000 0.000 797.652 0.000 0.000 0.000 0.000 564.729
0.000 744.272 755.407 923.759 357.822 0.000 733.787 354.663
957.335 396.642 659.996 0.000 0.000 725.790 0.000 493.083
411.562 0.000 0.000 0.000 503.365 0.000 342.124 824.921
531.487 420.672 0.000 707.296 0.000 0.000 308.078 584.771
0.000 895.141 684.375 466.098 0.000 348.977 990.840 546.895
0.000 459.766 0.000 556.776 899.509 0.000 0.000 0.000
413.921 947.931 0.000 0.000 337.041 972.101 390.634 0.000
0.000 0.000 562.181 0.000 810.977 0.000 936.386 0.000
0.000 0.000 0.000 902.058 0.000 0.000 0.000 314.690
0.000 975.811 0.000 0.000 438.807 0.000 0.000 544.187
420.438 0.000 534.602 0.000 0.000 807.458 311.918 0.000
358.180 575.387 760.799 428.232 347.681 426.607 0.000 0.000
0.000 0.000 0.000 439.600 0.000 0.000 0.000 0.000
519.611 468.046 784.868 414.501 974.375 0.000 823.139 776.463
324.569 711.212 765.811 477.492 302.593 0.000 0.000 851.032
0.000 0.000 0.000 0.000 974.005 0.000 995.690 0.000
558.420 0.000 306.200 0.000 0.000 831.417 0.000 0.000
0.000 0.000 0.000 0.000 355.246 0.000 0.000 0.000
590.958 0.000 336.320 597.613 0.000 0.000 855.733 777.677
0.000 431.251 902.055 0.000 0.000 0.000 674.657 0.000
554.346 658.869 366.792 0.000 948.323 357.050 0.000 0.000
661.941 343.532 0.000 314.535 0.000 941.047 453.718 0.000
336.401 329.486 0.000 307.251 569.899 372.853 0.000 596.551
0.000 812.194 472.004 901.329 0.000 0.000 0.000 954.286
938.430 467.539 0.000 0.000 0.000 905.184 483.543 790.141
0.000 0.000 954.695 0.000 0.000 0.000 0.000 699.937
814.166 0.000 351.439 813.024 0.000 0.000 379.730 0.000
623.334 692.618 423.365 0.000 983.369 0.000 0.000 955.025
0.000 0.000 911.113 881.459 669.323 0.000 773.219 997.132
958.859 959.741 0.000 0.000 379.726 0.000 664.856 0.000
777.945 398.438 0.000 807.002 424.714 0.000 846.049 960.522
880.021 0.000 779.322 946.183 0.000 481.684 0.000 556.038
406.584 0.000 792.120 332.053 0.000 909.479 0.000 0.000
0.000 303.140 0.000 0.000 0.000 491.352 644.345 649.195
547.744 0.000 0.000 547.365 341.041 372.630 432.141 506.497
875.460 301.624 402.313 0.000 0.000 708.783 931.048 352.873
586.685 470.918 0.000 878.476 872.044 0.000 829.783 0.000
0.000 0.000 803.791 579.905 718.036 0.000 669.231 810.993
0.000 0.000 0.000 0.000 0.000 0.000 864.508 380.501
333.935 470.584 754.252 0.000 762.418 954.305 0.000 0.000
603.873 0.000 0.000 0.000 671.775 676.274 928.557 0.000
0.000 623.108 587.222 0.000 0.000 700.358 915.769 418.304
638.438 656.376 909.699 0.000 355.451 508.914 664.800 894.296
488.763 878.834 892.743 342.309 0.000 730.266 660.136 708.513
934.424 478.192 520.886 0.000 314.722 0.000 410.323 762.989
650.633 709.446 0.000 0.000 0.000 0.000 0.000 985.342
736.781 0.000 504.672 304.468 895.597 0.000 301.966 843.987
664.269 0.000 814.532 422.973 870.269 0.000 626.066 998.353
453.700 681.271 0.000 835.023 0.000 587.785 0.000 0.000
405.205 562.190 0.000 356.778 0.000 0.000 976.696 437.327
704.786 326.375 0.000 0.000 0.000 0.000 0.000 0.000
713.597 0.000 0.000 907.983 0.000 0.000 0.000 0.000
0.000 0.000 0.000 568.068 0.000 675.116 0.000 0.000
728.631 0.000 0.000 0.000 761.834 901.182 976.190 0.000
0.000 373.289 498.364 340.824 0.000 634.303 0.000 922.774
305.112 854.295 0.000 828.249 889.385 858.900 359.838 859.920
0.000 896.698 666.675 850.834 0.000 433.307 848.799 0.000
0.000 595.816 0.000 328.361 663.674 979.564 933.355 786.258
0.000 0.000 755.164 836.386 0.000 0.000 0.000 0.000
0.000 789.989 0.000 0.000 0.000 0.000 0.000 0.000
371.195 0.000 0.000 0.000 602.024 618.538 0.000 0.000
324.105 727.163 0.000 933.005 0.000 365.272 0.000 366.346
0.000 0.000 0.000 513.066 541.561 686.778 0.000 0.000
797.563 672.576 702.075 837.557 0.000 0.000 941.974 0.000
755.011 554.169 0.000 0.000 785.831 752.542 0.000 921.744
648.121 608.406 929.326 305.137 0.000 477.075 339.769 0.000
894.678 830.778 0.000 0.000 648.023 0.000 586.947 757.676
548.645 0.000 593.387 0.000 0.000 0.000 973.995 605.828
452.275 0.000 0.000 666.197 461.892 903.887 803.078 0.000
402.592 865.720 609.302 0.000 801.798 806.183 0.000 0.000
765.024 930.256 845.672 0.000 317.550 668.778 503.355 421.315
0.000 0.000 969.623 0.000 322.332 478.140 0.000 0.000
343.526 779.756 862.546 958.086 617.542 628.402 0.000 0.000
580.413 806.125 0.000 0.000 970.091 998.639 389.873 811.595
0.000 747.534 0.000 499.243 0.000 0.000 379.690 0.000
443.003 0.000 839.805 0.000 418.460 483.977 0.000 623.415
0.000 0.000 0.000 913.616 963.204 569.110 0.000 413.169
0.000 0.000 0.000 0.000 0.000 421.893 0.000 0.000
0.000 322.821 557.025 627.218 0.000 369.817 0.000 0.000
622.049 0.000 588.529 0.000 0.000 0.000 538.383 814.570
0.000 669.699 606.326 837.080 348.175 0.000 636.030 313.005
0.000 388.079 0.000 0.000 0.000 0.000 0.000 615.190
0.000 0.000 622.474 0.000 820.927 347.915 0.000 0.000
672.181 491.675 0.000 542.098 317.067 420.254 454.356 862.671
0.000 0.000 0.000 765.877 968.882 0.000 0.000 0.000
0.000 0.000 0.000 650.614 402.610 307.974 0.000 0.000
0.000 580.409 0.000 824.263 0.000 0.000 0.000 0.000
548.852 0.000 0.000 732.684 0.000 431.683 0.000 0.000
0.000 0.000 0.000 0.000 0.000 362.864 0.000 907.260
0.000 854.516 541.217 0.000 856.800 773.162 750.898 0.000
892.201 0.000 0.000 0.000 346.121 418.025 530.586 590.166
0.000 897.405 0.000 500.259 731.946 716.056 0.000 0.000
351.783 0.000 0.000 639.670 903.144 554.283 0.000 0.000
576.449 698.977 881.836 347.342 0.000 0.000 0.000 0.000
629.865 728.722 0.000 931.237 763.560 309.590 0.000 0.000
443.636 0.000 302.767 546.498 672.626 790.349 687.833 764.438
0.000 526.563 0.000 0.000 476.251 0.000 728.959 497.457
977.366 0.000 0.000 0.000 0.000 0.000 455.036 984.483
0.000 877.976 774.977 892.687 890.485 0.000 0.000 0.000
0.000 888.400 0.000 556.367 0.000 0.000 0.000 610.271
774.985 656.063 0.000 0.000 0.000 520.542 432.893 0.000
897.152 670.731 0.000 0.000 0.000 356.610 317.256 772.819
675.953 792.276 0.000 0.000 0.000 644.189 0.000 517.220
0.000 0.000 0.000 0.000 899.377 409.905 0.000 0.000
677.491 0.000 978.833 0.000 0.000 0.000 396.526 912.717
490.392 0.000 324.205 0.000 0.000 770.296 714.110 0.000
0.000 0.000 0.000 0.000 676.244 373.953 0.000 0.000
0.000 0.000 0.000 0.000 0.000 760.460 0.000 0.000
0.000 0.000 0.000 531.678 0.000 932.043 0.000 439.322
0.000 0.000 457.336 609.059 0.000 761.028 0.000 589.236
428.123 0.000 0.000 847.989 0.000 430.410 563.630 0.000
0.000 0.000 505.317 513.128 0.000 0.000 412.041 0.000
983.439 706.675 0.000 654.565 0.000 0.000 0.000 928.475
0.000 625.058 397.603 719.958 0.000 935.875 541.442 0.000
481.766 0.000 0.000 749.196 0.000 572.298 0.000 605.310
937.250 536.056 585.940 620.598 891.157 873.426 321.891 808.405
0.000 684.315 924.167 844.913 0.000 0.000 739.227 440.707
0.000 730.120 853.411 327.797 0.000 0.000 498.569 666.454
0.000 516.977 415.081 0.000 670.746 925.086 0.000 501.478
351.423 898.453 0.000 0.000 0.000 643.032 0.000 960.880
0.000 0.000 314.741 0.000 864.518 880.983 0.000 0.000
0.000 726.344 687.836 0.000 0.000 810.605 0.000 428.266
721.191 0.000 0.000 303.057 0.000 0.000 0.000 507.975
0.000 719.326 423.198 662.325 0.000 587.661 0.000 0.000
549.500 0.000 944.888 0.000 953.314 940.222 461.576 631.228
584.160 742.643 0.000 437.712 946.034 0.000 442.341 844.159
0.000 763.034 0.000 352.351 0.000 659.068 612.456 0.000
590.759 0.000 0.000 307.432 0.000 0.000 787.763 998.498
890.280 0.000 898.445 403.511 986.846 0.000 734.498 696.636
606.890 404.365 0.000 0.000 993.748 0.000 0.000 0.000
877.120 0.000 0.000 867.828 0.000 0.000 0.000 0.000
676.656 0.000 0.000 0.000 429.123 976.760 0.000 0.000
0.000 490.748 429.326 492.532 0.000 350.641 535.670 0.000
914.745 304.060 0.000 725.073 0.000 0.000 0.000 399.335
0.000 0.000 0.000 451.241 325.126 985.344 0.000 735.703
885.224 890.583 995.843 823.221 843.188 767.357 0.000 0.000
0.000 378.771 942.999 320.536 406.416 516.601 0.000 772.728
493.063 751.809 0.000 0.000 606.853 972.141 325.786 485.771
0.000 970.110 428.775 614.709 395.159 485.126 0.000 462.011
0.000 571.463 815.880 905.844 0.000 0.000 0.000 0.000
977.119 584.441 991.269 0.000 0.000 966.615 0.000 911.094
761.939 0.000 0.000 756.932 0.000 0.000 0.000 345.041
0.000 0.000 818.526 0.000 0.000 427.786 415.668 558.356
0.000 849.818 0.000 0.000 883.741 956.359 774.182 0.000
0.000 0.000 0.000 0.000 0.000 761.794 0.000 828.547
0.000 0.000 0.000 0.000 0.000 0.000 592.434 434.267
0.000 0.000 935.336 0.000 629.324 882.295 497.557 442.242
713.569 408.321 521.773 813.430 0.000 785.707 818.066 467.234
0.000 0.000 695.995 569.184 764.422 0.000 769.803 0.000
477.299 0.000 409.618 402.961 304.001 0.000 597.724 360.591
0.000 808.328 377.516 795.618 975.788 0.000 0.000 0.000
0.000 747.194 730.382 0.000 0.000 485.723 678.178 872.488
943.606 0.000 0.000 0.000 0.000 0.000 869.943 832.981
553.320 976.428 0.000 494.781 360.265 0.000 693.389 864.178
835.540 0.000 0.000 0.000 393.855 425.221 0.000 605.653
564.606 0.000 388.949 562.482 321.408 0.000 445.244 305.079
0.000 0.000 935.783 391.469 978.577 779.997 943.807 0.000
804.396 865.672 615.797 0.000 956.766 480.236 0.000 702.629
555.521 624.683 730.332 0.000 0.000 743.292 596.759 402.462
0.000 717.799 0.000 960.827 400.201 356.774 724.288 0.000
0.000 819.067 0.000 521.359 866.342 0.000 736.662 943.126
550.441 477.852 0.000 0.000 706.399 0.000 0.000 869.753
339.622 0.000 661.662 0.000 0.000 566.927 0.000 468.988
0.000 720.348 0.000 0.000 0.000 0.000 738.360 0.000
0.000 333.824 0.000 804.428 0.000 390.657 907.280 0.000
0.000 0.000 0.000 0.000 708.217 807.533 0.000 727.741
0.000 816.179 460.664 884.741 753.152 620.459 0.000 913.497
316.637 0.000 592.808 752.674 0.000 650.377 0.000 0.000
420.803 0.000 0.000 0.000 338.266 392.618 997.682 354.320
954.141 511.719 452.824 496.238 577.509 542.351 0.000 0.000
938.489 0.000 959.381 0.000 0.000 0.000 0.000 656.842
0.000 465.163 0.000 0.000 0.000 0.000 0.000 0.000
0.000 587.996 727.971 0.000 773.571 0.000 0.000 0.000
0.000 0.000 0.000 886.293 0.000 634.521 0.000 0.000
0.000 0.000 607.117 0.000 323.397 0.000 540.968 0.000
0.000 0.000 761.620 0.000 628.102 0.000 530.406 632.719
0.000 0.000 0.000 0.000 0.000 355.480 0.000 0.000
0.000 0.000 0.000 617.807 0.000 638.906 0.000 343.339
0.000 0.000 0.000 585.479 0.000 804.199 0.000 0.000
0.000 0.000 0.000 0.000 512.574 0.000 759.195 0.000
0.000 0.000 630.129 684.188 366.990 661.436 0.000 831.621
0.000 382.145 0.000 590.944 392.150 0.000 355.230 767.495
916.102 693.471 0.000 0.000 366.391 794.349 392.193 654.646
0.000 354.524 0.000 470.158 0.000 0.000 959.719 0.000
0.000 0.000 0.000 0.000 0.000 377.071 0.000 0.000
659.683 0.000 0.000 0.000 469.334 0.000 946.479 0.000
654.116 922.939 541.692 784.333 0.000 914.632 0.000 0.000
582.884 0.000 0.000 618.526 545.951 0.000 598.482 0.000
723.894 621.145 0.000 0.000 780.238 0.000 948.766 427.715
943.413 0.000 0.000 924.653 594.793 381.217 666.823 0.000
0.000 0.000 875.488 767.313 374.502 0.000 770.991 855.185
352.015 0.000 671.815 406.074 0.000 955.768 364.435 0.000
745.484 0.000 0.000 0.000 452.088 680.224 0.000 0.000
0.000 554.730 0.000 600.297 584.559 0.000 0.000 944.090
673.492 0.000 0.000 0.000 393.853 435.035 0.000 701.759
476.912 478.590 0.000 915.105 0.000 614.525 0.000 0.000
990.629 739.436 0.000 327.081 0.000 0.000 0.000 517.363
0.000 0.000 0.000 0.000 0.000 856.515 0.000 654.885
739.718 0.000 0.000 505.849 362.012 543.859 787.484 453.322
0.000 0.000 657.281 0.000 834.027 678.008 0.000 0.000
445.265 932.322 0.000 553.866 983.588 0.000 0.000 0.000
0.000 792.379 0.000 0.000 537.599 0.000 0.000 0.000
