760.291 0.000 756.997 738.378 0.000 0.000 0.000 947.949
0.000 0.000 408.187 918.374 0.000 0.000 599.061 0.000
371.747 0.000 377.191 579.587 0.000 790.000 0.000 656.812
429.609 521.806 0.000 668.795 0.000 0.000 783.894 0.000
621.491 961.321 0.000 472.222 978.115 785.013 0.000 347.221
0.000 528.310 540.900 485.571 450.666 414.274 0.000 0.000
518.885 0.000 0.000 936.670 0.000 0.000 433.381 632.776
0.000 386.153 774.213 655.359 0.000 675.415 0.000 0.000
0.000 0.000 748.177 0.000 0.000 709.065 0.000 0.000
0.000 0.000 0.000 642.603 0.000 0.000 0.000 0.000
785.717 633.232 0.000 0.000 0.000 0.000 530.502 0.000
629.874 0.000 811.278 644.788 311.116 737.245 367.982 674.163
955.435 0.000 0.000 349.048 0.000 771.708 0.000 0.000
0.000 853.791 538.061 0.000 0.000 613.742 326.943 506.145
0.000 724.983 0.000 0.000 0.000 393.393 0.000 985.138
0.000 309.217 0.000 0.000 0.000 510.309 0.000 0.000
0.000 394.431 585.849 0.000 0.000 340.354 0.000 874.504
0.000 785.377 815.913 950.389 0.000 0.000 718.559 980.303
0.000 0.000 0.000 793.134 642.566 0.000 947.672 0.000
464.008 777.911 388.970 839.072 0.000 808.949 0.000 0.000
850.523 922.726 695.487 513.772 509.195 0.000 0.000 447.563
671.792 544.598 0.000 778.647 0.000 0.000 555.819 306.041
671.932 544.262 466.942 968.447 866.414 0.000 788.673 0.000
0.000 0.000 0.000 940.379 0.000 751.674 583.417 672.192
677.121 941.169 841.311 697.470 0.000 0.000 731.830 0.000
554.895 458.828 0.000 0.000 0.000 0.000 843.020 847.471
0.000 958.559 0.000 648.234 0.000 773.028 0.000 0.000
851.965 0.000 0.000 0.000 0.000 0.000 0.000 838.331
703.324 664.534 0.000 919.033 0.000 0.000 0.000 0.000
0.000 0.000 0.000 0.000 389.237 0.000 0.000 515.668
0.000 609.292 0.000 876.042 0.000 625.980 368.378 0.000
0.000 0.000 0.000 0.000 893.931 0.000 0.000 567.069
0.000 860.703 0.000 971.918 874.755 0.000 0.000 0.000
0.000 0.000 0.000 0.000 759.821 0.000 0.000 0.000
519.966 600.374 675.687 364.573 718.016 959.692 0.000 0.000
0.000 682.258 0.000 0.000 946.566 644.980 0.000 0.000
485.914 569.687 679.659 0.000 0.000 843.462 0.000 341.039
447.723 0.000 759.457 0.000 0.000 363.216 494.880 614.928
514.018 0.000 632.390 0.000 483.126 678.090 828.202 0.000
0.000 363.540 0.000 930.521 898.921 520.290 0.000 819.221
0.000 470.420 0.000 408.257 553.993 415.742 302.342 379.247
0.000 0.000 0.000 0.000 951.803 0.000 419.252 0.000
0.000 864.128 0.000 990.704 340.584 392.312 919.616 747.124
0.000 0.000 326.723 710.260 0.000 848.839 307.846 726.020
0.000 398.641 0.000 0.000 398.745 892.415 869.628 434.304
549.969 0.000 0.000 0.000 0.000 560.449 0.000 562.361
405.563 691.676 0.000 0.000 0.000 594.604 0.000 0.000
310.943 0.000 0.000 952.569 920.405 995.456 822.279 0.000
962.603 337.016 0.000 835.352 0.000 0.000 0.000 512.737
0.000 0.000 462.439 376.092 632.845 649.357 858.573 0.000
0.000 0.000 501.947 0.000 397.462 0.000 897.771 0.000
0.000 543.824 0.000 300.789 0.000 363.296 930.732 416.786
0.000 610.410 0.000 0.000 0.000 0.000 632.161 0.000
486.177 994.164 0.000 0.000 0.000 556.747 851.288 424.938
555.685 491.260 0.000 952.432 371.747 809.872 0.000 0.000
0.000 0.000 0.000 0.000 774.822 0.000 639.440 0.000
0.000 0.000 0.000 0.000 873.562 544.357 0.000 0.000
592.747 821.412 0.000 0.000 0.000 885.290 770.460 0.000
0.000 0.000 367.434 516.381 932.645 665.885 554.214 448.636
825.357 0.000 0.000 0.000 716.403 0.000 678.086 0.000
0.000 638.382 0.000 0.000 760.869 774.034 0.000 0.000
0.000 414.055 901.987 885.209 574.784 0.000 0.000 0.000
911.666 394.896 917.806 727.591 0.000 0.000 486.397 304.797
0.000 0.000 0.000 398.108 0.000 0.000 0.000 0.000
489.052 843.247 0.000 0.000 0.000 378.454 399.691 0.000
0.000 0.000 0.000 0.000 590.979 0.000 647.029 390.459
713.645 0.000 0.000 874.336 0.000 493.055 687.398 397.667
0.000 713.676 0.000 0.000 0.000 0.000 0.000 793.654
768.355 0.000 0.000 384.689 796.007 0.000 0.000 0.000
0.000 860.490 0.000 824.718 652.361 0.000 0.000 491.946
0.000 647.579 836.279 681.945 0.000 0.000 0.000 0.000
914.953 806.545 0.000 923.245 680.230 0.000 0.000 0.000
0.000 0.000 435.339 934.691 0.000 0.000 588.752 0.000
0.000 0.000 471.869 0.000 521.386 0.000 931.067 0.000
0.000 643.820 934.477 0.000 853.981 500.679 0.000 783.937
668.193 695.970 0.000 0.000 506.852 0.000 0.000 609.752
0.000 730.081 0.000 752.079 0.000 797.340 0.000 489.216
0.000 0.000 655.532 0.000 0.000 567.067 0.000 576.829
0.000 0.000 604.948 0.000 0.000 677.735 816.178 0.000
543.080 373.608 0.000 883.466 0.000 0.000 941.093 517.038
0.000 586.625 841.322 602.276 574.300 0.000 603.259 0.000
507.617 803.529 0.000 0.000 0.000 0.000 0.000 424.989
997.483 0.000 0.000 546.319 0.000 387.104 0.000 0.000
0.000 650.264 0.000 0.000 713.932 0.000 0.000 0.000
0.000 833.768 0.000 641.261 0.000 680.065 881.585 880.452
0.000 0.000 429.060 335.181 0.000 744.393 575.909 0.000
357.963 562.578 373.921 0.000 569.154 833.848 0.000 468.936
0.000 454.941 0.000 390.265 978.268 647.233 0.000 0.000
551.322 352.571 0.000 0.000 546.550 0.000 0.000 0.000
0.000 0.000 0.000 0.000 475.033 0.000 741.946 790.882
0.000 433.488 0.000 728.628 0.000 852.314 951.735 0.000
0.000 0.000 0.000 695.769 429.052 502.897 780.093 987.724
0.000 426.275 582.571 0.000 926.026 866.775 0.000 858.503
871.627 0.000 0.000 803.258 776.139 975.552 395.752 671.475
705.793 0.000 0.000 0.000 0.000 0.000 0.000 725.680
846.653 0.000 745.058 0.000 666.822 870.958 374.691 857.786
849.532 0.000 529.608 0.000 718.845 0.000 0.000 0.000
0.000 545.954 816.921 756.138 715.282 0.000 367.698 0.000
0.000 0.000 0.000 858.248 348.786 0.000 716.278 0.000
810.157 0.000 0.000 0.000 0.000 516.414 539.308 0.000
0.000 522.130 0.000 355.726 612.966 862.179 439.927 914.444
0.000 0.000 725.370 0.000 0.000 0.000 399.663 0.000
0.000 572.529 860.706 0.000 0.000 583.913 484.580 874.950
0.000 547.941 0.000 339.665 0.000 305.148 0.000 0.000
0.000 562.996 0.000 487.780 853.018 597.601 0.000 984.552
841.386 0.000 0.000 0.000 0.000 0.000 0.000 517.425
422.696 0.000 0.000 642.659 773.801 327.724 0.000 0.000
974.228 0.000 0.000 929.623 0.000 0.000 763.682 0.000
0.000 990.905 339.633 0.000 495.360 0.000 558.727 695.108
0.000 0.000 879.229 477.030 0.000 0.000 0.000 0.000
593.296 557.288 0.000 344.602 733.533 449.041 0.000 343.160
648.901 0.000 0.000 0.000 0.000 902.869 924.788 0.000
0.000 0.000 0.000 893.606 0.000 0.000 677.534 0.000
0.000 0.000 651.503 0.000 520.335 0.000 500.789 569.411
0.000 0.000 970.587 0.000 352.766 361.593 0.000 0.000
0.000 363.087 608.546 691.919 987.863 406.766 919.578 493.374
983.986 302.187 546.271 625.943 0.000 931.971 949.346 0.000
663.627 0.000 402.117 502.078 0.000 0.000 0.000 674.783
0.000 0.000 0.000 785.442 0.000 0.000 0.000 0.000
870.489 873.730 863.530 0.000 323.918 0.000 0.000 0.000
0.000 0.000 703.479 0.000 405.633 645.832 0.000 789.849
0.000 0.000 0.000 564.283 999.696 507.707 0.000 352.935
0.000 0.000 0.000 0.000 0.000 695.475 763.109 0.000
0.000 0.000 400.038 0.000 512.512 518.016 0.000 0.000
690.607 0.000 0.000 530.761 0.000 692.211 528.878 0.000
835.128 0.000 564.287 461.124 0.000 0.000 845.646 895.643
867.349 314.673 403.479 723.240 0.000 0.000 938.622 0.000
820.262 0.000 0.000 376.992 0.000 867.492 0.000 361.441
0.000 833.685 574.941 0.000 699.438 697.785 0.000 515.657
353.730 785.333 340.038 0.000 789.861 460.068 0.000 0.000
324.811 0.000 880.900 496.277 0.000 0.000 865.303 978.679
0.000 765.925 0.000 0.000 722.958 588.884 0.000 0.000
417.916 683.986 0.000 485.322 0.000 347.592 0.000 0.000
0.000 748.195 584.980 425.751 959.908 0.000 651.150 510.773
836.272 0.000 0.000 865.526 362.854 0.000 392.843 403.990
0.000 867.728 837.005 0.000 0.000 0.000 466.610 422.995
566.200 0.000 525.913 519.887 0.000 0.000 627.171 0.000
0.000 827.172 0.000 678.135 0.000 0.000 0.000 552.581
704.625 0.000 774.158 0.000 581.558 0.000 837.903 807.612
783.506 0.000 0.000 0.000 0.000 0.000 0.000 840.920
0.000 889.063 0.000 0.000 927.204 0.000 440.921 371.880
725.472 0.000 0.000 0.000 0.000 913.781 0.000 0.000
0.000 0.000 734.424 375.081 0.000 0.000 0.000 0.000
0.000 0.000 703.128 0.000 0.000 730.917 0.000 0.000
0.000 0.000 527.274 0.000 0.000 984.234 0.000 415.265
0.000 364.253 369.552 0.000 0.000 582.055 0.000 0.000
433.079 797.361 498.424 0.000 584.076 901.811 0.000 804.996
714.036 755.909 0.000 0.000 613.793 0.000 0.000 782.328
690.651 0.000 0.000 994.245 0.000 0.000 544.961 0.000
791.684 908.251 873.038 0.000 798.806 0.000 935.114 355.294
0.000 0.000 0.000 0.000 744.999 839.913 0.000 435.449
0.000 0.000 0.000 758.029 531.131 0.000 462.561 546.287
710.399 584.557 0.000 0.000 0.000 0.000 942.934 0.000
693.190 646.943 0.000 0.000 0.000 0.000 0.000 0.000
411.070 0.000 465.825 749.896 0.000 0.000 0.000 0.000
651.961 0.000 0.000 0.000 0.000 0.000 730.631 521.641
894.934 0.000 606.592 0.000 0.000 0.000 0.000 0.000
0.000 0.000 0.000 0.000 0.000 0.000 0.000 564.185
875.984 0.000 0.000 0.000 901.820 689.955 645.947 903.996
345.308 841.951 628.326 957.846 0.000 0.000 0.000 0.000
0.000 0.000 0.000 0.000 0.000 478.998 304.713 0.000
0.000 0.000 502.753 528.960 0.000 600.175 385.961 0.000
615.233 0.000 0.000 409.565 0.000 944.187 0.000 424.075
0.000 486.747 0.000 921.867 0.000 0.000 0.000 0.000
606.123 856.847 384.678 579.758 0.000 380.956 0.000 671.290
995.919 0.000 0.000 0.000 611.228 653.288 0.000 482.510
0.000 811.629 0.000 0.000 0.000 0.000 0.000 0.000
630.466 0.000 336.016 0.000 0.000 694.178 997.188 0.000
0.000 802.759 918.860 0.000 544.286 700.915 0.000 615.900
0.000 403.947 688.313 0.000 0.000 0.000 0.000 0.000
0.000 647.303 0.000 0.000 0.000 901.531 915.606 653.908
311.501 997.478 0.000 817.636 0.000 0.000 880.955 0.000
0.000 0.000 0.000 0.000 0.000 514.478 537.235 0.000
0.000 956.433 0.000 0.000 848.633 0.000 0.000 657.074
0.000 836.342 0.000 0.000 746.355 582.941 923.731 522.381
825.041 0.000 0.000 0.000 0.000 373.210 0.000 781.768
0.000 0.000 939.492 695.274 0.000 0.000 464.924 0.000
0.000 765.863 0.000 0.000 929.269 685.369 0.000 935.600
940.675 983.688 0.000 0.000 940.718 900.884 743.041 592.905
791.981 0.000 0.000 581.066 572.340 863.354 492.586 964.065
517.734 632.118 0.000 0.000 502.835 0.000 0.000 889.780
586.322 0.000 313.531 324.619 581.172 608.937 0.000 0.000
0.000 443.163 0.000 0.000 960.692 532.645 925.061 0.000
0.000 0.000 0.000 0.000 784.415 0.000 0.000 968.441
677.355 0.000 425.456 587.143 0.000 0.000 0.000 507.299
448.695 757.716 0.000 0.000 0.000 0.000 0.000 990.544
548.575 982.668 0.000 0.000 624.979 0.000 977.079 643.619
643.339 0.000 572.296 838.529 0.000 0.000 0.000 490.437
820.713 0.000 0.000 0.000 318.040 0.000 0.000 590.021
0.000 686.674 763.845 525.856 0.000 543.652 0.000 0.000
0.000 372.966 0.000 0.000 785.884 480.300 350.159 342.923
815.035 442.316 442.067 0.000 0.000 0.000 729.106 0.000
0.000 0.000 534.561 326.993 457.009 811.476 731.780 0.000
0.000 356.862 635.922 0.000 883.155 0.000 0.000 463.961
0.000 0.000 0.000 812.541 633.432 605.585 388.623 0.000
316.736 0.000 0.000 0.000 0.000 0.000 0.000 554.131
874.073 498.099 0.000 741.148 451.967 477.125 0.000 0.000
482.035 0.000 0.000 0.000 390.059 0.000 773.752 506.020
0.000 340.316 0.000 0.000 582.728 348.534 0.000 0.000
784.695 0.000 375.216 0.000 866.994 0.000 747.961 395.490
0.000 600.078 932.258 443.308 346.933 398.196 708.806 491.440
594.964 748.995 700.207 0.000 300.606 669.886 573.936 393.481
528.175 0.000 666.728 0.000 0.000 0.000 366.891 0.000
0.000 0.000 0.000 589.907 871.367 420.646 0.000 957.714
0.000 0.000 782.116 0.000 968.174 409.822 877.156 0.000
0.000 0.000 879.800 863.397 862.087 919.910 628.945 954.028
736.643 537.843 0.000 977.086 0.000 837.720 498.465 887.036
0.000 0.000 0.000 0.000 0.000 472.589 740.624 490.717
0.000 0.000 0.000 0.000 909.238 692.582 417.843 657.047
687.405 827.014 0.000 681.078 0.000 323.891 791.336 0.000
0.000 841.589 712.077 432.117 378.009 389.500 0.000 345.247
0.000 0.000 528.194 0.000 0.000 0.000 0.000 0.000
0.000 847.691 540.283 645.218 0.000 0.000 347.537 339.469
0.000 0.000 465.704 452.209 0.000 519.340 721.696 472.582
720.963 540.992 476.304 340.725 0.000 0.000 583.913 791.075
861.244 801.598 854.191 0.000 509.543 0.000 0.000 514.105
0.000 0.000 605.967 400.837 912.097 0.000 0.000 301.463
0.000 0.000 0.000 979.033 0.000 0.000 320.110 0.000
0.000 0.000 552.176 0.000 398.767 704.907 326.753 499.435
0.000 437.366 0.000 590.761 489.979 946.999 0.000 913.971
767.014 932.974 0.000 707.803 583.205 0.000 990.960 0.000
0.000 817.937 370.824 687.640 992.394 0.000 0.000 0.000
0.000 513.640 0.000 0.000 0.000 0.000 0.000 0.000
682.519 616.542 603.090 0.000 0.000 581.166 0.000 0.000
636.895 599.566 0.000 324.566 463.968 892.513 415.094 405.861
630.003 0.000 709.500 0.000 0.000 0.000 971.584 0.000
750.918 0.000 608.586 646.656 436.788 975.559 0.000 848.590
696.100 937.277 595.581 0.000 591.261 501.898 0.000 414.313
0.000 499.938 547.039 772.440 816.052 342.011 0.000 0.000
0.000 0.000 0.000 0.000 510.112 0.000 0.000 0.000
0.000 0.000 957.930 0.000 0.000 733.571 0.000 0.000
0.000 301.682 323.215 615.630 734.889 0.000 0.000 811.212
606.218 0.000 551.374 618.066 0.000 664.538 560.158 861.357
0.000 633.121 0.000 0.000 743.885 0.000 846.842 403.383
778.247 0.000 0.000 0.000 0.000 452.365 487.645 0.000
327.602 776.411 0.000 654.398 0.000 341.902 701.339 397.082
0.000 0.000 979.983 0.000 0.000 305.930 0.000 0.000
306.857 812.431 534.484 0.000 0.000 0.000 498.983 0.000
0.000 898.193 0.000 0.000 0.000 0.000 950.478 0.000
0.000 863.387 918.382 961.397 512.974 410.228 0.000 0.000
559.207 0.000 0.000 0.000 448.695 412.104 750.152 513.557
942.227 571.143 653.433 0.000 588.561 0.000 0.000 483.462
0.000 809.895 442.747 639.947 439.322 688.156 0.000 0.000
915.369 752.245 0.000 0.000 0.000 375.560 0.000 742.234
314.467 0.000 0.000 0.000 0.000 0.000 0.000 0.000
0.000 496.617 393.077 0.000 0.000 0.000 442.614 0.000
408.107 889.297 313.095 932.714 706.952 0.000 0.000 332.107
0.000 0.000 733.468 0.000 0.000 685.374 499.394 0.000
564.538 983.309 772.780 0.000 381.515 0.000 0.000 0.000
0.000 0.000 0.000 0.000 655.789 621.831 777.971 386.410
0.000 807.717 0.000 0.000 438.266 0.000 0.000 642.558
852.713 0.000 362.906 524.054 0.000 0.000 702.806 789.993
332.203 0.000 893.151 0.000 0.000 0.000 499.103 444.694
942.819 719.593 517.200 395.872 979.302 870.293 573.725 837.076
0.000 0.000 0.000 361.453 0.000 0.000 994.531 0.000
660.132 0.000 702.134 674.475 443.542 488.105 0.000 629.141
0.000 0.000 375.849 888.478 627.906 0.000 0.000 0.000
814.606 0.000 689.648 450.381 0.000 423.835 433.814 0.000
0.000 310.937 0.000 0.000 0.000 0.000 0.000 0.000
0.000 0.000 883.130 959.860 515.861 534.178 0.000 900.127
0.000 366.717 0.000 0.000 0.000 0.000 391.425 0.000
0.000 0.000 0.000 0.000 466.753 660.807 683.482 0.000
0.000 0.000 847.937 0.000 0.000 420.919 319.397 0.000
0.000 952.888 0.000 0.000 521.877 830.371 0.000 437.792
847.247 543.284 693.171 0.000 549.557 0.000 395.957 306.410
0.000 312.375 0.000 0.000 0.000 0.000 525.868 999.483
747.449 0.000 554.332 481.811 0.000 0.000 382.591 0.000
887.742 643.741 825.879 0.000 849.323 0.000 0.000 374.855
772.848 930.408 0.000 0.000 0.000 349.804 467.450 990.890
0.000 635.724 408.938 625.032 469.102 0.000 544.265 0.000
0.000 804.152 0.000 598.607 0.000 803.871 0.000 435.514
354.106 754.299 307.942 0.000 492.228 0.000 625.934 909.515
0.000 0.000 678.656 628.857 835.056 0.000 903.992 0.000
0.000 0.000 0.000 0.000 414.735 0.000 862.917 600.397
953.018 708.437 0.000 0.000 0.000 519.761 0.000 408.633
468.756 835.588 301.673 641.244 939.613 457.548 0.000 0.000
984.354 512.297 0.000 0.000 0.000 0.000 0.000 613.538
422.055 814.313 0.000 828.261 0.000 0.000 788.644 0.000
0.000 0.000 359.409 863.840 801.527 716.137 655.577 0.000
361.606 836.283 0.000 0.000 423.182 965.795 0.000 0.000
0.000 0.000 920.391 417.493 0.000 584.300 0.000 0.000
0.000 855.246 0.000 796.038 859.006 859.807 0.000 0.000
0.000 757.434 906.186 821.541 919.225 0.000 300.524 805.262
902.339 0.000 376.834 0.000 0.000 559.412 0.000 0.000
0.000 0.000 461.729 0.000 307.948 336.854 769.775 374.591
0.000 501.079 993.027 0.000 611.031 0.000 0.000 0.000
0.000 0.000 0.000 0.000 610.240 0.000 0.000 0.000
0.000 0.000 0.000 0.000 0.000 0.000 667.128 0.000
593.103 0.000 731.763 0.000 0.000 825.030 739.824 0.000
0.000 0.000 0.000 837.501 0.000 898.287 648.322 0.000
0.000 0.000 856.630 0.000 837.008 648.716 611.803 0.000
0.000 0.000 347.363 982.364 383.474 0.000 697.364 0.000
0.000 0.000 850.211 0.000 675.907 0.000 0.000 0.000
0.000 498.040 830.797 665.043 720.464 0.000 464.210 555.212
528.825 872.565 0.000 358.221 0.000 0.000 0.000 995.385
536.782 0.000 0.000 0.000 0.000 0.000 0.000 526.043
761.292 0.000 913.156 0.000 641.047 0.000 478.531 383.504
0.000 0.000 574.546 0.000 0.000 0.000 653.927 0.000
541.679 678.572 0.000 334.045 913.571 842.866 0.000 642.780
493.135 0.000 357.540 0.000 0.000 647.242 0.000 360.762
0.000 562.177 327.463 0.000 847.284 964.447 774.479 398.103
862.067 0.000 676.208 962.256 705.475 885.927 0.000 391.111
721.240 0.000 847.752 946.468 0.000 0.000 0.000 781.453
0.000 0.000 0.000 0.000 471.352 959.801 0.000 0.000
0.000 460.865 0.000 599.382 0.000 0.000 0.000 0.000
0.000 547.499 0.000 0.000 0.000 0.000 0.000 638.599
0.000 0.000 0.000 0.000 731.874 0.000 766.102 0.000
325.397 909.264 0.000 0.000 485.765 547.159 637.905 509.975
989.530 0.000 625.298 0.000 658.326 443.297 0.000 479.890
0.000 0.000 935.304 909.272 0.000 0.000 0.000 0.000
914.186 0.000 0.000 0.000 0.000 0.000 666.879 0.000
738.356 0.000 717.082 0.000 0.000 0.000 879.079 0.000
0.000 0.000 0.000 0.000 361.744 0.000 959.979 346.571
970.473 0.000 402.764 680.577 350.161 0.000 903.451 0.000
0.000 423.570 620.454 406.140 0.000 0.000 0.000 0.000
386.554 0.000 0.000 789.802 0.000 0.000 410.519 789.095
543.513 0.000 0.000 0.000 0.000 0.000 0.000 0.000
385.425 0.000 956.930 921.118 353.924 562.563 0.000 929.690
627.058 0.000 0.000 0.000 0.000 424.902 362.723 0.000
685.528 349.594 0.000 0.000 945.039 359.794 0.000 0.000
654.495 912.055 805.250 0.000 0.000 0.000 0.000 524.831
0.000 677.584 648.803 908.392 613.613 628.992 450.319 0.000
0.000 739.751 386.760 0.000 736.622 501.571 528.888 0.000
753.582 985.943 0.000 0.000 749.702 547.853 0.000 504.261
966.160 0.000 0.000 0.000 987.374 0.000 919.055 0.000
0.000 0.000 0.000 842.064 0.000 353.031 740.470 361.139
0.000 972.496 876.278 335.559 0.000 827.321 0.000 386.215
0.000 0.000 494.774 0.000 549.241 879.302 428.625 828.505
0.000 0.000 886.200 0.000 0.000 765.646 682.873 0.000
0.000 583.611 0.000 776.391 0.000 0.000 311.985 666.178
0.000 0.000 855.309 656.182 637.882 0.000 0.000 512.797
0.000 0.000 418.520 0.000 919.064 935.177 0.000 763.303
0.000 953.753 347.680 0.000 894.781 684.271 0.000 0.000
0.000 704.429 883.777 0.000 776.497 0.000 0.000 0.000
0.000 620.725 0.000 544.922 341.009 884.501 0.000 400.760
484.044 619.359 396.941 303.960 548.497 0.000 0.000 0.000
681.565 0.000 0.000 0.000 0.000 802.079 882.830 997.895
0.000 955.096 0.000 843.365 854.249 0.000 0.000 0.000
328.041 0.000 0.000 0.000 0.000 869.162 0.000 423.399
0.000 0.000 0.000 0.000 577.490 0.000 0.000 0.000
0.000 0.000 741.994 0.000 0.000 708.326 0.000 335.476
0.000 442.435 903.618 0.000 0.000 475.140 687.537 356.976
589.019 0.000 899.362 850.483 656.785 0.000 0.000 666.567
0.000 0.000 590.341 0.000 612.182 0.000 944.082 316.078
724.556 0.000 0.000 503.495 651.047 867.076 0.000 975.193
0.000 894.706 886.685 718.329 546.421 734.642 481.520 0.000
981.984 653.384 0.000 386.048 677.358 0.000 382.516 0.000
956.197 0.000 0.000 864.773 0.000 0.000 800.394 0.000
811.181 0.000 0.000 0.000 0.000 0.000 0.000 738.558
856.937 0.000 632.659 0.000 393.234 371.970 758.504 0.000
0.000 446.536 0.000 0.000 924.144 683.809 0.000 368.548
584.337 0.000 0.000 0.000 0.000 313.580 789.698 0.000
0.000 322.290 399.757 404.228 513.782 918.444 440.384 0.000
0.000 0.000 0.000 925.272 0.000 0.000 0.000 927.740
826.748 0.000 0.000 332.134 860.439 596.102 0.000 956.417
556.684 0.000 412.928 667.935 0.000 479.447 0.000 0.000
0.000 439.045 0.000 0.000 0.000 0.000 0.000 818.412
998.661 0.000 0.000 0.000 410.993 595.788 318.891 0.000
506.746 577.063 865.354 400.568 845.244 444.385 0.000 682.673
947.612 0.000 0.000 0.000 0.000 367.431 0.000 0.000
378.877 0.000 365.907 600.265 933.306 0.000 0.000 698.439
697.217 0.000 0.000 0.000 0.000 0.000 483.030 403.312
896.298 725.871 0.000 0.000 0.000 980.593 939.445 0.000
0.000 822.506 501.419 477.353 0.000 991.236 774.424 873.849
0.000 673.633 876.881 0.000 350.647 0.000 0.000 0.000
0.000 321.879 0.000 913.636 0.000 0.000 0.000 893.471
0.000 974.827 844.197 821.081 812.134 0.000 0.000 869.462
986.664 0.000 0.000 0.000 0.000 329.264 0.000 514.111
0.000 550.538 0.000 0.000 912.201 387.710 675.303 626.370
0.000 0.000 542.479 730.861 0.000 608.472 0.000 681.354
0.000 810.981 0.000 0.000 363.811 0.000 0.000 669.471
0.000 733.125 0.000 572.559 0.000 0.000 0.000 987.248
871.306 0.000 403.327 0.000 0.000 0.000 0.000 0.000
0.000 402.672 812.619 300.752 378.635 0.000 0.000 749.462
0.000 763.192 870.022 0.000 0.000 0.000 867.907 0.000
0.000 0.000 0.000 555.178 0.000 498.463 0.000 456.720
398.926 0.000 0.000 543.405 0.000 0.000 0.000 0.000
0.000 0.000 312.083 0.000 0.000 874.384 561.857 987.906
966.299 935.707 668.585 0.000 716.176 610.312 0.000 0.000
856.853 522.488 0.000 382.176 365.114 581.385 884.148 0.000
893.819 0.000 0.000 0.000 0.000 886.423 0.000 0.000
0.000 337.608 0.000 0.000 0.000 0.000 970.850 0.000
0.000 0.000 611.191 0.000 0.000 0.000 0.000 439.594
0.000 618.833 0.000 503.693 716.155 0.000 0.000 0.000
0.000 0.000 482.448 0.000 0.000 796.175 0.000 690.749
963.808 0.000 929.394 879.289 0.000 916.475 0.000 0.000
0.000 333.261 825.196 0.000 0.000 871.271 0.000 0.000
0.000 0.000 401.545 0.000 533.715 577.387 549.479 337.975
681.897 602.134 0.000 589.673 376.300 0.000 0.000 0.000
757.133 0.000 328.471 716.453 453.471 0.000 0.000 0.000
0.000 794.742 0.000 926.959 0.000 319.295 731.694 0.000
843.874 388.745 894.481 0.000 979.463 0.000 827.522 0.000
0.000 969.327 925.860 0.000 0.000 900.217 494.871 829.544
668.790 0.000 0.000 900.024 0.000 0.000 952.496 455.931
0.000 0.000 0.000 0.000 573.974 356.784 503.276 0.000
589.285 428.868 875.509 412.090 0.000 0.000 0.000 0.000
0.000 933.912 0.000 0.000 0.000 0.000 980.588 339.049
0.000 0.000 0.000 0.000 541.583 321.518 580.239 0.000
0.000 407.818 0.000 812.051 0.000 0.000 0.000 0.000
855.613 934.047 366.328 0.000 438.543 0.000 0.000 424.653
818.263 949.340 0.000 449.461 0.000 0.000 495.713 0.000
965.458 504.800 758.558 0.000 0.000 0.000 0.000 0.000
0.000 808.862 438.787 575.779 0.000 658.280 360.950 0.000
533.835 0.000 0.000 0.000 743.362 460.584 338.532 305.142
0.000 560.101 0.000 939.235 0.000 0.000 460.352 0.000
0.000 807.539 0.000 599.833 379.322 986.726 812.557 463.185
0.000 452.622 978.515 0.000 0.000 930.063 0.000 0.000
0.000 645.415 921.568 850.015 0.000 0.000 930.498 0.000
0.000 431.325 0.000 685.428 0.000 966.260 0.000 793.643
0.000 491.956 0.000 0.000 459.511 0.000 826.707 0.000
0.000 0.000 545.785 0.000 863.842 591.195 0.000 642.553
817.265 753.682 0.000 0.000 960.655 0.000 0.000 879.951
745.244 0.000 0.000 0.000 383.298 0.000 0.000 0.000
417.543 894.077 505.204 472.454 0.000 0.000 338.577 589.651
0.000 0.000 983.557 0.000 879.711 735.162 0.000 0.000
518.152 653.299 346.472 0.000 338.332 742.020 482.747 0.000
0.000 698.297 0.000 0.000 0.000 0.000 0.000 382.154
834.491 0.000 711.237 0.000 994.963 593.090 0.000 469.704
750.293 0.000 0.000 0.000 640.747 447.976 0.000 0.000
0.000 545.199 395.679 0.000 793.060 557.152 0.000 0.000
0.000 551.813 0.000 811.855 840.963 390.589 0.000 464.306
858.580 0.000 820.248 300.377 0.000 329.839 0.000 0.000
498.068 0.000 0.000 0.000 494.239 0.000 0.000 929.018
736.365 0.000 995.955 0.000 314.641 808.298 0.000 784.819
857.560 0.000 0.000 367.917 646.858 318.294 533.176 0.000
984.821 0.000 343.573 0.000 553.530 0.000 0.000 648.058
714.005 0.000 0.000 394.716 432.523 676.174 0.000 0.000
746.929 0.000 0.000 0.000 365.075 0.000 495.614 473.524
423.957 492.969 519.895 401.259 0.000 0.000 772.540 541.219
406.386 461.611 982.181 0.000 719.890 0.000 401.600 576.345
0.000 506.509 552.297 848.949 0.000 710.478 0.000 0.000
0.000 690.262 933.686 325.139 522.845 0.000 0.000 0.000
334.545 600.213 0.000 0.000 644.249 0.000 449.525 0.000
0.000 0.000 922.268 0.000 844.835 758.220 0.000 526.384
0.000 485.025 458.110 0.000 674.586 0.000 0.000 409.588
0.000 890.954 0.000 0.000 384.514 991.902 767.096 0.000
968.601 775.864 0.000 359.655 0.000 0.000 483.697 0.000
0.000 902.628 418.443 759.413 577.420 341.129 937.217 0.000
649.559 0.000 0.000 892.844 0.000 0.000 712.666 0.000
796.670 0.000 0.000 0.000 813.736 608.997 0.000 0.000
397.230 0.000 0.000 0.000 0.000 410.671 307.538 0.000
309.371 349.313 371.162 0.000 905.257 451.215 974.482 931.821
0.000 0.000 0.000 0.000 0.000 936.710 0.000 925.712
724.295 0.000 763.958 483.322 350.242 0.000 575.239 548.919
576.431 0.000 584.984 0.000 747.691 0.000 0.000 991.497
0.000 865.956 776.713 666.873 497.299 0.000 377.683 380.177
797.631 0.000 0.000 0.000 0.000 802.243 734.816 0.000
0.000 0.000 884.642 0.000 0.000 0.000 0.000 993.292
975.893 0.000 925.745 760.045 658.200 0.000 0.000 567.374
0.000 0.000 640.119 874.810 0.000 0.000 0.000 767.930
963.417 698.600 953.970 0.000 630.540 0.000 0.000 0.000
451.393 0.000 455.756 0.000 755.081 771.841 918.808 399.255
357.825 736.924 0.000 0.000 688.010 0.000 0.000 984.476
644.266 0.000 423.460 0.000 0.000 0.000 0.000 0.000
721.295 359.482 0.000 0.000 864.606 644.884 0.000 712.714
0.000 330.992 0.000 977.654 0.000 0.000 0.000 0.000
531.374 0.000 646.274 683.797 583.435 0.000 725.591 0.000
0.000 620.861 360.874 413.379 0.000 800.391 0.000 0.000
428.530 0.000 999.933 312.223 719.811 717.585 994.101 0.000
0.000 929.279 989.302 796.104 965.444 0.000 0.000 815.932
707.591 0.000 679.613 0.000 0.000 0.000 903.223 0.000
350.102 579.987 434.041 0.000 0.000 763.062 0.000 0.000
0.000 477.115 832.022 0.000 0.000 0.000 0.000 308.874
330.996 0.000 429.739 0.000 0.000 0.000 784.458 376.194
0.000 0.000 648.911 0.000 0.000 0.000 313.458 767.686
0.000 376.007 0.000 0.000 824.950 0.000 700.240 379.782
0.000 0.000 488.303 0.000 0.000 767.906 366.333 0.000
0.000 0.000 556.548 999.468 0.000 0.000 0.000 0.000
600.855 0.000 786.774 0.000 0.000 571.133 493.272 0.000
540.755 0.000 468.647 304.647 0.000 0.000 653.003 835.188
710.026 0.000 0.000 0.000 0.000 425.147 865.188 0.000
0.000 706.435 0.000 678.615 0.000 0.000 0.000 759.477
0.000 0.000 999.876 0.000 490.929 348.669 0.000 0.000
368.968 0.000 561.470 0.000 0.000 825.909 0.000 0.000
803.325 617.600 580.820 440.674 0.000 0.000 0.000 0.000
900.797 0.000 0.000 0.000 0.000 0.000 0.000 0.000
0.000 618.752 0.000 463.318 0.000 711.227 0.000 0.000
413.994 0.000 0.000 0.000 0.000 473.060 420.965 0.000
406.806 0.000 613.488 920.225 985.757 0.000 664.902 864.635
0.000 658.177 460.907 704.028 0.000 0.000 0.000 0.000
0.000 711.360 305.697 957.838 892.108 0.000 304.883 314.957
612.829 993.842 0.000 0.000 0.000 0.000 489.278 859.973
0.000 386.356 319.911 569.280 705.909 0.000 0.000 365.904
703.381 461.003 0.000 432.868 493.404 0.000 0.000 0.000
0.000 965.015 0.000 921.901 0.000 0.000 766.015 629.253
0.000 0.000 0.000 814.248 459.447 0.000 0.000 885.735
390.575 0.000 0.000 786.272 0.000 0.000 326.495 0.000
456.853 450.993 0.000 377.086 756.466 0.000 0.000 314.651
0.000 0.000 0.000 837.462 972.933 432.684 0.000 323.010
0.000 461.525 0.000 0.000 0.000 813.465 0.000 0.000
0.000 0.000 0.000 803.160 0.000 610.606 560.654 0.000
666.368 0.000 508.004 0.000 0.000 0.000 985.143 671.570
0.000 845.401 0.000 0.000 429.173 612.744 0.000 0.000
565.008 0.000 411.181 925.124 803.805 0.000 0.000 0.000
624.370 771.809 603.720 453.977 0.000 783.259 599.952 523.329
536.104 791.114 753.899 0.000 512.039 0.000 0.000 302.535
0.000 0.000 0.000 829.849 0.000 0.000 0.000 843.835
875.997 601.276 0.000 478.515 0.000 0.000 0.000 338.674
509.294 589.202 0.000 546.211 330.953 0.000 0.000 0.000
0.000 723.595 836.428 0.000 0.000 742.582 0.000 531.749
