0.000 0.000 744.633 493.106 0.000 851.218 0.000 0.000
991.765 0.000 0.000 389.630 0.000 0.000 583.417 498.313
647.493 575.932 0.000 957.248 465.866 331.087 0.000 0.000
725.420 0.000 0.000 492.062 877.045 0.000 0.000 0.000
0.000 541.751 948.276 0.000 0.000 0.000 0.000 0.000
801.952 0.000 0.000 0.000 472.108 0.000 0.000 0.000
414.450 653.974 544.234 0.000 507.603 402.368 0.000 606.565
0.000 0.000 396.990 810.580 0.000 487.369 0.000 412.010
0.000 401.837 353.329 783.093 538.699 520.511 0.000 0.000
817.938 539.948 949.739 694.326 0.000 0.000 0.000 0.000
331.038 0.000 0.000 478.520 808.243 552.967 735.432 917.582
0.000 660.376 0.000 0.000 0.000 0.000 0.000 0.000
0.000 509.250 679.012 529.726 563.715 0.000 375.987 0.000
386.909 0.000 707.067 0.000 440.055 0.000 0.000 819.046
0.000 478.160 0.000 701.964 0.000 0.000 0.000 0.000
0.000 375.068 405.740 0.000 0.000 0.000 0.000 707.033
0.000 382.312 617.673 549.524 0.000 0.000 580.124 0.000
902.694 0.000 0.000 308.535 330.941 854.783 677.826 972.473
0.000 305.021 816.063 889.648 0.000 657.671 0.000 0.000
684.363 442.034 611.317 437.851 409.307 776.814 0.000 0.000
0.000 546.531 0.000 704.732 0.000 0.000 0.000 311.886
0.000 638.581 0.000 0.000 0.000 0.000 753.731 0.000
611.072 662.282 0.000 0.000 694.787 461.946 0.000 464.415
0.000 649.523 0.000 0.000 751.674 470.994 0.000 0.000
775.862 0.000 0.000 0.000 0.000 616.921 483.502 0.000
846.183 582.093 467.568 0.000 820.970 716.413 466.204 0.000
0.000 975.870 0.000 472.236 463.148 0.000 369.340 0.000
0.000 584.653 0.000 949.591 0.000 518.962 747.537 0.000
531.366 0.000 519.584 0.000 0.000 0.000 0.000 305.264
839.175 967.766 0.000 345.587 337.025 467.824 0.000 347.947
0.000 0.000 411.416 0.000 908.954 0.000 0.000 0.000
547.791 0.000 0.000 0.000 0.000 473.262 0.000 0.000
0.000 507.661 0.000 0.000 0.000 668.206 773.624 0.000
0.000 300.307 695.001 0.000 993.950 874.400 565.199 545.993
0.000 953.453 0.000 635.030 0.000 0.000 986.325 0.000
320.068 0.000 0.000 0.000 428.909 347.397 790.525 892.626
0.000 0.000 0.000 0.000 690.124 994.835 313.900 697.702
623.565 0.000 0.000 0.000 0.000 526.509 0.000 380.740
477.610 0.000 0.000 0.000 0.000 900.251 546.223 0.000
765.251 408.957 0.000 765.612 947.867 954.964 0.000 0.000
0.000 0.000 0.000 711.969 0.000 0.000 749.219 0.000
0.000 0.000 890.369 660.446 928.715 729.414 0.000 485.040
0.000 0.000 0.000 712.651 0.000 0.000 337.480 0.000
0.000 530.424 0.000 717.266 384.135 417.694 0.000 498.004
0.000 374.360 0.000 437.651 436.580 326.054 432.457 0.000
0.000 0.000 0.000 0.000 0.000 0.000 730.437 923.322
903.320 335.693 881.567 0.000 619.660 0.000 0.000 0.000
402.924 0.000 335.583 0.000 0.000 730.203 803.336 638.745
0.000 0.000 0.000 525.629 335.707 925.112 0.000 879.931
743.852 0.000 447.433 0.000 847.498 887.520 0.000 748.623
548.450 0.000 537.325 0.000 0.000 0.000 0.000 454.880
305.534 915.829 0.000 0.000 0.000 0.000 701.302 0.000
0.000 974.738 375.799 0.000 0.000 693.347 0.000 412.254
882.620 0.000 0.000 0.000 807.717 856.691 0.000 0.000
961.725 651.430 914.523 0.000 930.312 431.382 0.000 0.000
533.825 546.338 517.008 398.415 0.000 0.000 873.578 0.000
810.593 0.000 0.000 814.428 0.000 740.586 485.374 965.448
889.518 692.444 0.000 0.000 607.822 0.000 998.229 0.000
0.000 738.264 0.000 0.000 0.000 775.983 0.000 0.000
372.279 0.000 659.675 0.000 0.000 0.000 0.000 0.000
939.430 0.000 0.000 0.000 885.121 492.335 820.445 0.000
0.000 968.201 837.260 365.511 758.665 404.505 0.000 404.912
776.596 0.000 0.000 0.000 578.352 894.589 334.613 0.000
844.604 0.000 624.246 521.461 772.905 0.000 0.000 344.291
504.453 937.648 891.327 0.000 0.000 505.597 520.419 472.879
834.624 865.669 660.721 539.508 631.615 976.597 794.608 0.000
331.719 0.000 0.000 308.366 397.977 653.272 0.000 0.000
308.868 0.000 701.265 531.624 325.595 629.127 925.307 0.000
321.275 805.276 0.000 0.000 0.000 0.000 488.519 486.689
743.897 0.000 0.000 0.000 616.466 0.000 469.671 689.629
0.000 0.000 0.000 773.970 661.179 0.000 0.000 0.000
0.000 899.056 0.000 481.075 0.000 0.000 479.989 703.323
335.544 691.214 567.334 0.000 0.000 310.548 384.991 964.033
0.000 487.260 0.000 0.000 0.000 322.290 566.047 548.950
0.000 713.124 363.611 531.870 594.179 366.314 0.000 0.000
337.002 0.000 945.490 0.000 997.734 337.843 0.000 915.629
901.078 452.728 823.573 659.159 930.790 890.596 426.250 0.000
951.643 394.409 980.334 586.201 0.000 768.645 0.000 0.000
794.248 0.000 0.000 0.000 847.415 387.207 0.000 581.249
0.000 310.234 486.638 764.357 523.668 0.000 0.000 0.000
0.000 0.000 632.307 0.000 0.000 0.000 941.487 0.000
500.292 0.000 635.437 0.000 477.545 0.000 641.337 592.607
0.000 0.000 676.706 786.105 0.000 844.081 731.541 0.000
0.000 0.000 730.690 745.990 0.000 858.932 0.000 641.964
627.558 496.533 0.000 0.000 0.000 785.204 957.397 337.373
0.000 0.000 0.000 965.742 753.797 955.745 664.485 755.887
876.608 401.620 660.078 459.876 0.000 985.334 0.000 0.000
0.000 0.000 0.000 958.998 0.000 623.820 893.115 655.558
843.435 937.335 0.000 696.999 510.560 840.485 816.045 0.000
339.319 822.124 340.113 0.000 496.646 0.000 914.526 0.000
463.520 451.182 543.183 0.000 320.230 0.000 831.284 0.000
376.803 0.000 0.000 0.000 724.076 0.000 0.000 0.000
338.072 0.000 0.000 405.839 0.000 0.000 0.000 336.630
950.637 0.000 0.000 330.152 0.000 0.000 320.156 562.243
900.681 0.000 434.796 592.378 551.492 726.660 0.000 0.000
459.428 807.886 0.000 787.672 0.000 0.000 437.527 0.000
642.817 598.403 781.687 811.297 0.000 0.000 0.000 983.642
0.000 0.000 601.273 0.000 341.700 855.612 0.000 0.000
867.637 369.094 0.000 0.000 0.000 314.153 0.000 358.144
352.439 0.000 0.000 766.945 331.443 0.000 358.224 400.597
0.000 426.682 0.000 0.000 922.353 428.352 937.573 0.000
0.000 0.000 0.000 726.335 0.000 597.489 684.685 0.000
328.280 942.803 0.000 782.190 727.212 323.467 0.000 0.000
0.000 706.898 0.000 309.699 657.377 607.498 0.000 541.148
0.000 0.000 0.000 0.000 314.396 0.000 0.000 0.000
0.000 967.424 0.000 0.000 787.200 306.650 0.000 350.951
896.703 789.386 562.911 737.349 836.674 0.000 616.895 0.000
0.000 0.000 486.920 892.276 628.338 363.200 353.448 559.211
0.000 0.000 352.273 0.000 0.000 875.748 715.447 0.000
0.000 487.929 0.000 944.712 950.883 0.000 0.000 0.000
700.046 0.000 0.000 0.000 0.000 682.773 491.562 842.732
0.000 0.000 0.000 0.000 0.000 0.000 0.000 791.742
631.796 825.558 0.000 519.213 488.316 0.000 0.000 0.000
0.000 0.000 976.766 0.000 0.000 0.000 0.000 0.000
787.343 332.951 0.000 0.000 469.213 0.000 0.000 0.000
0.000 935.728 0.000 0.000 676.929 0.000 843.864 0.000
0.000 0.000 0.000 605.851 0.000 916.972 538.198 735.776
0.000 489.959 0.000 718.956 699.551 829.060 960.473 483.842
647.936 839.365 0.000 0.000 717.128 310.375 0.000 0.000
589.488 515.627 0.000 0.000 741.192 882.006 0.000 0.000
0.000 838.249 958.045 554.014 759.885 0.000 0.000 317.629
662.601 0.000 916.825 0.000 0.000 652.157 0.000 0.000
0.000 0.000 0.000 638.654 0.000 324.400 699.973 611.448
601.985 574.200 352.808 0.000 0.000 917.524 586.606 797.709
961.592 417.910 0.000 0.000 630.756 0.000 801.439 373.130
0.000 0.000 576.908 701.881 0.000 0.000 0.000 968.852
0.000 0.000 527.224 633.122 339.485 606.722 523.828 943.635
0.000 464.890 0.000 386.340 0.000 0.000 0.000 809.615
943.237 0.000 0.000 314.685 0.000 0.000 467.252 0.000
0.000 0.000 0.000 0.000 0.000 346.015 640.397 913.944
311.703 0.000 671.446 0.000 0.000 527.142 434.147 0.000
0.000 0.000 523.897 0.000 0.000 0.000 777.779 327.917
346.458 0.000 423.251 0.000 967.466 791.706 0.000 914.305
0.000 0.000 424.079 0.000 0.000 0.000 0.000 0.000
0.000 695.524 634.061 0.000 344.246 867.331 0.000 765.174
0.000 664.544 820.820 449.539 512.252 0.000 454.719 357.685
0.000 0.000 0.000 0.000 607.087 355.181 870.221 432.094
506.809 0.000 815.302 550.280 462.997 0.000 823.826 0.000
0.000 571.046 878.608 0.000 511.863 0.000 359.474 586.604
862.028 618.325 0.000 878.073 0.000 422.284 0.000 0.000
0.000 790.511 0.000 840.021 978.517 0.000 0.000 0.000
0.000 0.000 0.000 0.000 0.000 0.000 791.751 0.000
932.735 0.000 481.501 531.025 0.000 0.000 578.027 853.191
0.000 371.041 0.000 929.654 844.352 329.540 0.000 732.222
475.141 0.000 831.696 0.000 611.290 653.278 503.660 0.000
0.000 0.000 0.000 0.000 485.321 0.000 0.000 770.741
0.000 0.000 726.013 0.000 0.000 0.000 667.211 984.898
338.498 445.852 740.885 641.197 745.361 0.000 537.732 492.931
448.429 0.000 966.013 499.766 913.793 0.000 467.124 647.035
0.000 975.084 452.982 831.548 0.000 863.721 0.000 456.259
0.000 0.000 0.000 344.410 0.000 643.417 346.322 0.000
0.000 707.448 326.436 0.000 0.000 0.000 400.207 397.660
0.000 0.000 690.168 0.000 0.000 912.638 981.491 650.403
0.000 0.000 570.666 587.537 474.371 0.000 534.181 0.000
0.000 851.651 446.534 0.000 0.000 0.000 842.550 0.000
0.000 995.129 0.000 0.000 0.000 0.000 694.069 0.000
447.268 649.834 659.130 598.660 809.539 969.101 407.426 0.000
892.319 903.747 0.000 348.397 0.000 923.203 962.951 332.105
396.778 397.031 0.000 982.840 491.470 790.521 936.909 0.000
913.517 0.000 308.340 0.000 351.319 0.000 0.000 932.883
923.513 0.000 369.204 0.000 406.191 538.592 833.650 0.000
0.000 0.000 342.846 0.000 805.113 0.000 0.000 0.000
0.000 665.027 0.000 922.655 0.000 0.000 340.872 631.893
0.000 442.969 494.482 364.113 0.000 790.947 430.436 0.000
0.000 0.000 0.000 0.000 566.971 0.000 0.000 575.590
960.602 0.000 816.529 0.000 0.000 618.592 0.000 343.752
749.785 0.000 918.421 0.000 346.267 741.383 0.000 0.000
0.000 974.743 886.249 0.000 0.000 583.712 0.000 408.797
313.315 0.000 334.415 0.000 898.527 0.000 0.000 0.000
646.793 0.000 0.000 0.000 940.525 0.000 654.358 0.000
0.000 0.000 847.811 0.000 815.796 0.000 0.000 994.117
322.580 0.000 597.129 0.000 0.000 0.000 373.108 599.832
464.886 309.088 0.000 664.508 0.000 0.000 0.000 382.237
0.000 0.000 423.808 445.124 0.000 0.000 624.752 611.615
0.000 0.000 711.969 0.000 629.710 0.000 698.759 490.816
363.229 0.000 475.242 527.664 0.000 0.000 346.836 0.000
0.000 384.689 973.325 0.000 813.256 446.688 0.000 0.000
654.618 0.000 0.000 333.193 0.000 431.862 0.000 399.498
0.000 816.154 0.000 798.968 714.436 0.000 572.376 0.000
0.000 717.412 0.000 465.324 726.678 510.348 0.000 455.016
0.000 938.318 0.000 0.000 0.000 0.000 0.000 379.779
311.709 0.000 0.000 490.060 603.097 500.927 855.180 873.543
0.000 808.813 0.000 404.798 0.000 0.000 711.549 0.000
471.985 899.586 0.000 0.000 588.441 301.244 0.000 0.000
0.000 529.118 0.000 0.000 0.000 754.397 0.000 0.000
955.858 0.000 665.043 706.267 0.000 0.000 388.697 0.000
0.000 349.057 780.307 0.000 0.000 0.000 0.000 0.000
0.000 0.000 624.885 723.380 579.825 0.000 0.000 0.000
0.000 776.151 910.109 0.000 0.000 947.751 0.000 472.150
769.447 0.000 0.000 0.000 845.556 0.000 774.102 360.832
409.496 0.000 550.059 0.000 887.143 0.000 0.000 0.000
494.994 404.872 593.709 0.000 0.000 0.000 0.000 0.000
0.000 0.000 0.000 0.000 0.000 880.658 0.000 0.000
0.000 0.000 666.076 848.938 0.000 320.827 316.620 680.584
0.000 942.794 574.023 459.571 0.000 0.000 0.000 0.000
0.000 0.000 922.578 0.000 831.909 0.000 0.000 794.445
732.711 390.992 0.000 631.276 0.000 0.000 0.000 534.294
0.000 408.655 962.177 555.713 824.952 583.373 656.753 786.529
415.384 527.788 0.000 760.649 420.754 0.000 0.000 0.000
354.509 593.567 721.980 321.759 738.912 537.126 0.000 0.000
839.477 864.949 748.156 0.000 0.000 581.542 639.752 742.356
0.000 423.978 465.672 964.314 321.248 350.415 0.000 886.720
918.770 0.000 0.000 514.745 790.741 956.923 766.209 0.000
0.000 372.321 0.000 302.451 832.872 397.925 0.000 0.000
324.579 592.818 0.000 461.391 0.000 0.000 987.706 375.317
0.000 0.000 0.000 0.000 713.542 0.000 672.861 316.100
961.412 0.000 0.000 0.000 925.694 731.500 0.000 0.000
873.378 0.000 485.432 0.000 0.000 865.971 434.610 0.000
529.870 681.537 0.000 668.424 334.774 387.292 915.613 0.000
778.567 560.054 797.709 303.533 0.000 891.722 0.000 0.000
0.000 834.945 0.000 0.000 0.000 883.805 566.045 583.084
0.000 801.646 0.000 447.925 464.758 719.908 476.456 0.000
599.074 0.000 0.000 0.000 0.000 0.000 732.898 0.000
310.611 311.286 0.000 0.000 739.450 0.000 0.000 0.000
0.000 0.000 0.000 495.880 0.000 0.000 960.199 699.207
887.091 0.000 0.000 0.000 0.000 0.000 0.000 0.000
0.000 0.000 390.781 718.332 0.000 354.978 0.000 0.000
669.561 341.913 629.808 0.000 0.000 530.843 385.131 339.243
337.346 0.000 684.326 843.818 586.509 382.798 791.503 0.000
712.025 0.000 0.000 0.000 708.859 0.000 466.157 0.000
357.213 646.908 718.783 0.000 0.000 936.683 0.000 0.000
520.659 0.000 0.000 769.964 0.000 344.007 0.000 0.000
0.000 0.000 998.432 902.093 0.000 792.440 859.608 0.000
0.000 875.710 0.000 362.266 962.689 0.000 457.552 0.000
711.713 0.000 0.000 0.000 0.000 0.000 394.057 0.000
371.787 374.091 0.000 0.000 0.000 0.000 0.000 0.000
935.902 507.986 0.000 0.000 591.959 0.000 408.261 0.000
0.000 0.000 0.000 861.313 700.699 0.000 0.000 562.286
406.396 813.457 0.000 0.000 442.745 316.232 407.573 0.000
999.468 865.084 0.000 0.000 459.799 515.154 0.000 671.545
0.000 0.000 871.837 0.000 421.736 0.000 469.301 962.470
0.000 0.000 900.577 0.000 0.000 0.000 0.000 656.277
0.000 0.000 707.685 525.619 0.000 943.879 0.000 0.000
0.000 564.390 0.000 515.782 0.000 0.000 0.000 495.921
737.741 0.000 0.000 0.000 0.000 0.000 429.066 834.786
0.000 525.219 0.000 0.000 0.000 0.000 0.000 0.000
0.000 476.593 0.000 733.437 340.883 0.000 0.000 0.000
0.000 383.288 764.421 0.000 324.747 0.000 0.000 0.000
541.421 533.472 0.000 660.351 827.199 0.000 368.531 472.823
548.968 544.626 0.000 872.498 737.348 606.281 961.840 0.000
893.560 781.626 0.000 0.000 512.571 466.358 0.000 0.000
0.000 0.000 953.048 838.055 0.000 476.772 753.974 555.516
0.000 0.000 669.978 934.333 0.000 532.234 747.377 0.000
0.000 0.000 352.087 0.000 0.000 0.000 490.579 0.000
448.837 0.000 459.614 681.723 0.000 600.954 756.948 0.000
0.000 334.934 0.000 680.940 0.000 0.000 678.841 0.000
0.000 363.459 0.000 938.561 361.438 323.853 0.000 0.000
0.000 836.408 0.000 650.279 663.110 0.000 727.522 0.000
0.000 430.251 0.000 0.000 0.000 407.642 945.707 731.867
732.556 0.000 990.486 0.000 713.786 404.745 0.000 0.000
0.000 0.000 0.000 0.000 0.000 0.000 0.000 840.592
608.571 0.000 758.292 0.000 0.000 0.000 621.861 324.529
0.000 0.000 794.347 0.000 0.000 0.000 0.000 0.000
313.849 703.394 0.000 472.244 498.693 0.000 976.527 888.069
983.776 0.000 971.015 507.440 848.034 494.739 0.000 0.000
0.000 0.000 754.498 434.085 829.967 710.477 434.674 766.534
0.000 0.000 318.252 0.000 948.346 561.300 0.000 787.565
0.000 338.730 697.485 0.000 337.633 0.000 0.000 0.000
398.943 968.148 0.000 0.000 814.349 0.000 0.000 0.000
0.000 0.000 0.000 891.705 409.031 411.522 0.000 835.583
0.000 0.000 0.000 0.000 965.897 699.756 0.000 747.396
0.000 311.312 754.221 676.338 0.000 936.177 985.929 0.000
0.000 996.599 0.000 0.000 0.000 0.000 434.271 352.950
0.000 333.787 651.688 896.596 0.000 336.133 0.000 574.816
0.000 901.883 0.000 0.000 307.951 496.763 0.000 0.000
429.137 0.000 953.207 461.798 526.252 967.177 832.184 0.000
0.000 842.954 0.000 0.000 476.258 0.000 799.692 509.650
957.137 765.734 0.000 0.000 321.125 0.000 332.917 0.000
509.390 0.000 0.000 0.000 904.564 0.000 774.457 0.000
0.000 0.000 318.014 0.000 0.000 970.128 0.000 0.000
0.000 0.000 0.000 640.340 460.730 650.446 0.000 442.954
873.970 951.167 0.000 0.000 0.000 848.170 974.037 356.675
394.572 0.000 721.172 875.306 0.000 0.000 0.000 0.000
0.000 490.508 323.527 888.389 0.000 0.000 335.233 754.180
0.000 495.726 0.000 696.316 364.026 431.549 0.000 494.602
591.569 0.000 858.071 0.000 756.166 769.746 671.358 638.409
918.737 416.981 958.424 778.920 679.162 0.000 350.697 791.833
0.000 436.552 0.000 0.000 0.000 712.446 973.973 0.000
535.320 0.000 353.421 0.000 836.759 569.401 946.706 701.218
591.513 468.916 562.511 0.000 0.000 338.545 861.986 0.000
459.205 413.905 545.263 0.000 712.760 866.708 0.000 360.056
0.000 0.000 334.252 613.700 0.000 993.030 842.714 0.000
892.278 0.000 518.690 563.712 0.000 754.200 793.589 991.983
0.000 0.000 0.000 605.677 0.000 0.000 830.619 0.000
0.000 0.000 0.000 403.344 763.463 487.426 0.000 0.000
0.000 756.358 0.000 0.000 0.000 403.044 0.000 774.823
0.000 0.000 980.943 968.651 0.000 840.038 0.000 0.000
0.000 832.690 951.503 658.842 464.920 888.299 358.625 0.000
338.401 0.000 0.000 606.376 655.480 0.000 0.000 0.000
0.000 372.319 0.000 0.000 0.000 0.000 0.000 0.000
728.336 780.907 365.216 453.914 973.147 315.435 0.000 0.000
0.000 449.932 818.747 306.903 551.290 0.000 939.564 0.000
0.000 0.000 979.723 0.000 791.267 300.103 472.904 317.236
449.923 0.000 559.408 0.000 311.216 542.838 770.782 923.968
0.000 0.000 840.642 0.000 0.000 567.325 0.000 445.886
0.000 502.254 0.000 561.099 852.994 824.196 0.000 0.000
0.000 0.000 0.000 0.000 494.218 500.316 0.000 458.431
0.000 0.000 0.000 0.000 480.415 0.000 0.000 0.000
814.011 909.641 0.000 577.301 343.249 713.381 313.738 384.871
0.000 762.050 0.000 0.000 534.814 982.745 977.599 774.220
0.000 0.000 0.000 0.000 0.000 374.645 0.000 874.356
869.250 0.000 608.606 0.000 0.000 0.000 0.000 0.000
537.513 642.625 0.000 0.000 497.435 0.000 0.000 0.000
0.000 0.000 601.347 600.475 606.377 961.201 993.817 402.224
0.000 388.679 0.000 0.000 719.968 857.518 0.000 384.377
0.000 537.123 0.000 382.889 494.016 577.689 0.000 462.276
0.000 0.000 981.078 0.000 620.075 0.000 0.000 0.000
0.000 885.480 0.000 0.000 702.493 525.801 0.000 503.032
868.087 906.084 0.000 0.000 0.000 0.000 0.000 0.000
834.719 663.053 478.783 0.000 0.000 0.000 432.511 0.000
0.000 0.000 669.727 0.000 937.786 711.086 0.000 943.362
0.000 0.000 621.295 0.000 0.000 326.793 0.000 408.654
0.000 0.000 518.530 0.000 343.824 460.441 443.583 0.000
715.070 999.207 0.000 0.000 962.065 378.552 446.424 543.445
787.221 974.108 0.000 488.453 0.000 413.192 615.052 0.000
375.926 321.615 0.000 983.670 650.922 416.940 449.837 375.046
0.000 0.000 0.000 747.999 526.472 0.000 358.367 844.571
660.341 544.693 0.000 0.000 0.000 0.000 0.000 326.212
474.643 725.804 356.101 0.000 0.000 495.848 709.461 750.170
978.708 0.000 321.063 0.000 0.000 685.553 0.000 643.713
401.481 0.000 396.290 0.000 0.000 0.000 968.567 890.472
0.000 0.000 0.000 0.000 865.639 0.000 929.140 0.000
434.895 0.000 596.399 0.000 0.000 759.920 0.000 919.835
0.000 0.000 0.000 591.891 612.115 569.856 803.877 0.000
0.000 378.988 0.000 0.000 0.000 0.000 0.000 0.000
306.814 549.823 0.000 0.000 0.000 0.000 0.000 841.886
936.930 346.238 482.262 0.000 948.104 0.000 986.985 589.819
472.810 637.815 717.338 525.885 0.000 0.000 0.000 0.000
968.253 398.769 485.909 0.000 589.325 917.004 0.000 788.501
484.689 0.000 548.237 0.000 630.095 978.996 0.000 840.984
0.000 0.000 0.000 871.556 0.000 820.448 0.000 0.000
544.130 0.000 0.000 763.289 895.244 0.000 0.000 0.000
946.077 877.193 477.468 0.000 319.196 0.000 314.579 608.585
0.000 966.926 546.155 0.000 0.000 0.000 0.000 653.638
925.274 0.000 0.000 0.000 994.016 0.000 0.000 0.000
882.300 380.882 0.000 629.040 0.000 522.592 456.947 601.355
693.851 0.000 323.621 708.915 759.778 0.000 0.000 0.000
763.456 711.855 0.000 567.954 0.000 688.683 755.937 0.000
0.000 834.709 0.000 380.966 784.517 459.872 634.795 526.999
0.000 585.973 0.000 0.000 0.000 899.561 0.000 672.326
657.209 0.000 0.000 902.011 388.440 717.974 0.000 0.000
0.000 722.659 708.034 0.000 531.535 652.953 0.000 0.000
0.000 982.318 0.000 0.000 733.578 0.000 0.000 574.592
355.711 0.000 408.581 939.535 527.878 0.000 0.000 0.000
983.684 0.000 0.000 469.104 587.488 0.000 0.000 0.000
827.317 0.000 425.289 548.798 702.905 685.690 0.000 402.138
0.000 621.716 0.000 843.577 525.728 832.412 919.791 0.000
0.000 0.000 461.189 0.000 0.000 0.000 330.076 561.149
0.000 0.000 0.000 0.000 0.000 0.000 674.068 0.000
698.305 313.312 0.000 374.233 778.786 560.505 310.768 0.000
954.842 0.000 838.709 352.072 358.408 0.000 568.785 0.000
723.125 0.000 0.000 0.000 0.000 0.000 0.000 572.293
0.000 0.000 0.000 0.000 595.229 0.000 0.000 840.452
948.098 0.000 0.000 0.000 0.000 0.000 513.485 590.937
537.441 0.000 560.615 0.000 688.590 0.000 0.000 0.000
0.000 0.000 0.000 316.308 583.200 0.000 0.000 496.022
303.275 464.765 984.968 979.381 398.900 965.552 767.172 0.000
0.000 741.464 531.001 0.000 0.000 351.830 518.044 0.000
379.801 991.075 539.376 463.926 579.498 701.898 0.000 584.286
315.520 667.173 751.037 568.105 499.467 0.000 0.000 0.000
407.090 796.495 468.755 418.244 535.908 0.000 0.000 0.000
306.061 0.000 0.000 509.965 723.372 0.000 0.000 598.333
0.000 464.563 928.589 0.000 574.454 0.000 0.000 969.586
318.612 502.772 931.590 0.000 685.577 477.873 0.000 0.000
771.438 965.524 0.000 0.000 0.000 913.796 0.000 0.000
0.000 516.723 0.000 0.000 508.288 638.237 0.000 0.000
447.541 721.438 0.000 616.469 0.000 0.000 978.377 0.000
465.745 422.987 0.000 0.000 0.000 0.000 0.000 631.332
0.000 890.082 0.000 531.993 0.000 863.685 600.809 879.685
712.880 584.840 641.262 503.030 0.000 314.038 931.066 508.651
823.177 310.147 0.000 896.794 846.097 777.928 0.000 0.000
0.000 876.810 0.000 539.924 0.000 541.147 0.000 691.213
837.027 527.562 664.092 548.463 0.000 0.000 990.546 521.772
834.811 0.000 759.960 730.699 991.412 987.837 0.000 0.000
355.838 476.063 486.906 976.116 373.129 0.000 851.431 843.843
936.919 901.526 0.000 0.000 0.000 0.000 790.028 412.730
344.390 0.000 0.000 0.000 634.337 0.000 0.000 347.383
702.596 350.460 0.000 0.000 0.000 954.291 0.000 651.145
568.937 660.882 0.000 980.470 0.000 990.006 0.000 0.000
324.420 0.000 624.807 591.680 0.000 0.000 0.000 0.000
854.043 523.711 362.671 0.000 937.420 0.000 950.186 0.000
0.000 0.000 508.860 652.830 0.000 818.337 903.980 0.000
0.000 0.000 0.000 0.000 985.075 0.000 0.000 0.000
874.604 0.000 724.498 0.000 941.211 0.000 0.000 483.213
0.000 0.000 887.515 0.000 776.227 496.780 373.551 0.000
0.000 0.000 0.000 0.000 998.111 740.586 0.000 0.000
0.000 0.000 935.818 0.000 770.128 987.692 673.431 654.984
816.531 0.000 999.958 0.000 0.000 436.076 0.000 0.000
0.000 0.000 0.000 0.000 834.905 0.000 790.096 0.000
0.000 853.798 943.003 0.000 0.000 449.097 371.435 0.000
0.000 0.000 0.000 433.464 0.000 0.000 0.000 364.541
437.175 0.000 0.000 540.578 0.000 0.000 0.000 314.152
655.804 594.596 760.695 443.304 0.000 0.000 0.000 0.000
304.423 0.000 814.558 360.786 325.154 876.836 468.219 0.000
440.821 0.000 0.000 0.000 809.058 769.419 459.445 0.000
0.000 0.000 0.000 770.565 426.834 549.312 767.878 471.594
438.118 920.890 0.000 751.074 626.571 0.000 859.164 618.544
0.000 0.000 653.745 466.870 876.177 744.128 0.000 0.000
0.000 0.000 872.676 0.000 857.943 0.000 0.000 0.000
950.478 0.000 569.768 0.000 0.000 973.465 749.493 654.686
648.831 0.000 543.083 0.000 330.723 0.000 0.000 688.833
573.412 613.098 363.680 0.000 0.000 0.000 425.744 0.000
0.000 659.215 960.511 0.000 784.676 0.000 869.621 521.612
0.000 0.000 921.703 0.000 523.020 0.000 945.387 0.000
0.000 0.000 0.000 399.486 974.145 529.604 0.000 0.000
793.722 0.000 0.000 0.000 0.000 976.635 746.103 0.000
0.000 0.000 928.234 387.018 0.000 0.000 0.000 0.000
0.000 675.230 0.000 400.272 538.656 0.000 971.827 806.067
0.000 0.000 748.471 763.232 0.000 0.000 0.000 0.000
407.010 0.000 845.197 440.598 842.805 0.000 513.360 0.000
0.000 0.000 0.000 910.261 0.000 0.000 0.000 0.000
0.000 0.000 429.654 0.000 384.850 396.948 0.000 967.421
0.000 529.459 477.528 469.831 948.877 0.000 527.012 0.000
0.000 989.881 0.000 0.000 414.199 0.000 330.624 932.185
516.903 0.000 0.000 0.000 452.716 0.000 337.297 0.000
0.000 943.820 0.000 0.000 0.000 0.000 776.648 0.000
0.000 0.000 648.804 539.963 711.055 0.000 0.000 0.000
350.332 407.422 890.549 938.293 837.527 827.919 0.000 329.800
448.208 0.000 0.000 532.588 964.157 607.968 421.976 854.429
912.816 0.000 0.000 375.383 0.000 0.000 0.000 0.000
0.000 0.000 0.000 0.000 457.053 0.000 0.000 860.632
0.000 359.857 0.000 355.894 0.000 983.606 936.921 341.376
0.000 770.258 970.884 0.000 0.000 0.000 835.265 327.428
658.284 695.462 436.985 0.000 644.433 775.313 0.000 0.000
0.000 0.000 0.000 309.009 0.000 462.305 0.000 423.002
446.932 641.517 0.000 0.000 458.457 618.540 0.000 483.327
764.863 504.976 711.354 772.891 730.688 695.909 767.505 545.474
805.135 0.000 915.180 566.675 0.000 0.000 361.788 605.642
591.040 0.000 675.706 0.000 0.000 0.000 0.000 0.000
0.000 715.711 509.329 0.000 954.226 0.000 995.559 0.000
578.399 819.143 620.234 0.000 0.000 952.229 0.000 0.000
0.000 0.000 0.000 562.513 0.000 538.109 733.678 472.830
0.000 346.016 0.000 0.000 0.000 925.377 454.788 881.957
0.000 0.000 0.000 0.000 370.968 916.745 0.000 471.638
722.760 588.927 713.920 848.692 0.000 799.346 0.000 0.000
0.000 374.864 732.935 0.000 0.000 467.537 0.000 0.000
400.225 867.757 0.000 0.000 327.935 0.000 428.765 919.397
0.000 377.616 0.000 0.000 854.890 0.000 0.000 0.000
867.617 857.805 764.692 585.247 0.000 0.000 0.000 0.000
0.000 596.912 0.000 751.644 0.000 0.000 723.267 550.043
503.360 0.000 822.131 0.000 410.370 0.000 372.215 0.000
875.907 0.000 0.000 317.634 0.000 361.996 0.000 847.838
452.929 0.000 941.115 0.000 605.006 0.000 0.000 651.627
534.014 630.423 0.000 462.651 678.176 0.000 0.000 0.000
485.910 800.307 0.000 0.000 313.967 711.404 400.076 0.000
0.000 0.000 634.353 0.000 719.556 428.875 985.149 0.000
505.775 0.000 0.000 0.000 0.000 0.000 0.000 0.000
748.406 412.906 423.891 0.000 0.000 660.558 974.856 0.000
0.000 0.000 0.000 0.000 923.559 809.579 319.103 0.000
464.073 0.000 0.000 0.000 449.139 370.878 0.000 794.129
0.000 774.136 0.000 613.776 0.000 0.000 0.000 0.000
733.651 0.000 0.000 0.000 755.537 0.000 0.000 0.000
844.186 0.000 0.000 718.927 0.000 930.912 382.692 0.000
945.216 526.393 634.789 0.000 356.793 0.000 824.024 628.340
0.000 939.276 0.000 616.176 0.000 735.947 425.985 0.000
0.000 752.157 0.000 0.000 467.560 538.519 496.678 561.863
0.000 0.000 0.000 996.556 0.000 392.689 0.000 0.000
663.704 0.000 0.000 0.000 715.096 0.000 868.929 522.507
601.145 0.000 726.306 0.000 858.354 0.000 0.000 0.000
818.017 0.000 794.539 0.000 0.000 0.000 0.000 962.508
903.570 550.294 403.893 691.091 662.037 463.777 939.899 306.604
575.037 456.490 504.898 460.021 0.000 0.000 997.032 943.600
950.124 0.000 0.000 318.648 0.000 0.000 340.794 859.658
0.000 0.000 886.766 431.848 469.121 0.000 0.000 866.154
562.368 0.000 547.141 496.909 0.000 0.000 0.000 0.000
312.049 505.787 0.000 752.377 428.387 726.773 962.438 588.444
376.692 394.210 0.000 387.875 905.803 0.000 684.031 0.000
0.000 0.000 0.000 0.000 0.000 0.000 573.669 0.000
953.957 387.409 0.000 313.348 0.000 0.000 583.317 726.348
461.009 648.840 696.065 382.294 468.112 0.000 694.267 0.000
559.181 641.662 896.149 0.000 0.000 0.000 431.251 0.000
0.000 647.849 472.019 0.000 0.000 378.386 503.936 666.905
0.000 476.738 581.716 588.804 0.000 541.039 0.000 771.975
0.000 398.976 414.649 480.776 0.000 680.411 0.000 523.049
0.000 829.304 0.000 663.123 715.944 497.929 563.989 703.392
0.000 0.000 0.000 0.000 0.000 0.000 0.000 308.726
0.000 640.709 0.000 0.000 530.627 916.707 0.000 0.000
663.170 854.243 0.000 825.022 957.528 710.509 849.312 0.000
343.570 0.000 885.765 913.521 0.000 739.504 942.510 485.571
0.000 0.000 714.441 0.000 803.486 964.606 0.000 645.137
0.000 0.000 491.054 0.000 965.977 0.000 0.000 904.904
829.212 0.000 800.374 379.889 869.636 0.000 0.000 0.000
0.000 0.000 790.137 0.000 0.000 895.584 351.437 0.000
902.861 0.000 341.385 557.751 596.620 945.457 584.968 0.000
0.000 565.408 0.000 0.000 430.823 378.669 0.000 751.506
0.000 519.321 527.724 506.300 0.000 0.000 0.000 553.461
0.000 0.000 486.398 350.018 434.891 804.381 0.000 0.000
922.662 688.566 438.908 481.535 381.302 0.000 0.000 0.000
0.000 874.952 0.000 0.000 0.000 623.894 420.004 717.530
0.000 520.909 536.572 879.226 0.000 461.900 390.649 971.089
0.000 711.161 0.000 928.927 0.000 0.000 949.216 915.666
0.000 0.000 0.000 644.506 331.109 809.658 0.000 456.760
0.000 720.867 457.139 0.000 0.000 0.000 0.000 317.791
828.808 0.000 0.000 0.000 386.869 0.000 536.097 0.000
760.677 483.125 0.000 449.645 0.000 0.000 0.000 930.901
961.535 0.000 0.000 0.000 0.000 0.000 0.000 0.000
0.000 914.082 721.695 0.000 426.153 532.427 500.819 0.000
923.931 415.438 0.000 758.336 0.000 460.919 884.232 772.169
0.000 380.331 0.000 528.026 0.000 431.679 0.000 0.000
376.856 0.000 560.481 0.000 0.000 702.335 0.000 605.710
