0.000 641.694 604.553 0.000 900.772 0.000 0.000 0.000
0.000 637.747 739.755 316.520 0.000 644.833 478.394 0.000
829.412 617.981 625.185 0.000 0.000 0.000 816.719 0.000
0.000 668.861 744.978 302.984 0.000 0.000 976.381 0.000
0.000 928.600 0.000 0.000 592.265 0.000 0.000 0.000
810.163 0.000 0.000 0.000 0.000 660.640 0.000 352.697
543.247 543.687 0.000 948.728 627.312 0.000 709.858 0.000
726.445 0.000 531.816 341.906 0.000 0.000 603.695 0.000
0.000 424.667 0.000 0.000 0.000 0.000 0.000 737.770
611.247 476.091 0.000 0.000 725.377 0.000 451.575 0.000
0.000 662.432 0.000 460.073 879.832 0.000 995.421 488.188
711.742 0.000 0.000 0.000 0.000 496.733 0.000 770.641
692.300 915.637 530.379 371.263 648.710 0.000 0.000 329.687
720.171 0.000 444.101 439.499 506.327 0.000 0.000 932.794
0.000 567.221 992.741 334.928 0.000 0.000 0.000 0.000
794.616 0.000 0.000 0.000 0.000 975.372 0.000 987.964
0.000 910.407 0.000 0.000 0.000 0.000 0.000 558.427
845.227 306.190 887.113 0.000 0.000 0.000 310.886 0.000
515.031 827.968 0.000 683.291 0.000 613.188 522.683 632.640
511.029 693.444 511.132 0.000 0.000 0.000 0.000 0.000
0.000 938.652 334.986 894.106 886.222 0.000 406.735 0.000
309.663 0.000 896.529 786.583 752.777 506.789 0.000 0.000
0.000 326.363 837.894 553.451 0.000 0.000 0.000 753.285
628.672 798.417 0.000 392.753 637.474 497.014 378.259 0.000
806.059 627.113 869.941 626.552 0.000 469.070 0.000 0.000
0.000 777.246 0.000 0.000 0.000 0.000 0.000 0.000
609.396 0.000 622.432 0.000 508.874 503.360 0.000 0.000
321.656 636.321 368.794 318.935 0.000 934.378 652.164 389.013
592.014 0.000 0.000 615.415 757.747 0.000 606.254 0.000
903.815 0.000 748.218 0.000 0.000 824.733 0.000 0.000
0.000 0.000 0.000 375.966 912.079 0.000 0.000 480.778
0.000 723.869 988.267 0.000 415.238 0.000 870.958 0.000
784.146 0.000 0.000 873.052 646.477 308.804 0.000 0.000
997.406 0.000 552.582 684.025 314.490 0.000 0.000 0.000
0.000 0.000 0.000 842.110 948.330 0.000 0.000 0.000
0.000 0.000 0.000 872.093 0.000 578.275 0.000 475.978
0.000 948.507 877.653 554.961 0.000 0.000 0.000 340.224
0.000 652.577 825.233 619.884 0.000 951.653 0.000 923.309
0.000 507.502 0.000 503.440 559.934 753.397 0.000 0.000
750.824 0.000 306.837 0.000 0.000 518.232 814.310 364.170
0.000 664.061 0.000 666.202 0.000 716.236 0.000 804.208
734.776 0.000 0.000 0.000 572.893 465.527 0.000 400.070
936.493 961.675 704.381 0.000 632.086 511.282 0.000 906.959
556.451 0.000 0.000 0.000 430.731 599.256 547.212 0.000
727.482 949.027 0.000 0.000 617.320 0.000 834.271 448.513
0.000 0.000 0.000 0.000 327.362 0.000 0.000 0.000
494.349 569.623 828.860 419.204 0.000 0.000 311.529 0.000
710.382 0.000 0.000 793.958 0.000 629.418 0.000 789.625
0.000 927.318 0.000 0.000 0.000 0.000 0.000 0.000
0.000 605.088 0.000 0.000 0.000 643.455 670.016 649.801
0.000 0.000 0.000 0.000 0.000 857.496 0.000 841.727
955.664 0.000 357.430 692.137 548.174 549.207 0.000 584.593
0.000 0.000 0.000 0.000 0.000 717.616 745.869 783.048
0.000 0.000 488.953 0.000 838.682 394.711 679.471 526.295
0.000 0.000 0.000 888.783 849.726 557.667 0.000 0.000
0.000 0.000 0.000 373.399 0.000 0.000 648.004 491.589
0.000 0.000 0.000 486.927 898.411 0.000 992.348 0.000
916.528 991.898 355.463 524.370 500.851 0.000 0.000 0.000
903.922 369.587 0.000 0.000 574.249 308.302 435.591 0.000
0.000 0.000 665.714 0.000 529.585 318.824 0.000 654.774
0.000 0.000 430.578 702.272 0.000 908.878 419.506 987.128
475.943 0.000 600.231 0.000 0.000 0.000 0.000 851.487
0.000 961.092 0.000 782.129 0.000 497.835 993.697 322.011
0.000 0.000 710.553 0.000 313.615 588.311 0.000 757.968
560.941 0.000 0.000 535.032 915.473 914.343 585.559 439.887
0.000 0.000 339.329 827.641 586.536 397.936 674.790 320.383
0.000 497.314 0.000 0.000 566.455 473.516 0.000 0.000
953.556 347.021 0.000 353.260 954.877 798.983 569.122 0.000
0.000 0.000 0.000 0.000 495.489 0.000 0.000 0.000
682.965 613.478 707.320 893.599 0.000 0.000 527.381 0.000
895.908 411.512 696.455 0.000 348.234 988.330 0.000 656.834
344.183 659.404 0.000 973.094 0.000 0.000 417.434 301.257
0.000 0.000 834.513 883.072 854.488 543.003 0.000 748.188
651.941 0.000 843.102 0.000 959.953 911.582 873.980 453.463
0.000 0.000 0.000 443.167 0.000 0.000 0.000 0.000
978.053 0.000 371.920 0.000 396.375 777.482 677.028 0.000
0.000 947.794 708.668 0.000 0.000 986.140 0.000 0.000
774.175 475.275 0.000 0.000 408.088 386.356 0.000 0.000
0.000 0.000 998.020 0.000 0.000 0.000 686.636 663.724
451.513 522.010 0.000 859.173 469.321 0.000 0.000 378.625
514.886 984.744 353.777 0.000 738.858 0.000 620.037 778.977
796.643 434.219 0.000 430.866 477.905 0.000 0.000 584.405
0.000 946.351 464.730 0.000 0.000 0.000 541.045 593.881
0.000 718.775 570.626 365.811 0.000 582.575 823.548 0.000
0.000 0.000 878.726 0.000 0.000 0.000 446.034 0.000
473.102 900.805 330.147 0.000 784.925 0.000 0.000 0.000
0.000 0.000 433.732 0.000 0.000 0.000 878.798 912.228
0.000 0.000 786.337 869.458 0.000 0.000 0.000 937.219
0.000 475.733 432.992 0.000 0.000 620.414 722.256 0.000
733.061 431.530 462.760 947.247 0.000 0.000 0.000 0.000
0.000 0.000 308.754 0.000 396.230 711.465 460.369 654.601
0.000 505.816 0.000 0.000 0.000 0.000 0.000 0.000
0.000 0.000 0.000 0.000 564.775 0.000 448.218 0.000
0.000 510.106 0.000 591.983 0.000 0.000 823.274 435.583
320.068 0.000 894.344 990.492 555.274 949.533 0.000 0.000
0.000 667.503 0.000 0.000 0.000 0.000 544.085 943.122
515.137 862.778 0.000 647.939 0.000 0.000 0.000 0.000
0.000 319.716 650.521 530.067 0.000 587.311 0.000 0.000
0.000 958.674 712.272 876.569 932.941 0.000 0.000 0.000
601.881 0.000 0.000 888.525 910.795 0.000 980.785 0.000
0.000 0.000 0.000 0.000 894.807 0.000 873.972 854.959
654.995 0.000 0.000 694.260 0.000 0.000 697.934 0.000
622.421 0.000 887.724 421.014 358.797 524.768 0.000 536.767
0.000 0.000 586.433 892.426 0.000 474.021 0.000 923.245
0.000 0.000 0.000 0.000 550.950 467.426 757.150 927.951
555.279 0.000 463.393 738.295 711.336 0.000 0.000 903.022
0.000 478.158 0.000 543.558 588.455 0.000 0.000 0.000
756.467 374.799 841.443 0.000 0.000 477.259 945.764 659.218
953.247 0.000 817.297 391.301 694.508 625.242 941.355 884.959
863.060 634.009 365.910 512.393 0.000 0.000 0.000 314.516
829.016 0.000 796.172 499.458 559.884 967.232 466.693 0.000
0.000 0.000 0.000 0.000 891.362 0.000 470.665 574.774
0.000 0.000 614.038 0.000 302.367 0.000 0.000 0.000
806.991 567.326 0.000 464.123 0.000 654.070 0.000 0.000
0.000 855.824 0.000 871.609 784.880 0.000 0.000 332.853
310.145 330.724 0.000 936.837 520.848 0.000 0.000 990.040
410.951 0.000 357.016 0.000 0.000 313.648 0.000 696.411
716.797 0.000 393.969 0.000 581.960 314.116 0.000 0.000
669.676 0.000 0.000 347.965 468.028 612.053 981.082 0.000
0.000 562.827 0.000 0.000 520.252 885.575 0.000 0.000
0.000 0.000 311.593 0.000 0.000 0.000 0.000 622.494
0.000 0.000 0.000 691.765 0.000 950.544 0.000 766.330
344.833 0.000 322.629 0.000 0.000 0.000 460.267 0.000
453.065 367.538 770.293 920.494 0.000 0.000 0.000 742.870
0.000 0.000 921.314 0.000 0.000 0.000 754.273 412.757
0.000 746.467 0.000 546.747 381.624 0.000 0.000 0.000
350.525 0.000 0.000 815.718 0.000 0.000 0.000 0.000
0.000 0.000 680.796 0.000 0.000 433.451 0.000 665.243
0.000 0.000 0.000 0.000 0.000 978.037 0.000 0.000
765.124 0.000 0.000 0.000 0.000 818.152 0.000 819.875
0.000 594.196 460.385 0.000 0.000 581.469 0.000 0.000
491.460 417.518 0.000 0.000 926.076 0.000 0.000 684.447
0.000 0.000 0.000 0.000 0.000 603.298 786.463 659.812
690.885 527.276 0.000 0.000 0.000 458.931 0.000 990.213
865.096 0.000 0.000 309.151 332.345 0.000 363.175 0.000
0.000 734.066 702.825 0.000 794.567 776.381 747.025 544.275
0.000 0.000 957.437 0.000 0.000 0.000 0.000 0.000
0.000 0.000 683.640 0.000 0.000 971.585 0.000 681.442
926.267 756.487 586.986 0.000 0.000 780.064 726.286 0.000
0.000 0.000 0.000 702.228 394.360 0.000 706.443 0.000
0.000 998.124 0.000 676.730 0.000 0.000 0.000 733.203
405.041 699.739 0.000 573.370 0.000 757.574 784.691 0.000
0.000 0.000 993.175 0.000 0.000 355.869 0.000 0.000
434.326 0.000 0.000 776.985 0.000 701.029 0.000 659.471
705.003 0.000 0.000 954.217 673.491 677.938 457.070 473.529
0.000 0.000 533.398 475.458 0.000 325.193 0.000 0.000
0.000 0.000 893.694 0.000 764.703 0.000 558.884 584.194
0.000 0.000 0.000 0.000 0.000 0.000 0.000 688.861
911.239 725.942 764.579 0.000 547.973 0.000 475.029 833.681
567.841 645.720 0.000 0.000 564.976 989.991 0.000 0.000
957.692 0.000 0.000 434.392 581.163 0.000 988.118 0.000
630.856 0.000 0.000 0.000 426.032 0.000 0.000 0.000
645.307 0.000 0.000 0.000 938.137 304.218 453.989 0.000
0.000 0.000 335.349 0.000 0.000 0.000 0.000 0.000
470.988 0.000 0.000 0.000 0.000 0.000 999.763 0.000
732.068 656.480 0.000 0.000 0.000 530.038 364.461 0.000
309.199 362.399 0.000 0.000 491.128 354.521 799.185 0.000
0.000 950.953 594.463 0.000 650.132 0.000 689.708 0.000
0.000 516.112 0.000 0.000 595.628 0.000 0.000 0.000
0.000 409.658 687.568 988.253 732.653 674.458 891.035 550.850
0.000 598.257 0.000 722.741 639.639 872.220 0.000 0.000
0.000 0.000 485.188 707.282 0.000 784.609 901.053 740.646
0.000 0.000 0.000 0.000 594.192 790.602 371.888 435.007
744.439 560.920 886.941 0.000 826.788 334.865 344.307 0.000
533.776 975.766 0.000 415.579 880.402 0.000 0.000 0.000
404.994 0.000 647.942 644.160 704.050 959.165 536.338 747.322
656.396 0.000 0.000 577.661 0.000 0.000 983.494 758.509
0.000 867.331 0.000 979.155 0.000 0.000 378.640 892.167
558.397 0.000 366.571 0.000 0.000 0.000 0.000 642.987
429.179 0.000 0.000 540.202 697.908 615.868 307.913 0.000
0.000 0.000 735.930 620.736 904.595 532.233 369.452 0.000
0.000 0.000 928.571 608.263 326.325 0.000 0.000 885.361
429.683 0.000 0.000 0.000 0.000 0.000 423.417 0.000
832.609 0.000 0.000 757.170 0.000 0.000 585.109 768.868
376.214 826.007 626.285 0.000 301.149 312.219 0.000 873.711
0.000 683.858 933.155 559.851 0.000 314.605 0.000 0.000
0.000 0.000 683.050 0.000 667.981 0.000 0.000 0.000
0.000 0.000 0.000 931.921 0.000 0.000 930.648 0.000
317.923 683.810 437.024 0.000 0.000 922.389 553.908 643.510
0.000 0.000 0.000 0.000 0.000 0.000 903.499 626.047
903.113 0.000 0.000 727.264 0.000 788.040 0.000 0.000
0.000 385.519 364.558 0.000 615.715 645.671 586.881 0.000
732.219 0.000 0.000 0.000 0.000 413.551 0.000 370.144
913.350 0.000 424.767 0.000 777.824 766.272 0.000 904.937
473.624 569.421 0.000 0.000 0.000 787.714 615.271 0.000
0.000 0.000 745.532 0.000 0.000 0.000 0.000 0.000
330.562 694.097 518.369 553.689 0.000 0.000 0.000 0.000
331.914 741.029 0.000 0.000 0.000 719.611 0.000 323.890
0.000 0.000 0.000 0.000 642.085 0.000 0.000 0.000
0.000 0.000 0.000 501.741 0.000 0.000 719.280 0.000
0.000 0.000 0.000 0.000 469.781 0.000 852.569 0.000
355.637 840.174 0.000 302.622 0.000 0.000 0.000 0.000
0.000 0.000 387.176 521.542 0.000 0.000 0.000 0.000
494.284 0.000 417.114 0.000 896.463 495.432 861.955 0.000
0.000 0.000 0.000 316.405 804.150 0.000 409.115 816.986
0.000 846.883 921.615 0.000 0.000 649.600 0.000 656.769
0.000 674.930 0.000 0.000 0.000 763.614 0.000 638.704
788.117 0.000 0.000 0.000 0.000 0.000 0.000 0.000
858.253 0.000 0.000 0.000 0.000 0.000 446.823 0.000
0.000 877.567 0.000 0.000 387.381 392.930 0.000 839.987
892.217 496.780 721.206 0.000 0.000 798.219 960.562 863.112
0.000 781.272 549.475 819.483 0.000 777.706 746.402 835.230
0.000 672.814 0.000 0.000 0.000 0.000 0.000 401.228
715.804 701.441 0.000 0.000 0.000 522.818 0.000 853.114
0.000 0.000 0.000 502.447 334.667 0.000 444.641 0.000
0.000 0.000 0.000 741.081 433.476 0.000 356.920 0.000
460.895 813.174 483.079 0.000 0.000 655.694 960.475 961.209
637.712 0.000 629.668 646.933 0.000 629.603 786.163 923.398
605.587 0.000 0.000 801.528 0.000 0.000 937.317 476.492
547.636 0.000 0.000 400.883 0.000 0.000 778.497 0.000
445.382 965.696 339.905 0.000 0.000 0.000 611.912 0.000
0.000 0.000 786.244 0.000 0.000 0.000 968.243 0.000
460.492 0.000 0.000 828.496 389.614 0.000 0.000 337.507
0.000 511.769 658.382 815.999 0.000 0.000 0.000 0.000
0.000 550.192 0.000 928.003 0.000 0.000 0.000 0.000
850.829 824.421 965.367 0.000 0.000 0.000 0.000 0.000
0.000 906.377 674.870 967.828 0.000 666.140 360.262 888.825
939.702 930.957 0.000 0.000 312.057 0.000 0.000 614.294
0.000 714.116 0.000 692.404 683.329 554.775 0.000 561.954
634.403 613.990 0.000 774.333 0.000 0.000 344.856 936.366
0.000 541.420 324.792 0.000 695.008 0.000 0.000 624.209
391.298 707.941 0.000 0.000 0.000 0.000 0.000 893.442
0.000 386.635 0.000 0.000 310.970 0.000 0.000 610.368
0.000 0.000 367.664 0.000 519.695 414.663 0.000 0.000
0.000 0.000 0.000 0.000 0.000 440.501 0.000 0.000
0.000 0.000 0.000 818.854 810.397 885.689 711.930 0.000
771.497 0.000 0.000 301.953 0.000 574.553 0.000 426.967
371.148 496.661 976.588 0.000 0.000 0.000 0.000 317.070
912.765 727.660 0.000 401.113 960.432 739.903 0.000 0.000
0.000 0.000 0.000 922.434 701.639 0.000 857.492 0.000
0.000 0.000 908.800 0.000 0.000 990.894 0.000 0.000
955.542 350.864 531.947 994.740 0.000 717.072 328.559 0.000
559.376 404.896 552.226 0.000 457.613 0.000 0.000 0.000
758.445 759.145 379.813 323.473 606.813 0.000 0.000 726.024
801.620 605.697 0.000 0.000 734.849 961.813 525.027 0.000
824.181 463.776 0.000 0.000 870.674 475.685 615.603 0.000
0.000 883.436 0.000 628.304 0.000 370.117 0.000 725.724
600.983 963.809 0.000 0.000 703.556 0.000 0.000 0.000
766.656 846.256 0.000 464.913 395.251 0.000 658.839 0.000
0.000 0.000 339.281 956.941 0.000 795.937 0.000 388.953
0.000 881.278 0.000 0.000 0.000 0.000 0.000 0.000
0.000 0.000 486.132 579.169 0.000 0.000 527.651 951.899
784.404 0.000 0.000 738.061 0.000 694.431 0.000 414.935
579.341 0.000 0.000 0.000 0.000 0.000 458.143 0.000
0.000 967.898 0.000 0.000 959.841 600.878 931.460 315.475
753.584 975.197 686.827 360.279 0.000 832.674 0.000 0.000
364.409 0.000 529.511 437.725 698.640 786.489 882.548 0.000
949.097 0.000 594.331 324.274 379.889 306.299 877.872 0.000
0.000 633.087 0.000 0.000 0.000 0.000 0.000 0.000
0.000 348.410 977.152 941.193 0.000 0.000 0.000 734.109
750.294 803.963 992.027 622.748 0.000 522.775 373.647 454.127
402.885 999.604 0.000 0.000 630.512 0.000 864.547 305.053
866.152 899.492 569.549 0.000 633.699 0.000 381.909 493.447
0.000 634.688 513.859 332.029 0.000 0.000 0.000 0.000
530.839 968.937 380.700 0.000 0.000 0.000 0.000 689.284
0.000 0.000 403.930 0.000 538.227 0.000 325.725 0.000
0.000 823.081 466.497 0.000 0.000 326.852 0.000 0.000
0.000 0.000 901.787 494.942 697.071 0.000 399.681 0.000
0.000 856.044 0.000 754.027 0.000 818.967 446.274 0.000
0.000 720.890 0.000 479.391 0.000 553.196 501.121 947.416
0.000 749.263 972.186 498.012 0.000 334.547 353.951 471.577
0.000 482.515 504.940 0.000 952.512 728.598 608.692 529.689
0.000 934.491 590.369 502.511 0.000 599.624 0.000 362.838
0.000 0.000 0.000 0.000 0.000 0.000 961.004 566.142
624.716 853.984 0.000 0.000 519.690 367.210 0.000 838.350
569.481 576.253 0.000 398.740 881.422 0.000 0.000 0.000
0.000 305.156 979.590 0.000 334.508 588.325 319.269 566.045
972.485 0.000 933.220 609.831 0.000 0.000 0.000 394.864
0.000 624.951 413.888 0.000 0.000 622.953 906.756 425.420
0.000 0.000 965.347 0.000 582.233 0.000 0.000 0.000
872.339 0.000 495.825 514.122 776.744 927.171 0.000 509.438
0.000 0.000 567.128 0.000 871.531 0.000 353.669 0.000
343.924 0.000 745.968 488.030 642.198 0.000 0.000 0.000
0.000 0.000 539.257 350.665 0.000 332.659 871.925 0.000
0.000 0.000 0.000 422.080 0.000 302.557 305.590 961.249
359.739 0.000 391.914 0.000 330.511 0.000 0.000 0.000
0.000 0.000 0.000 725.067 0.000 0.000 825.306 0.000
0.000 685.869 0.000 955.747 527.429 647.813 499.804 756.677
0.000 0.000 0.000 910.746 359.587 0.000 331.434 414.233
852.269 0.000 0.000 919.311 0.000 0.000 0.000 350.970
0.000 0.000 0.000 616.072 747.682 373.336 0.000 983.058
0.000 488.995 445.388 0.000 0.000 0.000 390.651 0.000
663.629 0.000 0.000 416.186 0.000 0.000 315.118 0.000
0.000 720.273 0.000 502.893 939.280 557.594 0.000 0.000
456.906 0.000 0.000 0.000 0.000 809.801 506.731 0.000
0.000 0.000 0.000 880.915 544.433 942.325 527.258 0.000
0.000 952.473 981.362 0.000 0.000 0.000 0.000 0.000
707.752 0.000 0.000 0.000 0.000 0.000 807.855 434.174
0.000 874.116 902.734 478.721 715.452 0.000 0.000 0.000
678.262 408.109 0.000 707.240 836.680 0.000 0.000 767.159
459.333 360.639 769.227 0.000 752.129 0.000 0.000 0.000
0.000 690.899 810.292 0.000 691.788 914.560 513.006 308.938
0.000 814.414 0.000 0.000 456.636 680.692 0.000 741.483
0.000 596.488 0.000 0.000 720.485 582.224 802.763 534.980
0.000 0.000 358.090 703.265 695.801 991.140 975.875 0.000
536.129 776.454 625.062 0.000 422.675 945.133 0.000 709.952
0.000 0.000 941.967 0.000 0.000 0.000 0.000 504.077
822.154 453.930 909.179 0.000 760.784 649.409 0.000 585.149
0.000 546.943 0.000 460.098 0.000 0.000 0.000 971.229
0.000 817.477 450.004 0.000 0.000 443.319 0.000 829.896
0.000 0.000 0.000 411.160 554.918 0.000 798.216 0.000
989.261 0.000 0.000 0.000 455.411 758.250 0.000 406.739
0.000 0.000 0.000 0.000 739.512 432.540 752.619 811.049
0.000 463.738 0.000 0.000 0.000 462.809 0.000 311.711
410.716 0.000 0.000 544.898 428.906 0.000 646.297 528.166
308.636 0.000 0.000 958.068 622.718 0.000 0.000 0.000
0.000 756.574 0.000 474.950 835.097 0.000 0.000 350.705
933.795 0.000 0.000 0.000 0.000 971.883 0.000 819.179
860.078 0.000 0.000 412.046 370.787 695.122 951.453 594.146
794.257 0.000 390.387 377.003 0.000 767.073 488.188 0.000
0.000 423.914 914.957 622.444 868.073 651.615 0.000 0.000
775.155 0.000 0.000 0.000 0.000 600.746 0.000 0.000
658.842 526.689 0.000 0.000 0.000 0.000 712.017 0.000
0.000 0.000 931.499 0.000 468.927 941.798 0.000 436.596
0.000 0.000 454.258 874.944 0.000 437.360 0.000 476.090
0.000 0.000 0.000 910.226 0.000 0.000 343.991 374.267
508.706 0.000 657.949 0.000 0.000 0.000 0.000 0.000
0.000 0.000 732.252 0.000 0.000 903.920 544.060 0.000
407.229 0.000 726.866 0.000 785.789 775.934 0.000 0.000
0.000 414.639 650.777 983.879 0.000 0.000 881.838 681.430
424.158 722.423 0.000 0.000 686.928 0.000 0.000 0.000
537.404 0.000 0.000 0.000 0.000 0.000 897.384 0.000
0.000 343.499 0.000 653.520 806.982 0.000 0.000 892.039
724.006 0.000 732.876 0.000 0.000 453.705 308.063 799.085
0.000 0.000 539.932 705.867 0.000 0.000 834.301 584.554
944.466 839.358 498.396 0.000 951.147 685.297 0.000 432.290
790.227 0.000 0.000 377.307 0.000 477.096 0.000 0.000
0.000 883.992 0.000 997.017 300.914 0.000 542.875 787.894
417.041 858.912 560.269 941.636 688.003 795.081 604.877 926.015
0.000 427.170 391.061 314.570 341.897 715.087 598.881 879.724
369.893 0.000 0.000 365.032 0.000 0.000 0.000 0.000
963.087 0.000 0.000 692.981 339.034 391.295 0.000 0.000
0.000 0.000 0.000 875.975 796.461 0.000 483.934 0.000
0.000 919.392 0.000 0.000 0.000 0.000 0.000 836.461
952.009 639.115 0.000 0.000 446.223 0.000 930.517 0.000
754.346 503.757 993.140 665.163 310.700 0.000 0.000 923.610
427.657 891.755 0.000 0.000 0.000 749.871 833.798 459.122
485.984 0.000 578.966 0.000 0.000 971.052 829.257 425.768
0.000 0.000 929.033 0.000 0.000 0.000 0.000 0.000
0.000 881.158 0.000 0.000 0.000 434.186 0.000 406.359
0.000 0.000 0.000 421.548 0.000 0.000 634.099 0.000
0.000 0.000 853.132 820.723 390.753 0.000 738.349 450.733
447.087 655.783 0.000 0.000 917.204 541.344 0.000 0.000
0.000 0.000 0.000 823.581 764.830 0.000 978.687 0.000
611.140 944.209 0.000 0.000 0.000 0.000 902.720 799.327
0.000 0.000 0.000 569.565 497.340 890.394 0.000 0.000
300.210 345.819 719.603 419.417 0.000 820.462 0.000 652.661
0.000 0.000 0.000 0.000 377.856 0.000 0.000 776.238
528.679 370.613 837.798 0.000 572.700 608.945 848.415 0.000
0.000 967.820 0.000 811.025 547.424 0.000 0.000 426.046
0.000 0.000 504.336 609.943 857.117 0.000 0.000 0.000
624.168 787.606 0.000 687.899 780.080 371.138 0.000 0.000
664.385 0.000 773.505 964.589 0.000 684.636 921.650 384.373
369.127 407.201 0.000 0.000 0.000 668.154 740.658 0.000
895.344 821.302 828.865 0.000 0.000 547.595 0.000 683.150
0.000 0.000 0.000 987.058 786.441 876.614 0.000 0.000
0.000 0.000 882.575 590.635 932.987 0.000 387.853 339.672
478.643 0.000 0.000 0.000 0.000 619.447 0.000 624.282
0.000 0.000 331.797 0.000 0.000 0.000 0.000 525.977
0.000 0.000 317.077 0.000 324.659 792.601 439.334 0.000
0.000 578.316 509.563 0.000 527.237 957.544 495.168 0.000
0.000 0.000 796.828 0.000 535.903 0.000 459.191 0.000
0.000 597.603 841.336 995.863 774.635 828.137 0.000 0.000
348.777 0.000 0.000 0.000 790.924 0.000 919.314 841.517
529.741 614.599 700.373 0.000 302.489 748.577 368.040 0.000
0.000 0.000 684.849 340.847 0.000 838.182 0.000 359.518
512.218 819.519 931.057 0.000 0.000 0.000 440.373 0.000
0.000 0.000 0.000 0.000 0.000 0.000 874.835 0.000
800.375 734.464 0.000 929.249 388.894 498.363 0.000 0.000
0.000 0.000 0.000 0.000 725.179 0.000 0.000 0.000
0.000 0.000 313.017 0.000 405.571 0.000 0.000 0.000
0.000 842.382 805.679 479.924 558.906 0.000 0.000 323.456
0.000 0.000 798.929 355.388 719.548 645.874 0.000 0.000
908.530 0.000 860.832 0.000 440.013 0.000 0.000 972.470
0.000 729.007 484.115 697.298 0.000 0.000 711.786 0.000
454.618 0.000 651.190 830.802 874.424 528.055 961.507 818.142
773.868 338.007 0.000 0.000 323.961 0.000 393.859 0.000
314.440 0.000 891.365 0.000 979.447 922.717 0.000 518.585
0.000 0.000 0.000 450.502 0.000 826.008 0.000 640.444
958.421 368.591 0.000 0.000 0.000 0.000 0.000 0.000
0.000 718.159 0.000 554.056 0.000 866.271 0.000 538.148
729.289 0.000 728.932 971.839 910.662 714.872 310.758 0.000
521.526 0.000 0.000 0.000 766.017 552.699 408.553 468.387
429.982 0.000 0.000 0.000 349.335 625.808 0.000 0.000
300.878 381.857 377.049 799.144 683.383 0.000 0.000 417.782
0.000 959.540 0.000 554.551 0.000 0.000 483.084 0.000
514.753 0.000 613.905 732.869 861.814 0.000 0.000 0.000
425.873 532.537 0.000 747.228 540.779 320.493 0.000 0.000
355.300 778.438 0.000 0.000 420.543 313.897 0.000 0.000
0.000 925.476 610.693 0.000 878.127 0.000 0.000 666.913
593.916 0.000 0.000 0.000 0.000 304.684 0.000 0.000
0.000 0.000 576.175 447.055 0.000 514.318 0.000 606.416
782.302 0.000 0.000 876.900 0.000 0.000 0.000 650.547
510.803 0.000 566.921 678.430 0.000 0.000 0.000 0.000
0.000 0.000 926.006 0.000 0.000 738.237 984.045 0.000
0.000 498.988 0.000 0.000 923.412 0.000 0.000 0.000
716.462 928.109 583.821 431.200 837.098 0.000 472.705 637.863
0.000 0.000 751.230 405.744 0.000 868.857 911.036 633.675
999.763 934.597 0.000 0.000 980.453 863.079 377.220 0.000
0.000 910.605 0.000 0.000 743.049 0.000 0.000 403.311
321.007 891.258 0.000 0.000 629.569 0.000 0.000 917.152
795.707 0.000 342.061 978.139 0.000 0.000 0.000 403.383
0.000 565.430 327.663 876.363 663.477 0.000 885.371 912.716
0.000 510.295 0.000 0.000 0.000 0.000 0.000 0.000
0.000 0.000 806.507 803.891 0.000 0.000 0.000 314.600
782.764 0.000 0.000 0.000 0.000 0.000 709.093 0.000
565.446 0.000 510.624 531.824 0.000 0.000 724.325 389.878
0.000 0.000 0.000 697.305 422.924 0.000 999.694 860.806
0.000 357.494 978.747 0.000 0.000 938.101 0.000 0.000
0.000 0.000 985.459 0.000 902.130 0.000 404.394 0.000
0.000 424.195 0.000 661.585 546.534 534.249 0.000 0.000
0.000 0.000 0.000 700.268 916.863 0.000 734.185 965.650
370.180 999.614 0.000 0.000 348.113 613.881 580.640 523.365
0.000 827.829 749.213 0.000 486.466 0.000 926.504 638.932
0.000 0.000 431.134 608.559 0.000 0.000 0.000 0.000
0.000 453.986 833.418 0.000 818.186 506.331 369.164 566.616
705.952 626.754 0.000 749.199 0.000 735.897 0.000 0.000
0.000 548.267 0.000 685.752 599.312 951.320 361.093 848.008
547.454 787.537 807.371 694.492 914.175 358.734 0.000 895.728
516.482 0.000 0.000 0.000 899.060 0.000 0.000 0.000
732.516 502.063 868.671 0.000 0.000 0.000 0.000 552.927
0.000 0.000 0.000 0.000 0.000 676.878 549.542 384.066
312.642 0.000 319.713 898.945 0.000 0.000 0.000 500.905
791.694 805.673 0.000 0.000 449.940 0.000 0.000 0.000
656.880 0.000 0.000 909.309 747.919 791.396 0.000 606.996
0.000 0.000 0.000 0.000 0.000 932.474 0.000 0.000
707.929 549.365 878.789 0.000 736.969 324.102 496.746 0.000
467.680 0.000 518.292 440.868 0.000 0.000 488.350 409.600
411.841 0.000 0.000 325.917 0.000 0.000 489.826 0.000
591.297 653.672 0.000 440.467 0.000 0.000 0.000 815.453
586.390 0.000 0.000 408.749 0.000 0.000 0.000 0.000
0.000 740.876 843.805 399.463 0.000 877.930 0.000 0.000
0.000 623.480 382.203 0.000 0.000 309.294 687.999 391.216
0.000 0.000 301.065 0.000 0.000 772.702 0.000 762.686
475.627 0.000 0.000 0.000 518.673 563.233 0.000 0.000
875.327 0.000 0.000 0.000 917.518 504.620 0.000 472.867
0.000 0.000 0.000 514.586 753.095 0.000 438.222 564.051
0.000 0.000 625.855 478.635 0.000 0.000 827.617 0.000
0.000 0.000 853.603 882.915 0.000 423.857 364.675 0.000
0.000 705.083 0.000 0.000 0.000 0.000 0.000 0.000
729.428 0.000 0.000 805.776 0.000 989.475 0.000 0.000
0.000 570.343 833.697 0.000 0.000 422.527 0.000 0.000
414.403 0.000 0.000 948.786 979.437 317.862 0.000 882.244
598.168 0.000 0.000 0.000 0.000 948.210 482.754 506.543
948.087 770.170 0.000 0.000 0.000 0.000 0.000 992.735
936.375 691.461 820.133 581.699 533.815 0.000 900.528 976.687
0.000 0.000 0.000 486.209 302.157 0.000 0.000 945.439
544.143 0.000 752.324 0.000 0.000 410.134 0.000 0.000
526.499 706.713 740.028 0.000 0.000 722.136 762.634 412.767
0.000 0.000 655.277 0.000 858.381 998.892 0.000 0.000
0.000 0.000 0.000 644.951 384.748 0.000 965.064 0.000
847.641 768.085 0.000 731.906 0.000 760.337 0.000 0.000
715.638 531.613 0.000 0.000 903.708 0.000 0.000 0.000
539.151 875.006 400.832 0.000 0.000 0.000 0.000 0.000
0.000 0.000 733.860 0.000 0.000 0.000 0.000 383.129
0.000 404.590 628.684 435.525 0.000 742.048 569.427 457.091
630.189 302.820 408.193 0.000 940.237 561.861 845.845 0.000
0.000 0.000 0.000 0.000 0.000 0.000 0.000 522.393
311.680 0.000 542.116 885.089 0.000 651.501 641.039 798.298
610.404 0.000 0.000 0.000 0.000 492.446 0.000 398.087
706.524 0.000 0.000 0.000 549.386 968.842 0.000 0.000
632.368 622.764 0.000 0.000 424.738 310.488 0.000 0.000
438.888 827.932 792.434 433.840 0.000 550.442 544.159 413.096
0.000 0.000 994.813 452.733 0.000 548.283 0.000 539.912
504.844 752.654 767.759 338.806 0.000 0.000 0.000 0.000
310.807 0.000 0.000 580.182 453.841 0.000 449.230 0.000
556.144 881.748 873.714 0.000 395.411 0.000 395.061 0.000
387.059 0.000 806.069 849.087 0.000 648.897 587.756 0.000
878.540 0.000 0.000 614.704 0.000 0.000 0.000 849.640
977.084 0.000 444.382 0.000 0.000 0.000 690.962 0.000
0.000 531.152 0.000 0.000 0.000 569.970 848.365 0.000
890.825 0.000 0.000 0.000 0.000 0.000 0.000 405.973
383.281 532.478 308.396 509.958 0.000 908.737 456.715 0.000
0.000 541.550 408.572 0.000 523.840 503.822 0.000 0.000
0.000 562.299 389.279 403.979 0.000 0.000 581.449 0.000
0.000 572.225 841.888 0.000 572.964 0.000 407.667 0.000
721.607 0.000 0.000 354.454 0.000 0.000 878.758 937.980
0.000 650.155 0.000 676.858 380.883 391.678 914.278 0.000
936.008 616.089 0.000 0.000 303.323 340.827 678.711 0.000
0.000 860.230 794.157 0.000 640.627 780.353 471.336 933.936
454.886 0.000 423.271 790.003 0.000 0.000 439.132 0.000
613.056 468.156 0.000 0.000 0.000 0.000 937.922 987.174
892.815 0.000 0.000 0.000 0.000 0.000 0.000 0.000
0.000 751.785 381.143 0.000 964.101 0.000 0.000 0.000
0.000 590.472 0.000 0.000 0.000 0.000 895.414 0.000
0.000 0.000 0.000 533.698 0.000 0.000 827.130 0.000
870.241 489.883 0.000 0.000 0.000 981.347 0.000 0.000
0.000 0.000 0.000 559.960 484.598 902.176 476.608 877.888
0.000 0.000 0.000 745.764 0.000 610.982 0.000 305.587
589.771 383.420 0.000 932.042 0.000 497.171 789.472 650.066
0.000 960.797 0.000 0.000 0.000 512.928 0.000 0.000
0.000 548.080 0.000 0.000 0.000 871.726 491.878 0.000
0.000 387.641 0.000 368.228 452.699 444.348 452.394 0.000
409.028 0.000 0.000 956.938 0.000 0.000 0.000 0.000
475.740 0.000 551.630 0.000 738.557 580.164 0.000 986.735
0.000 573.664 420.080 0.000 0.000 0.000 0.000 0.000
0.000 0.000 477.644 740.712 877.960 593.949 881.284 528.254
964.257 0.000 415.790 0.000 0.000 0.000 0.000 428.619
854.200 0.000 544.741 0.000 0.000 497.019 0.000 949.209
383.661 945.388 0.000 827.522 0.000 0.000 575.880 403.307
