0.000 343.282 0.000 495.489 0.000 768.369 929.894 0.000
0.000 909.199 612.140 0.000 971.607 0.000 788.475 530.842
0.000 0.000 785.842 420.868 381.404 346.663 0.000 0.000
0.000 0.000 954.516 989.325 0.000 0.000 984.884 0.000
328.293 507.984 681.224 0.000 535.379 0.000 0.000 727.843
0.000 703.810 0.000 793.084 786.860 653.757 486.792 0.000
717.137 0.000 596.370 0.000 0.000 375.275 0.000 676.447
0.000 822.084 0.000 546.380 0.000 725.708 447.743 0.000
0.000 771.483 0.000 811.951 750.330 0.000 0.000 869.789
0.000 0.000 0.000 324.845 0.000 905.915 599.937 0.000
536.027 481.870 0.000 0.000 0.000 0.000 0.000 0.000
0.000 0.000 830.984 529.604 770.990 0.000 722.904 0.000
510.669 422.499 0.000 530.784 487.761 0.000 0.000 916.066
0.000 0.000 801.380 841.600 812.241 0.000 0.000 0.000
0.000 0.000 0.000 516.037 0.000 810.572 0.000 828.137
0.000 0.000 0.000 0.000 0.000 0.000 333.015 388.159
999.329 0.000 752.877 349.660 967.707 0.000 0.000 0.000
0.000 0.000 360.307 386.122 405.101 880.961 0.000 0.000
0.000 0.000 0.000 0.000 0.000 0.000 586.334 0.000
0.000 0.000 0.000 0.000 0.000 543.928 828.770 0.000
754.739 458.272 328.195 536.245 884.623 929.389 447.070 0.000
995.204 496.074 547.666 0.000 0.000 708.306 0.000 584.654
493.360 0.000 614.511 493.451 525.566 0.000 372.862 0.000
0.000 560.031 0.000 537.954 0.000 0.000 0.000 0.000
0.000 0.000 0.000 0.000 522.360 0.000 0.000 0.000
0.000 934.922 0.000 0.000 485.406 989.195 0.000 0.000
0.000 976.990 408.911 840.089 0.000 303.997 0.000 0.000
409.132 0.000 0.000 0.000 680.480 885.984 0.000 887.158
0.000 0.000 529.991 864.943 638.746 752.590 0.000 0.000
0.000 0.000 489.814 372.941 0.000 696.529 0.000 0.000
0.000 939.442 0.000 0.000 0.000 865.787 613.943 896.673
335.589 0.000 706.467 0.000 943.512 545.930 975.679 0.000
0.000 0.000 911.502 0.000 757.287 339.889 585.668 0.000
0.000 726.096 0.000 0.000 484.980 601.374 599.446 666.029
0.000 0.000 0.000 980.292 980.043 815.720 0.000 0.000
953.262 849.628 0.000 0.000 0.000 0.000 0.000 0.000
0.000 0.000 320.982 0.000 0.000 697.547 0.000 498.072
0.000 0.000 0.000 640.248 335.548 748.369 569.409 0.000
836.531 0.000 0.000 461.170 0.000 0.000 0.000 678.491
622.273 474.411 730.066 815.680 0.000 0.000 917.193 0.000
803.040 0.000 0.000 0.000 526.023 0.000 0.000 767.981
0.000 584.645 0.000 803.003 781.319 0.000 771.514 737.443
0.000 993.582 361.978 881.980 734.529 0.000 448.834 0.000
368.912 956.247 421.183 800.334 566.045 652.815 437.519 0.000
422.455 0.000 892.688 888.697 745.234 789.485 0.000 0.000
0.000 0.000 983.052 609.199 0.000 612.127 0.000 0.000
0.000 0.000 597.391 0.000 0.000 660.394 0.000 452.652
0.000 596.250 0.000 410.246 780.701 0.000 0.000 931.560
600.871 0.000 0.000 736.164 0.000 734.168 0.000 373.985
415.402 0.000 0.000 662.150 865.086 0.000 0.000 835.818
950.144 696.807 341.475 978.421 0.000 0.000 0.000 0.000
0.000 0.000 919.107 0.000 0.000 0.000 386.712 0.000
962.945 922.984 869.504 0.000 464.841 604.126 960.497 819.291
0.000 880.971 0.000 665.043 0.000 894.384 847.564 373.945
0.000 0.000 0.000 0.000 0.000 583.321 0.000 0.000
702.278 0.000 574.024 0.000 0.000 652.059 456.198 965.415
0.000 824.915 372.887 984.018 0.000 0.000 977.336 0.000
610.241 0.000 321.147 0.000 588.377 0.000 461.766 656.667
681.843 0.000 546.252 0.000 0.000 594.796 0.000 0.000
0.000 880.039 0.000 0.000 0.000 512.659 0.000 911.355
0.000 678.954 677.659 0.000 447.073 0.000 385.417 0.000
772.116 613.951 0.000 436.968 0.000 0.000 684.129 500.367
360.788 818.889 0.000 0.000 0.000 0.000 342.067 915.341
0.000 0.000 693.395 0.000 0.000 569.904 498.912 0.000
692.686 0.000 873.236 0.000 725.564 0.000 0.000 512.753
0.000 303.349 0.000 0.000 410.323 531.433 835.108 0.000
0.000 948.335 0.000 0.000 0.000 675.629 0.000 939.945
639.011 0.000 0.000 0.000 572.925 648.031 907.459 0.000
410.291 896.829 436.047 420.074 0.000 345.522 0.000 0.000
0.000 0.000 0.000 0.000 0.000 0.000 0.000 582.890
0.000 0.000 0.000 0.000 611.432 0.000 436.380 812.594
0.000 0.000 991.327 938.979 0.000 0.000 0.000 0.000
339.287 588.840 554.662 0.000 0.000 0.000 755.224 974.898
506.259 414.553 0.000 0.000 953.242 0.000 0.000 0.000
986.414 0.000 724.909 412.056 368.660 953.515 817.579 0.000
0.000 640.268 976.765 0.000 0.000 741.504 0.000 0.000
0.000 742.516 744.443 0.000 964.854 771.218 0.000 924.858
758.826 869.430 0.000 0.000 0.000 900.206 0.000 0.000
0.000 0.000 0.000 0.000 406.120 0.000 927.827 0.000
0.000 0.000 896.173 693.067 323.737 0.000 821.551 0.000
0.000 572.717 0.000 995.287 316.581 0.000 888.458 0.000
0.000 573.312 0.000 449.992 0.000 0.000 0.000 928.647
845.667 0.000 467.841 706.821 0.000 0.000 0.000 719.133
795.214 916.969 0.000 512.176 605.090 360.088 884.020 0.000
858.214 0.000 433.179 378.778 0.000 0.000 610.547 714.033
0.000 0.000 791.464 348.030 0.000 418.468 925.638 895.624
0.000 0.000 0.000 0.000 0.000 740.421 0.000 0.000
522.251 410.410 353.217 385.865 541.541 350.176 0.000 517.885
895.803 0.000 0.000 528.316 954.889 0.000 791.342 630.226
786.620 614.208 541.438 0.000 0.000 0.000 0.000 463.245
502.839 488.845 0.000 571.961 764.060 0.000 900.359 388.615
760.983 556.538 0.000 728.734 978.815 0.000 428.360 0.000
753.645 0.000 986.607 0.000 0.000 840.549 998.005 0.000
0.000 785.158 855.263 328.179 493.675 0.000 0.000 0.000
500.235 535.202 0.000 928.610 410.175 809.306 418.011 0.000
948.250 613.413 0.000 392.212 0.000 0.000 0.000 781.640
0.000 422.293 603.557 0.000 0.000 364.519 476.587 0.000
0.000 0.000 0.000 0.000 0.000 381.438 0.000 403.610
0.000 0.000 0.000 832.832 0.000 0.000 884.852 898.515
402.908 0.000 0.000 0.000 865.383 0.000 890.084 0.000
984.443 0.000 0.000 0.000 486.104 0.000 0.000 473.600
0.000 618.273 0.000 0.000 360.116 555.530 339.095 639.725
741.499 823.648 429.681 463.506 710.050 888.884 774.017 737.278
799.992 0.000 458.813 0.000 533.737 0.000 793.586 319.875
759.710 569.695 0.000 0.000 0.000 730.911 0.000 621.942
359.441 506.561 326.543 0.000 633.307 576.173 0.000 0.000
0.000 0.000 949.092 780.671 0.000 0.000 947.936 0.000
493.381 0.000 0.000 0.000 0.000 0.000 861.127 0.000
0.000 536.691 890.093 0.000 0.000 678.585 0.000 0.000
0.000 465.132 971.371 673.161 877.606 0.000 468.824 423.866
385.276 0.000 805.276 502.020 431.928 0.000 0.000 405.072
0.000 365.263 0.000 537.449 0.000 0.000 541.287 534.817
0.000 412.424 0.000 767.850 407.054 0.000 0.000 0.000
0.000 590.003 412.423 0.000 313.727 458.901 815.769 765.241
0.000 0.000 0.000 0.000 0.000 974.367 0.000 573.140
0.000 0.000 976.488 358.868 0.000 0.000 558.155 0.000
446.025 654.252 0.000 434.008 0.000 0.000 0.000 0.000
0.000 817.248 741.052 0.000 0.000 0.000 0.000 301.293
776.415 827.813 0.000 305.078 0.000 506.271 513.842 0.000
360.286 0.000 0.000 0.000 0.000 0.000 0.000 0.000
0.000 640.043 538.826 908.731 0.000 530.006 607.916 476.843
0.000 419.179 0.000 0.000 0.000 869.091 0.000 0.000
0.000 0.000 0.000 510.590 982.303 0.000 0.000 825.988
864.842 0.000 0.000 652.482 0.000 311.381 867.258 0.000
0.000 0.000 0.000 0.000 672.055 0.000 0.000 0.000
0.000 543.848 875.528 912.667 960.573 0.000 505.314 0.000
466.516 0.000 549.704 0.000 0.000 0.000 0.000 729.023
0.000 0.000 364.479 0.000 954.740 754.222 0.000 473.630
0.000 0.000 0.000 0.000 0.000 847.305 0.000 0.000
425.353 0.000 822.818 493.413 354.848 0.000 970.150 0.000
0.000 0.000 0.000 0.000 672.531 461.621 794.699 733.202
0.000 0.000 0.000 0.000 0.000 635.188 313.999 560.727
970.376 0.000 0.000 760.258 0.000 501.893 378.802 801.020
459.455 0.000 336.463 0.000 0.000 866.759 0.000 0.000
994.012 0.000 0.000 841.940 832.080 0.000 0.000 749.229
622.948 0.000 0.000 0.000 942.145 0.000 0.000 0.000
735.662 332.711 0.000 860.061 0.000 891.726 0.000 686.603
761.010 0.000 401.393 0.000 474.785 431.063 0.000 482.272
0.000 753.598 690.709 725.127 0.000 750.333 916.242 727.442
0.000 461.938 808.362 483.422 0.000 0.000 778.561 663.299
427.959 730.375 0.000 0.000 0.000 0.000 452.323 556.966
0.000 384.642 532.308 804.430 0.000 730.899 369.305 0.000
980.168 0.000 0.000 534.998 354.768 0.000 0.000 390.663
928.726 882.229 0.000 0.000 338.949 631.188 0.000 0.000
0.000 0.000 0.000 841.406 0.000 0.000 993.578 777.275
0.000 456.935 488.801 389.690 0.000 0.000 426.442 572.266
346.153 600.078 0.000 899.852 494.500 0.000 0.000 0.000
0.000 0.000 521.343 0.000 984.521 0.000 441.979 0.000
0.000 870.076 991.655 970.252 322.190 0.000 494.018 0.000
0.000 341.651 0.000 0.000 0.000 324.002 0.000 0.000
452.921 999.889 331.607 0.000 741.954 0.000 711.265 554.441
0.000 797.625 0.000 0.000 733.954 0.000 0.000 943.351
724.072 415.721 624.348 304.320 638.407 768.800 308.440 0.000
0.000 0.000 964.158 953.953 0.000 957.841 934.639 885.162
0.000 0.000 989.285 0.000 737.990 0.000 0.000 0.000
0.000 0.000 0.000 735.308 679.356 742.843 929.871 0.000
415.838 0.000 0.000 878.590 0.000 316.853 908.058 0.000
367.045 0.000 0.000 0.000 0.000 776.215 499.201 0.000
620.303 0.000 553.292 0.000 0.000 783.241 925.898 0.000
0.000 0.000 0.000 0.000 0.000 433.839 677.355 0.000
623.074 0.000 671.248 694.999 0.000 0.000 900.490 347.335
0.000 980.145 0.000 0.000 908.024 0.000 467.635 314.351
0.000 0.000 0.000 584.217 0.000 0.000 385.823 0.000
321.129 690.005 483.623 0.000 0.000 0.000 826.800 716.240
0.000 358.070 0.000 589.301 0.000 989.096 0.000 0.000
0.000 526.541 877.195 449.406 0.000 947.700 869.220 0.000
933.889 654.156 686.084 0.000 560.940 0.000 0.000 607.536
0.000 0.000 353.820 0.000 0.000 0.000 702.393 0.000
752.727 479.565 607.967 661.653 759.636 0.000 546.194 303.167
0.000 0.000 0.000 0.000 0.000 0.000 0.000 515.138
378.448 0.000 0.000 706.161 512.095 681.742 0.000 0.000
320.159 0.000 360.275 0.000 0.000 0.000 0.000 0.000
809.193 369.526 343.008 651.138 850.360 0.000 0.000 817.302
752.414 0.000 0.000 789.877 595.444 660.185 0.000 0.000
0.000 440.372 0.000 455.122 0.000 0.000 0.000 0.000
559.645 0.000 0.000 0.000 0.000 992.212 671.249 0.000
979.452 427.699 0.000 884.078 0.000 0.000 445.148 0.000
0.000 951.771 0.000 0.000 0.000 317.603 0.000 0.000
416.887 0.000 598.350 695.212 0.000 0.000 0.000 0.000
0.000 0.000 0.000 775.924 0.000 0.000 0.000 0.000
896.443 0.000 968.223 0.000 301.425 810.612 954.023 0.000
0.000 0.000 970.776 862.758 420.884 0.000 0.000 666.932
0.000 0.000 0.000 0.000 445.567 0.000 0.000 0.000
839.650 0.000 309.308 0.000 0.000 0.000 0.000 724.256
647.951 905.641 436.559 394.720 0.000 0.000 554.868 815.312
0.000 966.498 462.979 0.000 393.939 920.323 791.495 749.586
955.997 434.005 754.274 0.000 0.000 0.000 0.000 0.000
446.995 909.108 0.000 0.000 794.491 0.000 783.150 0.000
0.000 0.000 420.655 373.933 418.642 0.000 361.236 0.000
363.974 0.000 726.164 0.000 0.000 0.000 408.589 383.395
391.197 710.608 0.000 0.000 0.000 0.000 0.000 527.739
472.511 0.000 0.000 0.000 539.391 0.000 0.000 631.626
339.588 0.000 0.000 786.451 400.992 0.000 0.000 325.709
504.794 0.000 0.000 880.260 554.492 0.000 756.170 0.000
0.000 0.000 845.610 901.107 410.226 966.931 0.000 0.000
367.348 719.569 0.000 0.000 744.540 0.000 899.731 466.145
791.844 398.607 438.900 0.000 969.729 0.000 913.269 0.000
0.000 463.497 668.335 634.071 0.000 0.000 334.348 0.000
0.000 360.382 0.000 0.000 0.000 0.000 838.352 0.000
399.658 0.000 397.962 724.448 0.000 841.309 928.202 0.000
0.000 0.000 0.000 0.000 703.496 0.000 928.333 318.084
0.000 0.000 0.000 622.884 427.861 646.192 558.121 0.000
0.000 0.000 855.568 0.000 0.000 0.000 468.073 0.000
0.000 573.906 0.000 0.000 325.304 0.000 572.741 0.000
996.874 0.000 0.000 0.000 481.885 893.649 0.000 0.000
0.000 662.250 0.000 748.714 834.069 695.542 956.359 0.000
439.947 0.000 419.319 837.651 0.000 0.000 727.373 344.298
887.478 546.432 415.016 0.000 340.635 544.939 358.267 564.618
514.048 822.069 618.466 851.374 0.000 0.000 0.000 498.317
0.000 451.107 449.728 0.000 619.506 0.000 0.000 545.161
0.000 325.648 0.000 720.808 0.000 0.000 0.000 0.000
389.325 815.527 793.257 0.000 971.011 866.169 0.000 480.593
734.040 0.000 0.000 0.000 0.000 0.000 0.000 546.054
0.000 756.579 570.737 0.000 828.775 0.000 716.074 882.281
976.393 572.862 0.000 0.000 404.646 524.690 658.829 489.565
0.000 0.000 830.859 0.000 0.000 304.287 478.710 0.000
0.000 878.884 844.536 348.044 0.000 0.000 566.858 738.385
872.777 776.173 689.166 360.020 404.755 0.000 312.822 0.000
909.852 0.000 624.594 0.000 315.917 411.796 0.000 564.623
0.000 331.616 633.758 936.169 0.000 825.536 0.000 984.414
0.000 593.690 912.181 0.000 538.898 508.392 0.000 427.858
822.178 967.931 0.000 648.090 0.000 0.000 912.896 905.659
720.180 0.000 0.000 0.000 751.275 0.000 782.611 785.420
0.000 0.000 504.973 615.571 0.000 0.000 420.054 544.451
0.000 668.645 0.000 0.000 0.000 0.000 694.807 0.000
762.065 0.000 0.000 0.000 0.000 640.367 589.766 0.000
885.649 0.000 518.009 891.017 318.329 392.283 837.791 0.000
0.000 740.343 0.000 0.000 604.227 561.821 876.464 0.000
538.669 660.457 0.000 544.287 319.822 568.470 773.106 0.000
0.000 0.000 407.089 361.008 802.050 0.000 0.000 805.559
0.000 622.381 0.000 579.411 465.341 0.000 428.632 557.686
0.000 0.000 768.315 914.105 0.000 0.000 0.000 426.380
0.000 618.379 0.000 0.000 0.000 533.899 799.628 688.969
651.653 0.000 871.941 710.825 0.000 0.000 0.000 0.000
315.699 0.000 0.000 0.000 0.000 664.581 0.000 815.865
0.000 0.000 0.000 0.000 0.000 0.000 865.902 0.000
0.000 0.000 791.561 674.968 959.329 571.388 0.000 0.000
320.591 721.877 0.000 679.792 0.000 0.000 0.000 0.000
0.000 420.077 0.000 0.000 337.065 0.000 495.752 0.000
0.000 0.000 424.927 447.690 640.863 0.000 0.000 546.889
836.258 0.000 555.406 0.000 538.344 488.263 0.000 619.914
787.829 797.144 0.000 0.000 464.587 0.000 0.000 0.000
0.000 0.000 648.571 0.000 0.000 689.386 537.748 970.331
379.811 0.000 0.000 978.444 887.527 731.590 832.534 963.319
420.063 0.000 856.059 946.282 0.000 0.000 0.000 0.000
0.000 721.522 370.854 0.000 0.000 0.000 0.000 0.000
576.376 0.000 0.000 330.614 0.000 0.000 0.000 912.290
334.086 991.982 0.000 540.489 802.022 914.842 0.000 862.856
499.182 733.974 0.000 0.000 0.000 487.092 0.000 485.877
707.076 0.000 404.385 517.464 0.000 993.853 449.466 717.435
906.731 0.000 394.494 340.039 0.000 0.000 0.000 716.460
525.648 635.579 0.000 0.000 0.000 913.857 0.000 0.000
0.000 825.811 0.000 686.214 0.000 795.404 0.000 0.000
787.272 545.329 0.000 664.831 540.232 698.511 718.227 438.836
665.633 739.239 0.000 0.000 0.000 938.843 899.496 460.945
0.000 0.000 0.000 0.000 403.244 663.069 645.570 692.673
520.547 0.000 0.000 0.000 839.929 514.850 793.767 587.947
0.000 543.408 648.741 0.000 0.000 0.000 387.029 0.000
628.894 0.000 0.000 0.000 948.427 766.769 0.000 0.000
0.000 643.104 908.713 931.510 0.000 506.760 725.615 985.499
677.467 326.796 0.000 0.000 569.488 796.953 0.000 0.000
347.710 732.526 934.509 889.319 646.898 0.000 0.000 946.727
408.381 0.000 0.000 775.395 316.627 831.880 783.753 0.000
311.740 913.715 0.000 0.000 0.000 0.000 0.000 764.483
0.000 0.000 0.000 418.642 494.043 0.000 0.000 673.064
698.985 0.000 309.520 0.000 0.000 0.000 0.000 0.000
0.000 838.685 426.699 0.000 0.000 0.000 0.000 0.000
0.000 0.000 761.277 486.925 0.000 460.825 808.246 359.911
0.000 732.606 0.000 0.000 607.925 0.000 327.152 0.000
811.494 615.110 490.852 425.339 0.000 0.000 786.716 0.000
475.403 0.000 0.000 347.349 978.583 0.000 760.737 784.241
0.000 556.818 0.000 344.843 473.717 866.061 0.000 942.118
564.641 0.000 0.000 358.210 0.000 939.136 0.000 881.319
888.648 942.856 0.000 0.000 618.727 909.111 321.427 0.000
0.000 0.000 710.021 585.049 727.186 0.000 915.333 0.000
372.639 692.163 340.283 0.000 0.000 939.635 951.626 0.000
0.000 821.538 809.326 0.000 922.483 437.296 0.000 0.000
0.000 0.000 0.000 0.000 0.000 959.179 0.000 622.045
568.505 674.743 0.000 0.000 484.396 698.169 629.928 450.315
651.899 0.000 0.000 0.000 948.844 305.123 675.101 658.045
0.000 980.320 0.000 477.675 0.000 514.009 0.000 558.034
0.000 0.000 0.000 597.822 0.000 707.074 847.891 0.000
761.694 0.000 632.244 714.911 0.000 0.000 461.838 356.014
0.000 693.370 0.000 0.000 0.000 0.000 0.000 701.923
0.000 0.000 0.000 0.000 0.000 447.576 0.000 0.000
0.000 0.000 853.070 532.596 718.768 413.280 0.000 0.000
0.000 0.000 0.000 0.000 0.000 0.000 987.724 0.000
0.000 803.310 0.000 699.393 0.000 0.000 0.000 734.961
652.191 787.399 575.217 0.000 0.000 0.000 999.551 665.573
943.909 0.000 801.040 999.267 0.000 857.495 860.075 596.309
0.000 0.000 573.418 843.912 0.000 0.000 678.970 0.000
0.000 512.736 0.000 937.783 0.000 0.000 790.635 0.000
386.394 934.917 0.000 0.000 307.057 740.292 0.000 0.000
0.000 483.218 0.000 890.893 0.000 503.095 0.000 0.000
0.000 0.000 877.009 470.278 0.000 0.000 0.000 0.000
0.000 0.000 0.000 674.413 0.000 476.826 453.974 0.000
597.218 0.000 301.202 0.000 0.000 928.694 0.000 0.000
992.602 722.663 0.000 0.000 316.598 0.000 353.611 0.000
758.151 0.000 0.000 812.628 712.642 0.000 0.000 825.039
0.000 434.526 786.426 0.000 360.030 0.000 0.000 0.000
0.000 0.000 603.205 0.000 389.594 0.000 479.678 309.888
798.749 364.575 0.000 976.603 415.598 637.995 0.000 878.318
310.242 518.302 713.418 873.651 0.000 0.000 416.139 489.611
0.000 0.000 0.000 387.637 0.000 389.824 0.000 898.783
0.000 0.000 713.534 0.000 0.000 759.855 795.522 0.000
0.000 0.000 0.000 850.269 0.000 0.000 0.000 475.185
817.247 786.592 899.504 457.694 637.905 620.377 0.000 557.860
0.000 511.223 832.775 689.145 569.203 0.000 851.501 0.000
437.772 0.000 844.621 0.000 462.666 0.000 0.000 395.393
594.673 0.000 698.508 0.000 315.348 702.169 666.575 559.612
382.610 814.058 0.000 720.901 0.000 674.488 0.000 0.000
802.435 0.000 526.935 0.000 922.159 0.000 0.000 0.000
0.000 0.000 613.669 0.000 0.000 0.000 0.000 0.000
558.975 0.000 0.000 724.511 622.340 315.248 504.159 0.000
0.000 0.000 0.000 756.017 0.000 0.000 0.000 379.894
0.000 595.648 0.000 818.006 676.289 683.169 418.233 874.573
0.000 0.000 0.000 555.220 0.000 0.000 904.212 765.383
756.374 400.048 0.000 779.974 0.000 477.674 0.000 832.174
0.000 0.000 484.229 525.151 0.000 0.000 0.000 810.602
0.000 547.720 0.000 0.000 696.826 637.925 564.876 0.000
0.000 0.000 401.277 399.230 338.844 0.000 0.000 532.625
610.022 0.000 820.830 0.000 641.774 741.031 0.000 0.000
448.507 0.000 0.000 0.000 785.067 0.000 361.020 0.000
959.254 873.899 920.303 433.721 0.000 565.542 599.995 321.959
0.000 0.000 917.739 0.000 401.079 791.176 0.000 0.000
0.000 0.000 0.000 764.675 0.000 0.000 0.000 933.888
897.886 0.000 415.427 0.000 0.000 817.718 766.825 871.981
0.000 0.000 719.043 0.000 876.372 728.325 360.967 0.000
591.198 698.142 0.000 0.000 955.225 0.000 961.339 492.935
0.000 938.525 956.867 0.000 484.054 0.000 687.184 0.000
739.926 0.000 632.687 0.000 955.939 540.338 754.956 698.846
0.000 970.136 874.758 842.882 928.039 463.474 978.974 0.000
981.837 946.422 366.461 0.000 701.416 0.000 0.000 0.000
758.671 815.646 0.000 0.000 0.000 0.000 946.886 354.972
0.000 0.000 738.221 0.000 0.000 610.230 472.218 526.867
0.000 0.000 466.679 0.000 0.000 0.000 0.000 0.000
451.730 0.000 0.000 392.822 0.000 971.883 742.217 747.688
0.000 0.000 0.000 607.157 0.000 0.000 0.000 340.346
361.145 0.000 0.000 742.270 0.000 605.736 0.000 432.513
0.000 530.760 860.182 0.000 644.967 0.000 546.093 577.131
0.000 0.000 0.000 0.000 675.196 0.000 620.776 0.000
531.583 558.017 493.655 331.588 0.000 0.000 347.393 0.000
894.615 0.000 0.000 604.503 0.000 0.000 0.000 373.426
596.292 0.000 0.000 0.000 566.262 0.000 451.414 387.991
0.000 0.000 0.000 0.000 0.000 869.802 830.698 804.917
531.202 0.000 855.600 0.000 0.000 513.968 581.576 0.000
0.000 606.594 0.000 0.000 0.000 932.502 785.277 827.735
758.671 797.849 325.323 487.984 0.000 0.000 0.000 0.000
0.000 814.721 311.212 900.582 881.638 0.000 0.000 0.000
800.523 880.410 0.000 0.000 0.000 750.791 0.000 0.000
473.337 524.187 0.000 0.000 306.749 466.106 812.683 0.000
0.000 0.000 646.044 529.054 480.934 0.000 0.000 986.189
386.956 0.000 0.000 0.000 0.000 0.000 0.000 0.000
0.000 683.596 442.725 0.000 0.000 408.793 592.929 0.000
734.713 0.000 0.000 0.000 0.000 0.000 0.000 0.000
0.000 0.000 0.000 958.809 544.321 528.053 949.897 720.516
0.000 0.000 440.118 435.400 942.301 0.000 821.901 804.246
561.625 828.729 825.045 519.201 629.311 446.134 0.000 0.000
0.000 804.854 696.692 0.000 0.000 561.256 0.000 931.768
377.098 368.397 643.816 458.358 970.787 0.000 0.000 0.000
0.000 0.000 802.266 0.000 0.000 0.000 0.000 393.739
0.000 0.000 0.000 664.031 998.299 0.000 0.000 0.000
975.457 527.615 822.685 0.000 377.992 933.071 323.099 665.101
0.000 407.358 942.274 446.424 514.199 0.000 360.183 0.000
0.000 507.517 0.000 0.000 0.000 0.000 0.000 488.728
0.000 626.032 0.000 402.379 303.899 0.000 889.106 561.555
0.000 0.000 0.000 0.000 906.465 492.733 587.211 0.000
576.034 0.000 458.089 533.505 0.000 0.000 466.577 0.000
664.504 0.000 0.000 825.906 843.291 569.647 528.893 803.486
0.000 502.800 0.000 671.499 519.953 746.526 0.000 0.000
0.000 0.000 548.083 0.000 0.000 0.000 592.044 963.231
0.000 0.000 0.000 0.000 334.044 0.000 0.000 0.000
0.000 0.000 0.000 469.352 702.130 0.000 0.000 0.000
664.524 979.196 0.000 0.000 502.806 815.928 0.000 358.662
543.765 447.932 604.970 0.000 642.923 605.931 606.773 745.215
0.000 0.000 449.009 874.183 0.000 0.000 0.000 0.000
0.000 504.665 0.000 0.000 592.290 779.892 0.000 947.958
623.730 0.000 0.000 0.000 0.000 680.527 313.838 474.171
0.000 547.261 0.000 0.000 0.000 535.447 0.000 871.494
750.860 0.000 588.252 414.195 0.000 0.000 626.222 0.000
0.000 0.000 0.000 857.475 0.000 745.582 0.000 0.000
431.179 340.831 563.615 731.395 676.598 0.000 833.686 846.808
788.294 681.191 458.334 0.000 0.000 0.000 0.000 0.000
464.053 784.171 0.000 0.000 646.142 0.000 0.000 0.000
489.577 904.032 0.000 0.000 0.000 857.500 0.000 969.034
0.000 439.886 0.000 0.000 0.000 0.000 310.632 0.000
507.841 0.000 419.456 0.000 0.000 0.000 417.035 664.398
0.000 390.859 980.152 441.518 747.999 745.052 0.000 465.941
854.253 0.000 0.000 0.000 0.000 0.000 0.000 0.000
0.000 0.000 893.776 0.000 0.000 614.625 656.925 0.000
973.449 952.482 380.702 999.170 561.114 0.000 0.000 0.000
0.000 620.045 694.914 632.263 360.283 682.924 359.419 998.400
902.153 760.675 0.000 0.000 365.844 0.000 607.038 429.624
0.000 0.000 0.000 0.000 803.116 0.000 454.237 0.000
873.217 769.867 588.504 616.305 0.000 879.734 902.218 422.654
965.541 630.461 0.000 811.861 0.000 790.835 906.986 554.667
395.050 0.000 493.687 429.732 0.000 0.000 539.404 550.332
0.000 880.917 0.000 0.000 767.097 780.447 719.376 0.000
0.000 923.428 0.000 0.000 0.000 790.040 0.000 553.789
457.054 467.733 0.000 747.230 0.000 523.729 0.000 0.000
406.834 0.000 553.676 407.434 446.480 509.572 0.000 562.355
0.000 587.284 958.976 716.722 783.461 0.000 438.898 595.072
0.000 0.000 0.000 0.000 0.000 532.647 464.217 0.000
0.000 990.007 0.000 363.944 588.139 302.728 695.579 912.931
0.000 616.941 0.000 525.867 0.000 0.000 689.840 0.000
0.000 0.000 946.134 513.251 630.390 0.000 491.553 0.000
0.000 700.078 646.898 0.000 705.345 0.000 543.670 421.339
914.994 0.000 0.000 453.334 682.123 0.000 0.000 0.000
820.619 388.128 0.000 0.000 0.000 342.193 861.679 0.000
0.000 654.072 0.000 0.000 0.000 0.000 407.484 973.944
0.000 373.097 0.000 826.897 718.995 715.225 646.328 0.000
617.578 0.000 0.000 791.399 0.000 870.452 976.506 0.000
587.501 0.000 639.082 333.448 767.200 0.000 403.934 796.961
391.488 0.000 0.000 0.000 329.455 0.000 412.356 739.719
334.899 0.000 423.193 891.243 372.383 584.089 0.000 0.000
306.517 0.000 0.000 0.000 0.000 625.600 949.365 0.000
0.000 0.000 0.000 0.000 0.000 771.676 526.945 687.853
625.385 0.000 672.823 867.135 645.955 804.638 0.000 572.857
0.000 667.666 0.000 0.000 0.000 0.000 910.339 776.050
0.000 0.000 839.244 0.000 785.315 0.000 878.705 0.000
0.000 331.315 962.202 407.906 502.133 0.000 879.274 695.053
430.013 783.354 0.000 415.031 338.678 0.000 0.000 0.000
812.688 960.402 0.000 0.000 365.905 320.802 0.000 669.449
434.542 0.000 703.565 860.268 0.000 0.000 0.000 0.000
827.578 642.072 613.662 0.000 357.178 521.961 959.804 848.188
508.896 0.000 0.000 666.396 0.000 322.072 335.329 0.000
0.000 718.961 398.815 0.000 0.000 302.411 0.000 401.433
809.407 305.895 893.766 0.000 0.000 414.861 0.000 0.000
0.000 479.770 955.862 357.702 308.324 0.000 0.000 0.000
986.477 0.000 957.013 593.641 0.000 0.000 0.000 0.000
840.948 519.793 0.000 616.259 704.337 0.000 710.018 876.565
566.877 836.310 847.075 808.106 0.000 0.000 575.729 945.034
0.000 426.222 812.606 0.000 745.738 0.000 422.301 0.000
0.000 787.250 855.757 365.578 0.000 873.884 0.000 0.000
592.401 0.000 642.383 611.730 513.933 0.000 789.362 446.865
0.000 499.901 0.000 0.000 871.648 556.840 0.000 0.000
455.780 0.000 542.313 0.000 914.843 0.000 517.491 517.059
0.000 0.000 590.879 592.582 323.513 421.192 960.634 0.000
0.000 0.000 680.693 0.000 851.395 0.000 318.142 0.000
0.000 0.000 977.640 0.000 0.000 0.000 844.417 627.285
0.000 889.909 694.440 0.000 333.467 0.000 0.000 677.965
857.362 916.529 0.000 365.246 0.000 0.000 0.000 0.000
0.000 586.076 431.786 0.000 580.323 0.000 0.000 0.000
0.000 0.000 0.000 428.076 609.648 0.000 0.000 785.094
0.000 0.000 0.000 0.000 0.000 0.000 515.445 0.000
786.488 0.000 0.000 0.000 395.480 563.118 0.000 0.000
339.497 0.000 934.066 681.266 460.502 344.199 971.935 426.354
0.000 863.736 0.000 0.000 0.000 0.000 0.000 0.000
0.000 551.765 894.739 492.106 913.824 728.309 0.000 785.653
929.340 0.000 0.000 0.000 0.000 0.000 337.309 800.516
424.626 0.000 356.869 0.000 0.000 0.000 0.000 0.000
875.350 627.985 948.207 706.027 0.000 0.000 0.000 0.000
703.904 0.000 0.000 793.678 0.000 0.000 739.193 0.000
0.000 797.542 0.000 802.434 0.000 634.591 764.450 784.102
490.137 479.593 965.869 0.000 0.000 306.236 0.000 794.159
0.000 540.122 0.000 0.000 0.000 0.000 596.841 0.000
0.000 0.000 410.423 0.000 0.000 0.000 707.985 485.224
391.555 869.975 474.655 0.000 0.000 0.000 688.107 699.696
0.000 540.235 397.446 609.647 681.908 0.000 587.376 0.000
671.374 673.817 0.000 0.000 593.945 694.243 0.000 0.000
0.000 0.000 671.125 0.000 0.000 0.000 0.000 571.903
977.382 0.000 677.732 692.988 0.000 0.000 0.000 354.932
353.006 0.000 774.244 0.000 352.186 969.931 362.092 504.706
0.000 0.000 0.000 340.302 815.638 0.000 354.053 0.000
623.882 0.000 0.000 0.000 658.309 779.292 664.066 0.000
546.086 0.000 0.000 938.659 652.018 744.937 327.319 766.097
0.000 916.106 437.056 450.081 0.000 508.107 405.591 0.000
749.069 0.000 466.104 0.000 0.000 693.160 983.498 319.038
492.516 409.506 0.000 923.635 0.000 866.215 0.000 453.279
0.000 0.000 509.888 448.053 836.241 871.247 507.786 0.000
0.000 0.000 0.000 0.000 592.375 602.066 527.362 566.059
0.000 0.000 860.826 716.827 0.000 661.017 0.000 0.000
0.000 0.000 525.125 0.000 0.000 855.631 0.000 792.547
555.993 0.000 980.007 0.000 987.505 0.000 903.608 0.000
0.000 0.000 378.568 0.000 365.456 909.938 0.000 639.009
785.810 502.311 654.448 568.227 715.408 0.000 735.312 0.000
0.000 673.558 843.918 0.000 905.835 319.928 515.872 373.067
733.376 0.000 0.000 945.688 0.000 0.000 980.992 754.273
0.000 0.000 428.332 605.261 970.157 0.000 0.000 0.000
628.198 924.216 0.000 664.678 0.000 0.000 300.127 0.000
567.312 556.829 0.000 634.654 401.971 0.000 0.000 805.553
0.000 0.000 926.217 0.000 0.000 992.788 0.000 0.000
0.000 0.000 808.569 349.292 0.000 0.000 0.000 859.478
0.000 0.000 0.000 489.457 0.000 0.000 0.000 0.000
0.000 0.000 884.351 982.602 737.270 665.621 866.610 748.795
0.000 0.000 904.852 667.651 861.786 692.364 426.676 0.000
0.000 913.043 0.000 0.000 629.892 622.339 0.000 572.818
0.000 744.254 0.000 0.000 0.000 915.041 677.953 972.845
0.000 0.000 757.045 0.000 799.397 658.959 0.000 319.278
0.000 0.000 725.534 0.000 0.000 0.000 0.000 0.000
940.069 440.572 0.000 0.000 588.259 0.000 0.000 564.621
820.146 0.000 490.526 0.000 830.377 916.395 0.000 659.040
0.000 427.314 0.000 546.138 0.000 0.000 0.000 0.000
442.764 0.000 481.518 879.930 692.050 946.838 0.000 883.012
966.317 986.644 515.417 766.122 976.419 813.188 0.000 961.352
330.189 0.000 506.718 0.000 808.312 834.941 615.278 0.000
0.000 0.000 0.000 0.000 0.000 758.106 609.005 930.488
0.000 391.141 934.746 661.175 962.908 879.318 861.203 0.000
839.519 0.000 0.000 0.000 435.912 0.000 0.000 0.000
0.000 691.430 554.676 649.426 0.000 0.000 0.000 529.936
