0.000 0.000 0.000 855.148 838.591 0.000 0.000 437.152
0.000 396.749 535.762 737.260 383.801 0.000 316.433 326.271
784.452 979.578 786.161 352.310 913.495 655.589 0.000 0.000
620.382 986.394 535.081 898.596 596.235 0.000 621.359 686.272
352.151 944.473 496.202 785.736 508.852 910.102 0.000 0.000
0.000 0.000 0.000 327.482 0.000 0.000 684.855 733.884
901.765 697.921 0.000 0.000 953.246 994.845 427.611 668.999
0.000 996.314 0.000 0.000 509.872 0.000 0.000 0.000
0.000 669.072 828.819 419.623 870.585 680.333 363.911 617.851
882.669 0.000 681.714 860.762 494.715 562.534 301.800 499.273
556.781 645.629 880.177 748.586 946.682 504.544 0.000 0.000
749.056 0.000 384.971 354.369 0.000 0.000 0.000 532.449
0.000 0.000 0.000 788.332 992.729 0.000 0.000 0.000
0.000 460.689 0.000 675.509 0.000 500.584 349.168 0.000
926.922 0.000 535.031 692.387 0.000 0.000 0.000 574.124
303.429 0.000 459.952 0.000 0.000 870.103 458.851 0.000
0.000 686.279 0.000 416.605 0.000 0.000 513.116 0.000
0.000 938.597 301.702 554.441 821.129 0.000 905.564 0.000
0.000 0.000 0.000 0.000 310.062 736.874 308.296 353.174
526.274 0.000 538.620 0.000 774.600 339.806 0.000 667.881
358.781 749.049 0.000 0.000 995.822 807.968 0.000 0.000
0.000 729.713 0.000 317.777 0.000 446.271 737.944 479.014
0.000 809.883 381.878 589.664 0.000 0.000 302.754 0.000
0.000 0.000 0.000 0.000 861.648 0.000 0.000 863.885
388.002 627.318 409.245 346.630 0.000 762.337 766.648 0.000
525.687 402.755 0.000 786.082 982.016 0.000 0.000 854.188
0.000 524.729 0.000 443.463 0.000 0.000 303.985 542.251
0.000 680.422 0.000 350.711 0.000 577.430 0.000 434.158
0.000 747.110 0.000 0.000 371.252 453.451 430.174 0.000
456.680 618.834 533.187 427.971 0.000 921.647 0.000 433.493
600.583 374.109 889.853 404.278 0.000 0.000 0.000 566.817
857.538 0.000 0.000 517.205 0.000 906.786 0.000 0.000
664.627 860.995 0.000 861.881 0.000 0.000 754.908 968.687
0.000 0.000 0.000 451.801 872.063 855.079 0.000 706.638
826.047 419.995 554.645 0.000 346.685 0.000 0.000 864.777
0.000 548.872 0.000 880.412 714.053 945.713 626.584 865.114
0.000 0.000 988.408 817.505 0.000 426.343 545.737 397.337
682.017 712.921 0.000 0.000 798.137 0.000 586.434 425.654
0.000 388.639 889.648 535.462 0.000 738.958 816.417 379.539
814.389 928.774 0.000 0.000 0.000 0.000 0.000 704.876
0.000 0.000 856.385 0.000 494.401 0.000 0.000 613.714
0.000 638.471 387.556 889.173 0.000 432.361 805.267 0.000
966.878 379.682 507.126 486.648 389.068 0.000 911.335 536.975
791.796 860.922 450.121 872.956 0.000 0.000 406.666 0.000
607.373 0.000 0.000 0.000 0.000 0.000 935.337 750.397
625.789 0.000 489.955 714.863 736.151 952.248 0.000 0.000
0.000 732.899 0.000 747.203 581.697 711.820 986.595 0.000
0.000 0.000 0.000 0.000 0.000 703.596 0.000 0.000
0.000 410.021 0.000 0.000 0.000 0.000 0.000 419.088
475.811 408.502 401.548 738.388 937.368 921.877 527.001 0.000
585.392 865.904 0.000 0.000 0.000 0.000 0.000 433.578
0.000 784.176 0.000 0.000 0.000 0.000 529.534 665.573
0.000 311.941 0.000 457.293 706.782 949.364 0.000 0.000
0.000 522.128 499.163 0.000 497.160 0.000 0.000 677.663
0.000 0.000 0.000 0.000 940.495 540.375 0.000 660.786
520.101 0.000 0.000 0.000 0.000 714.258 577.655 0.000
0.000 444.783 0.000 0.000 0.000 0.000 411.457 537.382
957.130 803.937 0.000 0.000 0.000 868.777 0.000 621.841
0.000 456.350 639.927 928.702 0.000 0.000 421.009 842.390
0.000 534.108 0.000 429.074 0.000 971.563 0.000 673.182
754.974 0.000 0.000 0.000 612.366 637.040 0.000 569.828
0.000 827.097 382.055 789.462 0.000 0.000 0.000 0.000
485.789 0.000 0.000 845.782 971.453 0.000 0.000 0.000
548.773 0.000 308.002 0.000 0.000 0.000 542.618 0.000
0.000 0.000 0.000 0.000 319.538 315.819 0.000 595.951
996.402 0.000 761.931 406.051 0.000 421.242 985.658 726.214
654.551 0.000 0.000 0.000 887.403 781.209 0.000 987.248
0.000 0.000 331.122 949.885 482.929 0.000 726.189 0.000
0.000 987.625 984.807 0.000 0.000 852.904 0.000 580.988
684.133 670.127 953.532 0.000 0.000 853.452 318.317 0.000
0.000 321.445 886.199 0.000 0.000 397.215 559.512 0.000
0.000 608.258 628.951 401.949 798.375 0.000 0.000 940.395
0.000 0.000 677.580 960.800 596.180 359.744 361.217 0.000
770.545 0.000 914.186 997.815 428.922 966.118 650.459 864.581
915.487 0.000 668.560 612.411 653.151 978.577 0.000 809.200
0.000 908.305 869.849 0.000 350.485 0.000 0.000 748.758
0.000 0.000 0.000 437.610 311.517 583.992 815.200 537.272
684.010 320.810 0.000 321.025 403.699 0.000 918.616 724.911
0.000 389.491 989.505 942.088 985.348 0.000 0.000 960.560
0.000 0.000 676.420 541.160 386.691 972.107 0.000 951.343
0.000 495.278 0.000 0.000 0.000 0.000 0.000 0.000
0.000 987.185 0.000 0.000 568.897 886.789 824.779 0.000
570.680 702.387 0.000 423.284 0.000 0.000 732.310 932.882
735.200 611.229 990.498 323.244 0.000 957.101 750.008 591.210
0.000 758.007 644.627 496.111 915.292 372.241 0.000 837.134
0.000 365.679 0.000 967.700 386.206 889.080 0.000 611.856
886.691 888.820 0.000 0.000 928.788 0.000 0.000 485.592
0.000 0.000 0.000 0.000 698.697 399.936 0.000 0.000
617.660 0.000 546.440 0.000 0.000 313.367 422.252 0.000
374.274 705.240 0.000 0.000 0.000 0.000 0.000 426.695
834.913 0.000 0.000 0.000 374.957 868.878 424.718 368.425
536.380 0.000 953.559 0.000 0.000 0.000 0.000 370.098
0.000 0.000 365.669 307.974 0.000 0.000 862.613 969.300
0.000 387.299 0.000 0.000 659.524 702.114 877.542 913.003
0.000 0.000 519.691 0.000 371.645 0.000 0.000 0.000
0.000 0.000 839.836 0.000 0.000 0.000 0.000 831.545
0.000 574.224 496.018 0.000 617.277 463.353 0.000 0.000
0.000 801.607 474.931 677.038 475.657 500.232 0.000 0.000
0.000 708.992 0.000 403.912 0.000 0.000 0.000 0.000
0.000 0.000 0.000 422.784 0.000 0.000 799.072 0.000
544.233 0.000 464.556 0.000 401.758 0.000 0.000 0.000
0.000 0.000 955.205 301.813 746.087 655.202 317.237 449.163
367.242 950.165 0.000 910.701 617.923 775.446 906.211 917.654
552.165 0.000 0.000 567.907 668.372 0.000 0.000 0.000
732.847 0.000 0.000 850.867 0.000 935.675 647.668 0.000
952.625 755.787 473.832 467.284 0.000 499.772 0.000 0.000
0.000 0.000 508.041 407.354 0.000 369.246 989.891 478.171
0.000 950.106 885.964 983.771 0.000 0.000 611.010 0.000
728.501 0.000 870.081 0.000 871.348 428.776 812.729 866.767
0.000 307.346 336.980 0.000 0.000 646.671 0.000 849.650
0.000 916.566 0.000 692.127 0.000 0.000 368.417 940.555
541.851 0.000 851.242 0.000 583.536 0.000 0.000 0.000
0.000 556.794 352.289 815.030 538.812 414.583 0.000 0.000
921.349 0.000 0.000 0.000 891.545 0.000 0.000 0.000
884.961 0.000 944.986 0.000 341.672 974.093 0.000 722.200
710.934 0.000 330.856 546.326 326.008 0.000 318.555 0.000
0.000 0.000 0.000 784.947 0.000 531.511 665.571 0.000
0.000 706.543 575.094 0.000 0.000 0.000 823.437 990.700
0.000 0.000 0.000 657.945 0.000 0.000 0.000 876.751
0.000 0.000 0.000 0.000 0.000 573.822 643.919 846.713
583.737 0.000 560.139 0.000 538.584 997.398 0.000 951.219
946.576 904.891 0.000 998.377 0.000 610.230 0.000 658.707
301.952 996.897 0.000 474.424 0.000 710.543 0.000 0.000
0.000 0.000 873.723 482.768 0.000 999.095 483.222 0.000
0.000 0.000 607.949 0.000 0.000 0.000 0.000 303.001
590.806 586.844 0.000 0.000 774.434 421.267 594.040 528.861
924.999 0.000 0.000 0.000 960.236 578.538 786.898 905.952
0.000 732.066 579.162 0.000 0.000 0.000 0.000 317.766
322.140 0.000 605.746 0.000 0.000 0.000 0.000 548.806
376.563 0.000 564.617 591.332 320.491 718.912 0.000 0.000
0.000 537.797 0.000 426.648 630.117 745.841 755.203 0.000
748.334 830.625 0.000 0.000 0.000 0.000 488.905 710.319
759.772 999.805 933.695 652.748 0.000 437.392 611.514 0.000
0.000 0.000 0.000 0.000 0.000 903.025 843.917 714.033
944.524 365.197 678.777 0.000 0.000 0.000 938.078 641.955
0.000 0.000 0.000 0.000 0.000 889.139 0.000 595.262
952.080 0.000 0.000 650.221 0.000 829.610 0.000 0.000
826.463 0.000 0.000 0.000 835.863 0.000 0.000 0.000
0.000 0.000 976.518 979.366 0.000 0.000 0.000 770.960
0.000 804.993 502.929 0.000 0.000 904.132 0.000 701.545
405.050 626.140 735.235 0.000 543.496 375.065 0.000 663.307
0.000 667.699 0.000 390.092 916.799 0.000 0.000 0.000
994.644 0.000 0.000 676.831 0.000 605.430 0.000 0.000
0.000 0.000 0.000 0.000 332.791 308.890 735.757 319.007
0.000 0.000 754.276 929.789 0.000 375.300 0.000 0.000
337.949 885.490 337.854 0.000 309.570 0.000 369.029 0.000
428.161 611.083 0.000 815.210 0.000 0.000 0.000 0.000
545.515 695.928 344.561 0.000 0.000 965.721 0.000 496.452
311.663 0.000 559.141 0.000 0.000 0.000 0.000 555.857
474.198 421.787 700.261 497.376 0.000 0.000 695.592 410.278
0.000 0.000 0.000 678.557 0.000 458.676 0.000 572.259
0.000 0.000 0.000 385.171 417.048 0.000 0.000 837.237
570.822 812.186 0.000 0.000 457.884 700.983 0.000 374.648
0.000 0.000 344.348 0.000 0.000 346.857 562.716 529.403
426.733 332.075 351.372 726.377 634.277 379.689 569.746 0.000
0.000 0.000 394.732 0.000 0.000 0.000 711.730 0.000
0.000 0.000 890.307 0.000 0.000 0.000 528.795 521.367
939.678 501.382 0.000 0.000 0.000 705.231 691.668 0.000
0.000 0.000 0.000 787.084 884.533 588.992 0.000 558.187
918.876 0.000 0.000 0.000 647.505 0.000 765.060 538.553
0.000 0.000 0.000 0.000 0.000 0.000 691.439 0.000
525.952 795.499 0.000 848.997 301.236 522.587 345.759 0.000
0.000 665.668 833.235 729.769 0.000 667.411 0.000 585.042
857.153 585.755 0.000 429.990 0.000 0.000 0.000 576.818
991.552 0.000 0.000 729.994 366.971 0.000 0.000 862.643
560.025 0.000 896.196 0.000 962.941 609.964 916.604 0.000
387.378 947.511 851.759 594.222 635.159 0.000 0.000 552.469
0.000 355.905 786.955 0.000 460.264 829.013 495.399 803.863
0.000 0.000 0.000 354.369 0.000 372.052 817.423 0.000
0.000 0.000 0.000 835.397 0.000 796.432 0.000 0.000
791.665 991.795 747.388 0.000 335.840 0.000 0.000 0.000
463.656 832.509 0.000 0.000 0.000 0.000 0.000 0.000
0.000 0.000 439.377 919.156 461.434 0.000 0.000 648.713
957.403 0.000 839.423 0.000 0.000 865.448 0.000 799.471
781.184 599.399 764.949 0.000 833.195 0.000 0.000 846.488
0.000 413.994 365.917 977.370 0.000 0.000 0.000 344.370
0.000 0.000 808.196 987.189 824.996 0.000 0.000 518.486
544.834 0.000 771.805 0.000 0.000 740.162 777.366 324.578
0.000 943.334 644.501 0.000 358.611 652.248 673.536 569.371
570.084 910.535 0.000 0.000 0.000 0.000 975.517 0.000
617.564 840.151 0.000 554.063 754.130 0.000 919.387 0.000
0.000 326.190 0.000 0.000 0.000 0.000 627.053 746.208
0.000 0.000 0.000 0.000 594.662 0.000 0.000 0.000
528.132 407.923 0.000 628.390 491.408 0.000 672.712 579.191
472.067 0.000 0.000 0.000 814.352 0.000 803.852 0.000
0.000 0.000 0.000 843.756 0.000 967.825 0.000 542.400
0.000 0.000 707.296 0.000 621.514 0.000 413.781 463.074
822.562 0.000 462.445 677.959 0.000 550.758 996.511 0.000
722.813 0.000 679.142 0.000 0.000 0.000 0.000 577.933
0.000 0.000 632.088 980.888 0.000 0.000 452.349 0.000
367.298 0.000 0.000 0.000 367.587 523.966 0.000 992.034
521.470 0.000 0.000 304.976 0.000 0.000 0.000 0.000
0.000 702.616 0.000 0.000 892.897 0.000 687.989 405.406
923.283 762.937 959.314 0.000 950.985 599.494 0.000 0.000
915.614 0.000 344.396 0.000 795.492 0.000 0.000 0.000
0.000 927.315 0.000 0.000 0.000 0.000 567.290 762.971
0.000 0.000 699.509 0.000 882.135 965.318 0.000 0.000
0.000 576.491 818.349 956.979 413.067 0.000 645.199 0.000
0.000 0.000 483.665 0.000 899.878 569.788 954.699 933.217
0.000 0.000 0.000 0.000 542.911 0.000 988.922 0.000
0.000 0.000 933.314 647.654 0.000 0.000 0.000 0.000
0.000 375.959 725.229 0.000 547.243 0.000 0.000 0.000
0.000 492.434 0.000 708.561 0.000 860.400 0.000 695.482
450.183 0.000 0.000 399.677 838.984 0.000 0.000 527.810
619.211 0.000 985.746 800.100 756.738 904.306 951.324 651.405
0.000 0.000 375.512 823.842 880.653 0.000 0.000 695.191
764.650 651.553 390.131 300.969 0.000 743.970 0.000 0.000
0.000 0.000 646.659 505.036 0.000 909.763 0.000 945.632
0.000 361.866 0.000 529.275 536.084 0.000 499.421 824.314
0.000 973.012 0.000 0.000 963.896 0.000 719.468 0.000
932.515 848.921 603.825 0.000 0.000 0.000 630.366 480.496
405.583 342.320 509.918 0.000 0.000 555.917 391.056 0.000
991.141 555.119 0.000 889.484 482.863 0.000 0.000 484.123
902.976 955.381 0.000 0.000 0.000 596.104 434.024 707.587
810.143 624.972 588.614 0.000 906.586 0.000 0.000 365.576
776.759 0.000 349.585 883.197 626.024 386.511 0.000 0.000
0.000 632.238 0.000 0.000 664.666 596.908 477.899 0.000
482.924 0.000 0.000 571.880 307.426 380.515 640.173 0.000
879.297 0.000 0.000 332.005 0.000 975.412 729.229 0.000
716.260 840.445 0.000 790.579 0.000 806.499 379.856 0.000
0.000 0.000 0.000 0.000 939.725 0.000 0.000 0.000
0.000 626.100 884.547 0.000 581.980 0.000 0.000 749.020
0.000 706.830 0.000 0.000 0.000 0.000 0.000 909.438
915.470 0.000 0.000 955.369 0.000 550.790 649.399 977.338
0.000 0.000 0.000 561.182 872.655 0.000 0.000 725.084
0.000 0.000 610.730 335.810 0.000 640.607 0.000 0.000
0.000 0.000 858.279 370.574 0.000 0.000 560.071 673.105
382.189 0.000 834.764 520.890 878.060 0.000 464.392 0.000
0.000 0.000 0.000 0.000 0.000 506.231 0.000 0.000
967.530 563.359 721.338 0.000 538.135 519.464 0.000 0.000
427.258 0.000 954.159 0.000 334.177 769.276 670.642 613.301
847.850 336.623 0.000 465.416 389.407 856.724 912.736 355.883
0.000 0.000 521.025 458.784 0.000 547.801 972.521 388.881
0.000 0.000 0.000 689.082 0.000 0.000 0.000 674.789
389.826 0.000 912.991 0.000 489.149 0.000 955.260 336.473
0.000 0.000 709.488 0.000 487.245 0.000 732.551 474.484
916.716 302.455 406.855 0.000 859.192 0.000 0.000 432.092
918.881 0.000 0.000 587.359 882.683 895.081 0.000 687.888
841.435 535.906 912.509 0.000 842.152 597.177 0.000 0.000
364.998 724.600 0.000 0.000 449.370 623.993 830.224 0.000
861.449 604.775 883.389 0.000 0.000 0.000 465.734 0.000
0.000 642.241 0.000 867.524 0.000 378.965 0.000 0.000
0.000 779.165 723.437 0.000 0.000 443.236 979.355 0.000
0.000 318.965 0.000 0.000 770.746 359.014 475.418 544.178
440.946 852.562 0.000 0.000 0.000 0.000 0.000 858.757
0.000 847.280 948.445 0.000 0.000 0.000 634.637 426.809
0.000 0.000 0.000 0.000 904.795 0.000 0.000 0.000
586.907 0.000 0.000 0.000 0.000 605.490 855.340 812.156
915.076 0.000 453.150 784.929 899.201 518.491 415.075 0.000
0.000 534.098 807.184 0.000 307.345 648.751 483.344 924.683
0.000 900.961 455.715 0.000 0.000 375.801 0.000 860.708
0.000 560.217 0.000 314.992 826.278 0.000 721.027 0.000
0.000 0.000 529.188 0.000 647.001 0.000 0.000 0.000
0.000 713.096 474.751 759.672 0.000 0.000 0.000 0.000
0.000 0.000 551.252 769.230 569.055 0.000 961.709 329.026
0.000 0.000 778.129 0.000 0.000 0.000 545.927 959.114
683.022 0.000 0.000 0.000 0.000 488.039 0.000 0.000
851.613 360.849 0.000 0.000 521.751 0.000 336.085 396.550
0.000 990.302 978.365 608.028 0.000 0.000 0.000 779.024
0.000 605.681 0.000 834.078 0.000 437.456 0.000 0.000
987.889 0.000 451.058 878.763 0.000 386.832 0.000 772.098
782.814 499.202 476.981 480.697 0.000 0.000 910.752 0.000
367.583 0.000 720.605 967.924 416.554 565.762 402.249 0.000
0.000 646.138 944.150 0.000 0.000 824.588 0.000 377.341
0.000 403.223 0.000 0.000 0.000 0.000 0.000 0.000
0.000 383.056 0.000 0.000 0.000 0.000 711.043 0.000
763.692 0.000 0.000 0.000 671.496 0.000 0.000 437.484
879.945 0.000 0.000 700.858 0.000 566.136 748.730 0.000
0.000 518.069 0.000 0.000 795.625 883.907 860.664 739.094
600.625 746.293 905.847 0.000 755.089 0.000 449.255 710.876
698.830 793.649 370.618 826.155 0.000 800.847 0.000 0.000
682.587 870.765 640.954 353.024 476.349 456.248 0.000 561.998
0.000 0.000 530.740 0.000 493.601 399.430 879.987 846.724
404.367 663.295 0.000 0.000 377.004 754.983 0.000 0.000
0.000 327.129 0.000 0.000 0.000 982.563 308.112 465.383
0.000 323.188 0.000 744.428 441.446 946.891 374.868 0.000
0.000 0.000 429.918 0.000 0.000 0.000 950.293 399.626
918.768 0.000 713.868 747.456 643.672 0.000 371.282 0.000
557.760 0.000 674.500 0.000 438.862 425.820 387.964 0.000
961.778 0.000 530.747 575.865 674.218 401.614 0.000 0.000
630.473 0.000 341.621 0.000 0.000 0.000 0.000 0.000
0.000 754.572 0.000 417.263 710.606 346.600 358.474 829.895
0.000 658.102 0.000 0.000 0.000 670.659 827.895 0.000
613.524 888.909 0.000 886.330 598.051 0.000 0.000 770.377
0.000 0.000 0.000 0.000 0.000 729.736 0.000 0.000
751.696 0.000 0.000 0.000 816.056 895.092 0.000 895.124
694.057 695.704 675.888 0.000 566.744 595.167 0.000 792.568
0.000 0.000 0.000 0.000 645.459 0.000 550.737 0.000
888.003 643.399 690.952 0.000 0.000 779.719 510.164 523.160
557.410 478.441 708.494 342.196 0.000 0.000 827.264 0.000
0.000 560.990 0.000 0.000 0.000 0.000 0.000 0.000
642.691 0.000 0.000 358.941 0.000 0.000 0.000 0.000
0.000 0.000 0.000 0.000 0.000 640.217 848.062 0.000
0.000 0.000 0.000 736.207 388.615 0.000 0.000 0.000
736.373 377.141 532.145 0.000 664.753 0.000 0.000 620.809
845.327 587.753 0.000 701.866 954.861 698.478 0.000 813.307
684.962 489.980 542.952 0.000 0.000 0.000 0.000 448.125
0.000 993.185 0.000 0.000 0.000 0.000 392.786 417.634
0.000 876.184 616.236 0.000 532.477 0.000 0.000 304.421
783.878 0.000 575.568 0.000 0.000 0.000 478.657 839.621
797.579 0.000 0.000 0.000 0.000 0.000 499.388 0.000
0.000 303.825 695.910 962.088 0.000 687.819 0.000 0.000
484.743 593.601 0.000 0.000 0.000 0.000 0.000 868.501
0.000 0.000 835.293 0.000 585.829 0.000 0.000 655.896
683.650 770.703 941.479 0.000 0.000 999.458 0.000 372.331
612.494 597.018 893.644 759.110 0.000 0.000 0.000 698.589
527.204 0.000 0.000 0.000 954.022 0.000 477.436 0.000
0.000 935.674 316.686 372.336 586.236 0.000 0.000 0.000
918.807 0.000 480.573 0.000 0.000 819.715 545.677 0.000
638.481 0.000 543.145 0.000 681.254 0.000 691.055 0.000
541.247 0.000 776.200 0.000 585.115 0.000 749.215 0.000
0.000 337.194 557.468 0.000 0.000 667.356 0.000 0.000
0.000 0.000 0.000 798.805 504.537 727.376 0.000 945.181
0.000 981.478 0.000 347.004 995.865 0.000 902.891 0.000
0.000 841.910 0.000 329.147 348.502 0.000 0.000 675.330
0.000 0.000 0.000 0.000 484.073 324.604 0.000 467.070
916.878 466.571 0.000 890.832 0.000 972.476 0.000 547.793
0.000 0.000 692.136 889.379 0.000 0.000 0.000 0.000
939.937 900.606 957.796 0.000 0.000 866.673 0.000 0.000
0.000 386.608 0.000 913.458 651.858 0.000 910.835 0.000
0.000 0.000 767.749 0.000 592.647 0.000 969.571 865.225
536.178 784.221 303.681 766.280 807.019 0.000 0.000 0.000
543.637 541.193 421.999 952.098 757.097 452.942 785.396 0.000
670.789 0.000 935.206 929.777 583.450 871.623 542.875 0.000
0.000 0.000 0.000 825.198 958.268 0.000 908.274 0.000
530.776 525.425 0.000 0.000 566.948 770.647 768.692 628.197
982.980 813.042 457.909 0.000 993.665 341.745 0.000 0.000
0.000 349.996 0.000 411.146 842.876 0.000 561.302 926.380
0.000 0.000 866.766 0.000 700.613 532.835 954.543 646.905
0.000 0.000 0.000 0.000 0.000 0.000 484.710 922.285
434.644 0.000 0.000 0.000 488.026 0.000 0.000 364.397
0.000 0.000 0.000 0.000 582.103 0.000 0.000 608.504
872.379 714.462 0.000 874.316 323.820 0.000 754.841 0.000
641.397 0.000 600.523 0.000 0.000 0.000 638.190 377.873
0.000 942.361 442.940 605.589 0.000 309.225 0.000 0.000
0.000 0.000 403.815 0.000 0.000 0.000 632.014 612.591
306.425 433.320 0.000 801.572 724.605 790.316 0.000 0.000
0.000 0.000 604.426 0.000 648.559 985.772 0.000 371.074
0.000 0.000 718.661 392.493 0.000 0.000 605.773 0.000
462.191 0.000 574.590 833.454 0.000 0.000 0.000 621.031
465.324 357.464 0.000 0.000 0.000 840.926 569.146 508.205
651.794 530.007 689.464 0.000 0.000 481.669 704.646 557.513
900.287 0.000 616.715 768.361 0.000 0.000 759.145 882.367
0.000 339.215 0.000 766.505 0.000 452.019 0.000 894.991
878.419 0.000 495.449 669.761 725.138 0.000 0.000 652.909
0.000 0.000 0.000 936.582 478.405 326.191 0.000 310.177
0.000 514.765 661.493 855.077 607.231 0.000 975.291 0.000
0.000 921.166 0.000 0.000 393.990 0.000 881.052 0.000
0.000 0.000 347.358 411.455 489.402 362.889 0.000 739.152
0.000 333.787 782.700 726.234 0.000 738.248 0.000 513.022
0.000 0.000 0.000 575.297 0.000 0.000 855.980 594.685
431.647 815.846 0.000 0.000 0.000 0.000 935.763 920.081
0.000 843.600 0.000 0.000 0.000 0.000 458.170 0.000
0.000 924.781 708.847 0.000 0.000 0.000 784.902 352.949
966.048 983.568 514.383 0.000 0.000 0.000 928.518 510.090
947.905 0.000 0.000 0.000 917.556 0.000 770.545 671.201
638.875 0.000 728.209 999.592 997.337 0.000 0.000 0.000
630.177 0.000 776.151 0.000 393.704 0.000 656.247 0.000
0.000 864.179 0.000 927.451 622.376 943.485 0.000 966.988
0.000 0.000 486.227 0.000 0.000 877.335 0.000 0.000
657.973 303.554 0.000 0.000 453.492 890.739 0.000 0.000
0.000 678.792 0.000 0.000 516.150 930.054 775.042 0.000
800.861 624.730 725.991 677.910 771.805 0.000 0.000 616.386
0.000 0.000 394.695 746.742 0.000 0.000 0.000 0.000
0.000 0.000 963.010 0.000 0.000 0.000 898.614 357.488
0.000 0.000 0.000 355.177 0.000 0.000 609.761 0.000
763.746 403.973 500.456 329.389 921.284 0.000 933.675 526.957
679.947 888.364 0.000 371.344 0.000 321.254 735.137 335.294
572.656 0.000 939.615 0.000 669.145 518.582 318.136 744.533
939.802 876.842 0.000 865.155 372.142 987.459 702.023 474.703
0.000 577.089 0.000 0.000 700.875 743.530 957.944 0.000
0.000 620.561 0.000 0.000 959.283 0.000 0.000 0.000
0.000 597.578 310.329 0.000 0.000 566.597 0.000 0.000
952.874 631.475 658.814 0.000 0.000 369.341 819.436 890.969
0.000 0.000 863.358 985.847 318.012 563.480 0.000 956.005
904.818 0.000 824.294 0.000 0.000 829.818 461.650 556.403
0.000 0.000 0.000 0.000 545.237 0.000 622.280 569.886
527.357 0.000 712.560 448.860 0.000 447.080 322.683 0.000
495.758 0.000 0.000 0.000 0.000 0.000 0.000 816.404
448.161 0.000 0.000 0.000 0.000 961.662 0.000 0.000
539.637 0.000 730.893 0.000 760.522 0.000 0.000 0.000
386.994 761.034 0.000 452.210 862.330 0.000 548.265 346.883
0.000 0.000 396.591 771.800 818.666 906.766 0.000 783.964
450.538 0.000 581.843 780.773 0.000 323.892 0.000 720.236
0.000 0.000 705.082 0.000 875.177 948.923 0.000 673.484
957.561 330.358 0.000 543.972 0.000 871.430 0.000 0.000
0.000 474.150 838.818 0.000 949.428 653.920 0.000 0.000
453.843 0.000 0.000 0.000 0.000 0.000 947.537 0.000
931.071 947.431 602.912 0.000 903.318 0.000 0.000 0.000
0.000 0.000 0.000 0.000 535.403 0.000 962.490 643.173
0.000 0.000 0.000 866.889 0.000 0.000 856.605 0.000
0.000 805.363 0.000 325.461 974.590 0.000 484.492 884.353
470.460 0.000 516.819 0.000 0.000 852.484 756.787 516.656
0.000 776.486 429.799 0.000 913.297 0.000 942.616 0.000
609.521 438.575 351.384 0.000 0.000 687.160 594.175 825.586
473.673 0.000 454.760 696.016 0.000 0.000 779.095 0.000
582.123 860.443 0.000 573.374 0.000 883.597 0.000 0.000
750.976 0.000 983.485 671.549 0.000 464.799 0.000 436.466
980.332 308.525 728.795 903.922 625.897 0.000 450.652 975.265
0.000 0.000 0.000 0.000 0.000 531.574 774.816 0.000
917.280 0.000 669.587 421.579 0.000 709.099 588.027 0.000
0.000 816.497 801.671 0.000 0.000 638.867 0.000 0.000
581.723 440.288 413.497 0.000 568.126 499.410 0.000 0.000
833.083 837.763 813.544 670.148 955.387 0.000 0.000 0.000
0.000 0.000 0.000 996.693 641.767 309.901 764.214 808.206
768.546 0.000 965.896 591.424 641.468 0.000 0.000 0.000
777.896 0.000 0.000 0.000 0.000 509.459 580.736 0.000
0.000 369.296 557.369 668.990 0.000 0.000 0.000 0.000
704.469 615.900 320.195 730.284 0.000 365.426 778.663 879.764
0.000 797.976 409.194 999.755 520.831 0.000 444.458 0.000
953.245 0.000 0.000 918.608 0.000 676.615 0.000 0.000
0.000 0.000 0.000 0.000 559.607 331.989 672.475 764.866
0.000 0.000 621.693 679.160 0.000 0.000 0.000 0.000
957.180 0.000 0.000 823.124 745.364 838.081 0.000 920.786
634.251 0.000 0.000 0.000 0.000 0.000 481.555 0.000
843.486 588.146 419.850 0.000 0.000 0.000 798.701 0.000
657.160 0.000 510.154 0.000 683.011 468.697 926.321 508.099
612.968 0.000 622.694 0.000 772.908 473.575 313.203 701.705
784.854 662.186 0.000 0.000 0.000 917.763 0.000 304.196
804.673 0.000 0.000 927.321 589.463 0.000 0.000 0.000
455.891 0.000 0.000 412.713 731.231 0.000 842.668 341.885
668.751 0.000 0.000 0.000 590.080 0.000 736.651 0.000
0.000 900.673 0.000 394.583 0.000 625.853 0.000 0.000
0.000 513.365 447.107 0.000 0.000 418.343 0.000 0.000
0.000 0.000 0.000 0.000 0.000 0.000 0.000 929.929
569.603 0.000 859.801 452.718 615.085 0.000 407.239 634.817
435.867 836.198 715.263 0.000 0.000 0.000 0.000 0.000
0.000 0.000 675.453 0.000 0.000 363.629 742.241 890.040
584.467 0.000 652.528 0.000 660.854 380.153 0.000 603.350
797.370 0.000 0.000 0.000 0.000 429.489 0.000 700.850
0.000 0.000 414.950 0.000 450.180 0.000 0.000 798.354
565.281 421.310 0.000 0.000 0.000 0.000 609.157 968.332
0.000 0.000 451.923 0.000 0.000 0.000 475.935 808.342
766.495 0.000 0.000 420.769 0.000 815.239 412.436 0.000
935.240 589.731 593.884 0.000 0.000 842.681 0.000 328.605
0.000 747.666 814.051 713.818 567.835 0.000 822.427 581.947
443.270 332.219 0.000 0.000 0.000 374.253 0.000 516.259
0.000 322.945 0.000 0.000 0.000 0.000 840.310 508.062
330.033 0.000 0.000 0.000 878.820 0.000 0.000 0.000
432.443 435.282 340.624 718.054 0.000 0.000 635.489 928.867
0.000 0.000 0.000 675.185 0.000 0.000 813.710 471.591
0.000 0.000 745.402 728.024 331.924 0.000 0.000 0.000
0.000 570.819 0.000 794.564 383.229 421.286 0.000 870.105
642.086 481.144 506.152 453.226 577.465 0.000 0.000 0.000
892.145 0.000 0.000 427.126 0.000 0.000 532.647 966.579
339.546 0.000 608.700 325.132 467.780 987.602 403.204 0.000
523.321 501.594 0.000 0.000 0.000 0.000 0.000 0.000
0.000 788.457 0.000 866.271 536.524 0.000 387.718 748.084
0.000 0.000 0.000 357.280 951.150 374.537 0.000 0.000
0.000 735.940 413.702 0.000 469.174 0.000 0.000 0.000
535.670 0.000 0.000 0.000 0.000 0.000 0.000 0.000
0.000 0.000 0.000 894.886 0.000 394.182 0.000 706.124
851.952 532.637 0.000 614.032 0.000 305.566 401.614 0.000
930.963 0.000 0.000 0.000 0.000 377.060 0.000 596.768
0.000 0.000 0.000 0.000 0.000 357.086 413.433 0.000
0.000 569.651 867.529 0.000 0.000 0.000 0.000 0.000
856.207 874.946 349.747 767.721 402.435 0.000 389.970 0.000
0.000 0.000 0.000 0.000 735.448 0.000 446.784 741.951
986.990 931.294 0.000 0.000 647.748 993.182 894.639 0.000
0.000 681.784 0.000 0.000 421.775 420.280 940.835 341.816
0.000 758.432 967.500 0.000 0.000 516.532 445.664 672.238
620.072 494.525 0.000 0.000 306.019 0.000 0.000 0.000
915.706 683.045 0.000 787.860 0.000 0.000 356.827 854.790
0.000 0.000 0.000 0.000 585.497 0.000 0.000 799.711
357.751 0.000 704.907 0.000 0.000 575.207 372.876 459.841
875.540 864.392 718.096 817.041 837.126 0.000 330.126 0.000
0.000 0.000 811.899 906.654 662.267 0.000 680.884 0.000
611.193 887.576 571.972 913.686 931.355 793.856 0.000 542.798
917.644 939.794 917.829 371.733 739.579 0.000 0.000 0.000
743.196 0.000 882.263 784.794 711.745 0.000 0.000 513.513
384.256 0.000 836.643 0.000 0.000 0.000 565.142 0.000
0.000 0.000 0.000 0.000 0.000 872.257 981.920 762.330
737.394 0.000 0.000 0.000 0.000 0.000 887.264 0.000
0.000 487.089 0.000 905.203 546.918 0.000 0.000 553.018
0.000 384.540 0.000 601.500 530.193 0.000 839.478 0.000
0.000 0.000 0.000 0.000 0.000 0.000 0.000 971.221
412.273 945.112 0.000 0.000 534.653 0.000 0.000 0.000
0.000 631.579 0.000 779.153 661.259 582.496 0.000 0.000
927.924 0.000 706.360 0.000 665.888 846.692 0.000 0.000
613.901 0.000 0.000 437.921 0.000 0.000 333.836 0.000
0.000 528.684 0.000 0.000 646.405 0.000 991.654 940.204
777.144 962.335 694.203 0.000 875.541 319.837 0.000 0.000
0.000 0.000 880.855 0.000 452.085 0.000 0.000 0.000
0.000 0.000 0.000 0.000 0.000 0.000 0.000 766.844
869.675 662.639 0.000 0.000 572.780 974.057 0.000 0.000
781.346 799.402 0.000 828.680 0.000 0.000 0.000 828.783
0.000 456.487 509.728 511.886 0.000 0.000 0.000 0.000
0.000 920.885 506.135 560.252 990.954 309.036 622.714 0.000
593.059 0.000 0.000 702.245 0.000 967.848 0.000 832.377
0.000 0.000 0.000 0.000 0.000 832.262 368.113 0.000
468.101 0.000 0.000 520.054 0.000 0.000 573.614 0.000
342.933 307.373 486.976 872.857 560.976 0.000 0.000 853.906
0.000 636.759 0.000 497.176 374.754 825.995 650.060 330.485
0.000 0.000 0.000 0.000 542.290 0.000 0.000 0.000
632.315 0.000 0.000 468.481 0.000 446.244 0.000 0.000
0.000 526.293 435.827 0.000 934.281 627.701 0.000 0.000
0.000 0.000 687.132 0.000 511.718 0.000 0.000 525.128
0.000 0.000 323.030 723.110 567.253 0.000 366.183 965.546
678.601 0.000 565.895 0.000 354.320 500.213 410.391 0.000
681.214 0.000 550.263 0.000 0.000 938.794 372.123 625.419
