665.785 815.470 0.000 562.834 757.303 960.024 0.000 986.098
0.000 0.000 625.205 0.000 779.499 387.485 994.096 857.914
0.000 320.216 495.160 667.070 0.000 715.446 0.000 683.530
897.788 884.712 0.000 741.003 0.000 363.021 0.000 452.046
380.650 996.794 392.411 0.000 448.741 594.514 0.000 0.000
352.173 0.000 0.000 0.000 0.000 599.623 0.000 483.930
0.000 679.187 0.000 901.042 903.716 594.747 0.000 810.672
587.345 0.000 568.054 0.000 0.000 0.000 0.000 302.597
0.000 0.000 0.000 0.000 957.671 686.927 731.876 0.000
428.789 0.000 545.000 546.932 0.000 371.074 0.000 584.935
498.521 640.641 776.503 377.719 0.000 748.623 791.970 342.018
310.044 0.000 0.000 521.557 366.880 809.621 663.294 0.000
335.373 788.503 0.000 0.000 0.000 613.834 0.000 0.000
321.465 0.000 555.853 0.000 517.255 0.000 0.000 0.000
858.843 0.000 0.000 0.000 710.449 0.000 0.000 0.000
0.000 579.111 847.433 0.000 926.358 0.000 0.000 0.000
0.000 653.328 867.881 702.455 0.000 891.207 0.000 529.475
0.000 787.401 503.184 0.000 405.807 329.452 0.000 0.000
0.000 0.000 910.863 0.000 0.000 0.000 943.042 0.000
0.000 974.418 846.622 0.000 0.000 935.334 0.000 446.897
959.637 496.487 913.638 460.519 990.782 0.000 748.088 0.000
0.000 691.197 0.000 0.000 529.220 783.840 473.088 0.000
0.000 538.826 0.000 0.000 955.627 0.000 0.000 727.147
0.000 548.034 838.609 0.000 937.870 0.000 0.000 0.000
0.000 0.000 545.397 0.000 944.451 0.000 685.733 0.000
0.000 0.000 359.347 0.000 0.000 976.983 0.000 0.000
0.000 460.109 0.000 497.100 0.000 0.000 971.636 868.836
405.736 945.148 401.864 0.000 0.000 697.565 880.752 0.000
0.000 770.701 496.071 0.000 0.000 0.000 548.480 0.000
0.000 0.000 547.744 438.823 984.317 0.000 576.560 338.204
0.000 0.000 471.447 0.000 664.755 0.000 922.031 0.000
0.000 0.000 0.000 868.302 0.000 0.000 0.000 0.000
0.000 860.877 900.581 755.804 499.751 560.545 0.000 619.578
0.000 882.361 342.016 950.668 0.000 613.958 0.000 0.000
331.565 0.000 0.000 864.564 0.000 323.323 0.000 332.879
0.000 0.000 0.000 622.460 420.733 833.541 0.000 0.000
0.000 672.720 794.957 0.000 0.000 628.084 414.208 772.122
902.031 669.256 0.000 866.218 0.000 0.000 0.000 502.590
0.000 586.419 0.000 0.000 0.000 0.000 967.722 0.000
321.483 0.000 0.000 0.000 339.860 698.205 0.000 0.000
0.000 0.000 0.000 337.978 0.000 0.000 328.894 760.295
0.000 492.243 581.482 0.000 0.000 0.000 448.291 858.113
956.942 0.000 929.926 0.000 0.000 507.651 0.000 860.153
0.000 0.000 0.000 564.000 0.000 316.310 0.000 435.781
683.864 0.000 355.056 0.000 0.000 0.000 0.000 0.000
962.969 310.159 819.907 0.000 787.898 818.161 501.597 0.000
0.000 0.000 0.000 338.007 471.837 953.801 739.905 0.000
0.000 385.903 647.725 0.000 323.017 0.000 0.000 584.101
0.000 415.858 0.000 0.000 601.709 606.810 0.000 747.501
759.712 306.358 0.000 0.000 841.226 903.851 453.584 0.000
806.976 0.000 542.662 375.757 664.728 0.000 0.000 325.811
0.000 0.000 0.000 0.000 865.175 0.000 0.000 0.000
0.000 0.000 511.237 0.000 405.541 0.000 330.736 521.502
927.641 0.000 630.944 0.000 429.825 705.627 0.000 0.000
0.000 0.000 991.115 702.616 0.000 753.466 498.992 544.755
0.000 568.356 0.000 0.000 433.831 769.410 552.476 924.500
0.000 0.000 0.000 0.000 0.000 0.000 776.204 0.000
0.000 0.000 0.000 401.274 0.000 0.000 0.000 671.320
0.000 621.775 0.000 472.358 769.850 0.000 0.000 0.000
0.000 660.235 0.000 596.607 736.513 0.000 563.262 722.872
468.946 0.000 0.000 0.000 0.000 932.882 859.440 0.000
414.178 911.165 529.365 0.000 0.000 0.000 746.082 0.000
0.000 664.557 331.080 404.367 0.000 316.084 0.000 0.000
378.820 792.422 421.897 532.181 788.259 721.815 339.042 741.412
803.533 0.000 0.000 0.000 0.000 605.277 0.000 0.000
830.965 332.958 879.674 418.371 628.423 0.000 955.016 0.000
0.000 0.000 0.000 0.000 997.679 635.022 0.000 914.329
940.624 558.640 923.119 411.107 0.000 0.000 301.073 633.220
0.000 964.819 0.000 920.145 758.728 728.646 919.969 0.000
0.000 946.949 0.000 0.000 0.000 0.000 0.000 0.000
390.202 750.334 896.140 0.000 0.000 490.288 0.000 0.000
0.000 0.000 737.447 0.000 370.135 449.216 743.046 901.952
761.482 749.981 0.000 0.000 758.857 875.228 0.000 0.000
636.017 728.321 414.870 686.809 428.092 400.777 655.758 0.000
0.000 792.439 814.222 0.000 825.420 789.387 738.467 709.320
0.000 0.000 964.084 970.001 0.000 0.000 581.142 365.846
0.000 825.755 690.744 992.599 870.489 0.000 0.000 0.000
0.000 575.009 0.000 0.000 0.000 793.455 0.000 0.000
609.181 0.000 0.000 706.208 0.000 714.419 0.000 895.825
0.000 361.224 332.426 827.604 0.000 826.771 0.000 0.000
870.439 0.000 0.000 0.000 385.057 373.252 443.226 0.000
0.000 0.000 0.000 0.000 453.189 0.000 0.000 0.000
0.000 0.000 781.616 568.603 709.707 0.000 0.000 0.000
0.000 616.805 0.000 0.000 0.000 806.846 0.000 353.712
0.000 728.227 0.000 0.000 0.000 0.000 483.359 475.002
895.312 662.735 0.000 891.153 366.849 387.583 0.000 0.000
0.000 0.000 0.000 0.000 489.151 0.000 912.011 425.470
563.066 0.000 609.218 643.142 0.000 0.000 0.000 501.014
980.823 696.000 0.000 381.213 0.000 723.462 809.949 0.000
379.935 0.000 716.738 0.000 0.000 977.605 831.765 0.000
819.594 752.324 937.232 0.000 0.000 461.680 898.043 748.486
386.446 551.422 682.845 603.391 916.202 0.000 584.239 768.765
0.000 674.873 0.000 0.000 0.000 0.000 0.000 0.000
464.361 639.255 570.343 683.918 0.000 0.000 436.346 526.204
465.549 734.898 0.000 0.000 0.000 320.726 0.000 521.961
0.000 0.000 710.396 702.666 681.401 582.962 775.434 0.000
0.000 679.961 0.000 345.159 327.717 0.000 655.852 720.650
898.031 518.067 0.000 0.000 0.000 0.000 0.000 459.180
542.217 0.000 0.000 0.000 511.647 516.997 0.000 0.000
0.000 0.000 824.754 0.000 350.740 719.877 715.735 0.000
0.000 822.358 793.678 435.809 0.000 620.457 725.508 0.000
722.516 926.330 0.000 972.454 0.000 0.000 846.020 0.000
780.360 754.226 597.052 927.284 862.590 708.713 476.638 482.411
705.186 0.000 954.227 0.000 863.094 0.000 0.000 771.931
558.268 430.295 0.000 960.778 315.051 0.000 892.404 0.000
971.207 581.646 649.831 325.725 0.000 0.000 632.080 718.598
0.000 615.469 539.594 374.041 0.000 750.320 0.000 343.232
0.000 425.814 748.107 0.000 0.000 0.000 0.000 0.000
691.496 0.000 802.406 856.227 975.050 0.000 0.000 0.000
773.194 346.829 0.000 709.937 0.000 0.000 0.000 631.913
478.768 0.000 0.000 883.560 0.000 420.896 656.992 878.370
823.593 458.246 450.031 997.422 0.000 0.000 0.000 0.000
0.000 0.000 0.000 0.000 584.173 0.000 0.000 856.871
320.161 0.000 0.000 492.679 0.000 835.450 785.717 672.499
0.000 970.821 497.937 0.000 0.000 0.000 0.000 490.180
699.239 968.701 0.000 594.039 0.000 0.000 729.931 0.000
0.000 339.616 881.675 0.000 960.079 333.731 742.579 447.476
824.035 0.000 0.000 0.000 872.007 0.000 0.000 836.954
622.587 428.908 886.056 335.248 0.000 0.000 956.184 0.000
0.000 0.000 493.423 505.519 0.000 0.000 380.946 0.000
973.536 482.201 873.058 0.000 338.462 0.000 408.243 989.977
452.440 738.468 427.337 0.000 974.840 440.720 473.842 753.550
309.696 0.000 335.763 790.895 0.000 695.096 0.000 0.000
0.000 0.000 844.212 0.000 0.000 0.000 0.000 0.000
0.000 0.000 752.590 692.630 0.000 429.606 916.313 866.469
0.000 0.000 0.000 713.992 654.929 334.675 634.271 0.000
948.443 0.000 335.101 516.778 763.038 885.780 835.878 0.000
0.000 762.300 879.163 0.000 0.000 0.000 911.546 0.000
749.169 0.000 0.000 417.929 347.799 0.000 0.000 720.117
0.000 0.000 899.196 0.000 422.774 765.162 0.000 0.000
830.701 825.375 685.146 357.888 359.614 0.000 0.000 773.774
513.259 0.000 618.138 0.000 0.000 0.000 759.578 0.000
0.000 0.000 0.000 0.000 960.718 890.017 0.000 0.000
0.000 0.000 509.852 588.443 0.000 0.000 843.517 884.200
0.000 588.820 669.811 0.000 930.299 783.336 857.758 0.000
960.182 784.539 934.173 332.413 0.000 678.202 0.000 433.268
0.000 0.000 571.360 0.000 685.919 0.000 763.996 0.000
405.964 0.000 0.000 772.503 0.000 0.000 0.000 854.095
0.000 0.000 0.000 338.889 0.000 860.565 0.000 0.000
308.707 0.000 0.000 967.141 0.000 0.000 0.000 859.686
702.313 0.000 0.000 499.903 303.154 0.000 762.698 0.000
0.000 0.000 386.196 0.000 0.000 301.617 624.778 801.966
0.000 864.584 0.000 0.000 676.875 0.000 860.336 370.691
0.000 0.000 958.270 877.884 324.252 428.083 0.000 964.436
700.481 492.856 0.000 0.000 411.883 498.470 381.591 856.571
482.332 903.566 0.000 686.704 849.236 0.000 0.000 0.000
0.000 881.682 0.000 0.000 0.000 916.630 648.293 0.000
486.422 784.099 0.000 524.359 0.000 0.000 381.036 685.565
0.000 798.131 905.971 0.000 0.000 679.684 0.000 691.538
971.339 0.000 0.000 0.000 654.566 760.142 0.000 0.000
418.577 576.585 602.428 667.366 442.392 485.514 976.597 0.000
0.000 836.829 0.000 0.000 688.808 0.000 965.837 486.069
0.000 486.325 0.000 528.463 0.000 0.000 749.855 489.471
555.041 463.471 0.000 927.190 0.000 914.307 0.000 610.537
666.649 529.006 0.000 346.688 302.787 0.000 0.000 529.085
447.822 0.000 519.167 430.808 0.000 0.000 0.000 0.000
642.980 0.000 395.348 0.000 0.000 0.000 0.000 903.853
741.489 0.000 0.000 590.159 306.390 467.352 0.000 542.716
586.080 0.000 0.000 0.000 625.395 0.000 0.000 0.000
0.000 423.528 0.000 729.306 0.000 404.414 315.598 0.000
0.000 527.867 0.000 964.724 0.000 677.754 648.885 603.989
691.863 686.885 408.049 421.257 633.046 411.752 896.770 0.000
0.000 0.000 0.000 342.742 0.000 0.000 0.000 514.223
744.777 333.951 582.962 0.000 0.000 325.424 761.123 0.000
0.000 0.000 862.479 439.272 0.000 0.000 761.130 0.000
503.014 386.866 0.000 0.000 696.008 0.000 797.241 0.000
918.369 0.000 0.000 0.000 426.589 904.988 325.902 0.000
0.000 751.163 923.157 731.166 746.690 773.525 987.267 0.000
754.083 0.000 341.984 987.359 0.000 0.000 680.552 0.000
0.000 0.000 566.184 849.271 0.000 0.000 578.537 322.387
0.000 838.301 730.455 880.764 0.000 606.487 0.000 627.661
687.753 0.000 0.000 459.166 901.617 994.388 0.000 0.000
341.670 0.000 531.964 603.858 750.625 927.332 825.527 0.000
0.000 0.000 648.053 546.970 0.000 850.926 0.000 0.000
689.046 633.209 578.050 514.289 0.000 634.563 0.000 353.550
0.000 926.309 983.440 0.000 0.000 0.000 0.000 787.197
656.602 0.000 912.772 803.858 868.750 841.939 0.000 0.000
910.257 523.954 0.000 0.000 0.000 0.000 0.000 0.000
334.515 873.331 965.522 635.345 0.000 0.000 0.000 622.992
601.114 0.000 0.000 584.776 0.000 0.000 0.000 0.000
439.295 0.000 0.000 0.000 0.000 0.000 0.000 555.077
0.000 956.886 421.257 0.000 0.000 373.128 0.000 514.047
0.000 0.000 627.835 0.000 0.000 997.530 0.000 884.764
698.947 0.000 938.373 0.000 524.979 0.000 991.440 408.973
867.362 0.000 894.676 0.000 941.541 562.387 0.000 494.893
0.000 555.509 0.000 0.000 0.000 0.000 0.000 0.000
523.826 0.000 0.000 0.000 556.740 0.000 0.000 413.252
0.000 0.000 0.000 0.000 977.842 453.145 0.000 946.104
979.855 0.000 0.000 652.461 0.000 304.423 481.001 361.387
998.229 370.784 0.000 0.000 0.000 703.490 736.496 343.843
0.000 0.000 0.000 590.907 0.000 0.000 0.000 921.177
744.832 351.060 701.045 0.000 0.000 0.000 0.000 0.000
0.000 928.434 0.000 757.676 604.525 965.280 0.000 841.121
0.000 0.000 0.000 973.690 940.250 661.219 555.353 717.218
816.173 0.000 849.020 984.982 0.000 842.555 0.000 0.000
0.000 0.000 0.000 608.637 0.000 0.000 0.000 416.106
430.525 578.605 0.000 341.847 558.654 0.000 0.000 939.172
544.787 0.000 985.511 850.790 455.582 647.299 0.000 0.000
818.013 486.490 0.000 617.079 0.000 0.000 471.636 569.411
0.000 0.000 538.766 0.000 0.000 0.000 0.000 0.000
476.547 375.639 468.135 601.271 742.328 920.519 0.000 736.773
751.978 0.000 0.000 715.164 0.000 0.000 0.000 0.000
581.691 0.000 0.000 854.840 937.238 987.744 0.000 0.000
0.000 879.735 0.000 0.000 641.668 704.989 880.720 658.711
0.000 914.780 595.637 362.739 764.000 400.711 418.971 438.119
487.719 984.655 0.000 0.000 0.000 822.746 648.294 0.000
0.000 593.230 808.405 0.000 541.692 402.671 0.000 399.848
344.082 0.000 615.435 0.000 417.446 0.000 958.685 591.307
0.000 951.398 407.530 888.201 0.000 848.351 364.938 0.000
0.000 0.000 645.852 0.000 412.264 919.303 346.784 596.957
0.000 0.000 645.290 0.000 0.000 0.000 439.872 549.317
0.000 0.000 451.580 0.000 0.000 780.558 0.000 591.031
851.307 826.054 0.000 407.268 0.000 0.000 687.386 585.483
733.911 738.320 0.000 382.526 683.788 515.888 0.000 0.000
0.000 471.457 811.837 0.000 443.683 0.000 418.970 344.160
569.715 0.000 990.955 0.000 0.000 710.780 0.000 0.000
0.000 0.000 0.000 0.000 0.000 528.399 370.546 0.000
0.000 0.000 785.059 0.000 633.754 0.000 0.000 0.000
668.944 0.000 454.081 350.952 0.000 911.312 915.281 906.980
0.000 0.000 708.069 683.223 0.000 0.000 0.000 327.626
804.792 0.000 716.631 323.133 321.333 0.000 882.491 0.000
856.591 622.494 0.000 424.660 0.000 612.367 736.980 460.108
0.000 0.000 0.000 626.889 0.000 0.000 717.028 610.660
0.000 0.000 0.000 831.347 577.283 448.717 0.000 0.000
0.000 354.987 0.000 936.002 605.323 779.959 514.626 882.423
0.000 583.801 863.349 434.573 555.367 700.029 998.025 431.104
789.249 0.000 510.880 0.000 992.962 678.500 660.867 736.485
543.557 789.215 741.523 0.000 0.000 666.702 0.000 0.000
723.448 916.636 424.144 0.000 436.716 0.000 0.000 0.000
0.000 0.000 0.000 0.000 0.000 397.329 0.000 549.811
0.000 874.705 0.000 303.739 0.000 671.563 0.000 0.000
0.000 854.123 0.000 684.998 0.000 0.000 0.000 0.000
904.744 0.000 882.927 605.338 0.000 464.114 604.204 802.082
0.000 0.000 0.000 0.000 300.995 832.869 985.991 0.000
415.386 817.009 0.000 0.000 553.961 741.372 0.000 0.000
603.903 704.474 821.385 465.855 977.331 0.000 427.643 0.000
670.875 0.000 438.561 0.000 864.795 0.000 573.716 437.437
0.000 491.724 536.934 857.497 0.000 0.000 0.000 366.147
0.000 0.000 0.000 768.340 578.400 0.000 804.498 0.000
0.000 500.719 447.022 664.933 999.457 0.000 0.000 0.000
967.842 888.321 0.000 0.000 0.000 0.000 0.000 997.785
0.000 0.000 423.152 474.717 551.180 308.872 0.000 821.468
734.121 537.274 889.410 0.000 715.652 0.000 831.233 0.000
0.000 443.263 344.368 0.000 0.000 367.724 388.961 482.453
821.312 0.000 788.829 686.571 0.000 360.764 0.000 0.000
723.522 926.275 0.000 0.000 0.000 0.000 0.000 866.569
0.000 413.376 881.313 355.990 0.000 628.360 654.284 918.407
0.000 460.342 0.000 0.000 504.912 0.000 0.000 0.000
669.343 800.295 0.000 963.843 0.000 0.000 0.000 970.339
994.585 480.575 879.408 0.000 932.060 809.275 573.928 910.517
0.000 0.000 0.000 902.554 0.000 493.539 0.000 922.450
480.912 0.000 0.000 465.612 0.000 363.595 0.000 390.678
853.829 0.000 0.000 370.114 854.580 497.269 0.000 690.296
331.289 0.000 715.850 0.000 0.000 974.086 634.475 654.770
0.000 0.000 900.281 0.000 0.000 452.558 730.133 0.000
0.000 0.000 0.000 848.907 0.000 0.000 0.000 0.000
862.027 0.000 773.435 636.977 576.805 0.000 0.000 0.000
524.803 0.000 928.634 708.586 0.000 0.000 0.000 564.513
560.565 821.606 0.000 488.202 771.972 0.000 777.577 0.000
885.720 0.000 0.000 0.000 0.000 0.000 0.000 999.076
0.000 0.000 701.309 923.677 365.691 0.000 987.862 723.591
0.000 723.802 477.492 0.000 988.273 443.347 0.000 447.954
0.000 0.000 0.000 0.000 955.466 426.118 0.000 0.000
938.327 0.000 0.000 603.330 397.762 560.295 0.000 0.000
677.231 0.000 501.011 804.068 0.000 0.000 0.000 0.000
373.738 0.000 990.091 0.000 0.000 0.000 518.699 0.000
303.924 927.786 0.000 0.000 0.000 0.000 756.510 819.778
366.845 0.000 0.000 0.000 735.573 364.374 0.000 308.534
312.479 599.577 947.062 968.882 476.446 419.420 554.256 400.987
0.000 737.321 0.000 0.000 748.890 334.368 0.000 635.870
732.341 783.145 0.000 0.000 893.860 840.301 0.000 921.904
0.000 610.414 0.000 0.000 682.990 352.287 707.118 461.873
666.637 0.000 0.000 823.452 0.000 377.605 312.140 648.193
0.000 0.000 0.000 561.152 571.580 682.269 644.983 729.925
0.000 425.849 0.000 0.000 883.222 0.000 0.000 770.805
689.609 628.696 742.736 786.683 0.000 971.503 987.906 0.000
822.236 0.000 898.415 0.000 816.822 0.000 0.000 0.000
0.000 0.000 0.000 736.937 495.591 0.000 0.000 0.000
943.436 909.563 0.000 722.935 590.104 307.630 603.019 0.000
468.351 0.000 0.000 0.000 0.000 529.268 412.705 0.000
0.000 873.725 0.000 0.000 935.259 714.120 0.000 685.761
875.156 588.511 583.231 0.000 0.000 925.648 940.147 0.000
648.773 335.645 806.895 798.083 541.035 315.131 0.000 0.000
548.934 904.405 0.000 0.000 0.000 0.000 919.842 0.000
682.152 899.806 0.000 0.000 0.000 373.061 985.451 508.981
0.000 599.625 798.396 591.537 955.577 392.203 0.000 0.000
764.658 0.000 372.609 468.349 779.338 450.791 0.000 0.000
697.214 0.000 0.000 0.000 744.544 0.000 0.000 0.000
0.000 509.802 0.000 0.000 0.000 630.599 671.396 0.000
0.000 916.608 0.000 607.608 658.423 641.568 0.000 0.000
810.169 863.063 508.812 677.473 0.000 960.949 866.639 924.188
0.000 0.000 970.004 605.873 588.589 523.150 344.610 0.000
0.000 0.000 874.027 825.564 0.000 424.306 704.813 329.522
0.000 0.000 0.000 0.000 0.000 908.244 559.447 326.183
940.933 0.000 0.000 320.244 0.000 0.000 790.845 0.000
401.274 0.000 556.936 0.000 964.487 830.041 0.000 479.748
0.000 0.000 549.560 0.000 0.000 645.497 449.903 0.000
0.000 0.000 432.657 0.000 0.000 0.000 0.000 973.589
0.000 0.000 0.000 0.000 0.000 573.774 0.000 0.000
771.578 0.000 0.000 0.000 816.904 0.000 332.353 0.000
984.793 0.000 779.201 681.927 764.006 456.121 757.054 0.000
0.000 0.000 0.000 0.000 740.878 0.000 875.755 0.000
699.818 0.000 0.000 733.186 759.201 0.000 582.229 0.000
0.000 0.000 0.000 0.000 0.000 0.000 779.399 341.128
0.000 896.750 683.566 784.966 0.000 0.000 0.000 0.000
0.000 437.194 0.000 572.683 670.353 0.000 758.156 572.154
658.930 0.000 685.972 0.000 0.000 0.000 512.610 326.981
0.000 0.000 374.633 0.000 525.037 0.000 349.198 0.000
625.671 406.492 0.000 0.000 0.000 0.000 0.000 430.044
369.515 478.270 0.000 0.000 0.000 0.000 303.126 720.532
373.605 0.000 945.209 0.000 0.000 960.719 907.477 0.000
429.765 0.000 0.000 766.375 861.990 861.244 440.683 543.974
0.000 0.000 829.681 0.000 975.945 498.245 999.689 0.000
0.000 0.000 345.580 859.841 621.451 643.278 0.000 383.154
440.104 600.285 0.000 906.492 0.000 0.000 637.176 881.037
0.000 989.634 0.000 0.000 0.000 0.000 728.191 0.000
580.221 972.654 302.229 0.000 0.000 0.000 0.000 403.421
753.216 0.000 0.000 853.077 885.380 0.000 581.749 418.117
0.000 454.260 931.359 502.385 0.000 0.000 0.000 765.640
0.000 0.000 0.000 862.686 441.567 524.820 0.000 653.417
0.000 0.000 714.789 0.000 417.277 0.000 0.000 0.000
0.000 0.000 0.000 851.354 0.000 508.279 336.648 0.000
0.000 930.011 0.000 0.000 305.564 872.950 631.096 0.000
0.000 0.000 615.400 0.000 0.000 428.258 658.849 677.578
905.187 472.655 452.367 0.000 828.686 978.913 498.361 0.000
0.000 784.311 0.000 626.551 0.000 0.000 0.000 0.000
0.000 539.106 0.000 0.000 0.000 0.000 561.862 0.000
0.000 762.779 375.070 0.000 0.000 0.000 547.340 947.604
0.000 990.203 0.000 0.000 0.000 0.000 0.000 685.389
828.922 0.000 0.000 850.013 0.000 0.000 788.858 0.000
901.792 477.886 0.000 0.000 0.000 0.000 568.987 0.000
0.000 970.199 866.693 0.000 0.000 534.729 525.734 365.080
924.758 476.480 979.242 0.000 0.000 861.333 776.890 0.000
0.000 0.000 0.000 767.905 850.349 0.000 0.000 891.343
354.714 0.000 424.467 638.164 382.269 0.000 0.000 840.369
0.000 642.711 0.000 672.462 674.844 0.000 0.000 0.000
336.524 425.215 833.246 0.000 0.000 728.528 0.000 0.000
940.614 507.127 728.609 0.000 552.644 518.811 744.919 0.000
0.000 0.000 809.546 0.000 375.916 442.448 0.000 823.289
0.000 0.000 484.612 460.651 0.000 919.225 0.000 908.026
0.000 0.000 0.000 0.000 653.740 424.187 0.000 532.879
0.000 720.373 356.800 485.202 347.526 625.176 926.530 0.000
532.617 0.000 0.000 0.000 542.247 0.000 457.815 616.486
0.000 0.000 523.731 0.000 0.000 0.000 0.000 0.000
703.231 371.524 0.000 851.932 0.000 0.000 782.322 471.381
0.000 0.000 0.000 0.000 639.738 513.336 0.000 551.229
765.565 305.307 386.859 533.016 501.539 0.000 0.000 0.000
900.800 0.000 0.000 0.000 895.512 366.502 0.000 0.000
393.042 778.360 0.000 911.583 310.213 0.000 0.000 0.000
0.000 458.120 564.372 0.000 717.867 644.075 626.159 0.000
0.000 0.000 770.997 0.000 0.000 0.000 0.000 650.604
0.000 0.000 0.000 636.573 445.451 0.000 0.000 963.452
474.607 397.097 679.535 0.000 502.971 363.133 0.000 0.000
0.000 466.446 917.725 0.000 974.767 0.000 0.000 0.000
0.000 0.000 770.464 491.748 0.000 0.000 0.000 0.000
604.409 0.000 0.000 0.000 0.000 886.973 0.000 0.000
0.000 0.000 349.934 0.000 0.000 702.120 759.911 907.244
694.525 300.419 882.430 857.714 0.000 0.000 0.000 734.710
0.000 0.000 444.138 0.000 0.000 0.000 420.745 778.602
341.847 603.718 0.000 0.000 0.000 0.000 0.000 0.000
0.000 902.593 0.000 0.000 0.000 0.000 0.000 0.000
0.000 663.827 833.134 0.000 995.682 0.000 0.000 401.417
0.000 0.000 0.000 0.000 678.051 426.680 914.808 954.536
0.000 419.110 883.955 316.175 0.000 0.000 657.650 0.000
0.000 962.782 737.276 0.000 0.000 0.000 0.000 0.000
0.000 936.587 421.552 561.414 832.188 339.749 0.000 0.000
0.000 347.892 322.414 638.281 489.295 0.000 870.953 0.000
982.523 870.575 397.654 813.627 342.641 0.000 0.000 601.642
788.739 0.000 0.000 547.899 410.045 0.000 0.000 536.110
0.000 735.568 488.923 343.887 590.176 970.994 0.000 0.000
0.000 0.000 760.958 819.579 0.000 722.993 0.000 0.000
0.000 412.437 702.316 433.586 0.000 704.114 0.000 732.949
0.000 0.000 973.242 0.000 0.000 0.000 0.000 645.660
503.860 747.894 368.589 746.478 0.000 797.803 557.869 0.000
0.000 938.900 748.402 811.043 0.000 0.000 557.864 0.000
0.000 489.199 0.000 755.270 0.000 703.295 0.000 483.691
985.060 352.211 790.099 0.000 0.000 0.000 437.436 873.642
420.322 0.000 557.758 0.000 836.912 584.905 635.590 0.000
0.000 0.000 0.000 0.000 748.256 0.000 413.892 378.591
0.000 0.000 0.000 0.000 901.340 0.000 0.000 0.000
0.000 0.000 609.458 0.000 0.000 0.000 0.000 0.000
0.000 588.546 0.000 706.888 562.074 0.000 645.847 0.000
341.916 0.000 476.680 500.151 0.000 601.555 0.000 0.000
604.114 530.976 668.228 0.000 680.358 662.138 0.000 793.943
0.000 0.000 0.000 939.520 737.270 404.381 0.000 354.659
351.547 301.734 548.831 0.000 0.000 887.923 0.000 0.000
818.043 0.000 0.000 0.000 0.000 0.000 0.000 440.980
762.484 0.000 0.000 0.000 517.195 387.554 634.735 450.892
0.000 0.000 716.170 0.000 0.000 0.000 0.000 0.000
0.000 0.000 340.978 933.888 0.000 0.000 0.000 393.988
0.000 0.000 764.095 0.000 0.000 0.000 877.819 973.410
0.000 427.235 0.000 955.114 639.949 551.856 449.521 420.189
424.151 0.000 0.000 835.634 725.261 0.000 515.074 548.905
513.511 0.000 351.017 594.774 0.000 464.379 636.811 714.551
831.205 0.000 327.683 0.000 479.476 392.903 655.809 0.000
0.000 0.000 776.839 0.000 0.000 0.000 0.000 844.750
0.000 717.975 919.356 0.000 950.557 552.352 0.000 0.000
910.887 739.638 0.000 735.120 0.000 0.000 746.428 387.360
0.000 0.000 918.654 763.569 467.280 687.101 866.847 0.000
347.047 957.575 683.290 0.000 969.707 0.000 0.000 313.251
854.061 0.000 960.568 675.088 688.627 494.888 0.000 0.000
0.000 0.000 663.360 591.563 0.000 0.000 964.882 0.000
926.717 0.000 0.000 0.000 0.000 723.157 593.135 906.349
0.000 561.187 620.493 0.000 0.000 326.036 469.591 488.844
531.964 505.190 494.190 0.000 0.000 0.000 614.659 427.306
621.354 0.000 382.058 0.000 684.328 0.000 606.873 673.654
814.205 0.000 687.820 0.000 878.439 0.000 0.000 563.278
300.367 0.000 0.000 0.000 512.432 861.265 0.000 955.700
527.583 0.000 908.434 655.068 0.000 992.955 0.000 0.000
801.643 382.738 681.922 690.068 809.968 307.825 419.927 360.083
0.000 505.456 0.000 380.408 0.000 0.000 893.781 686.561
0.000 762.054 343.363 0.000 386.065 551.024 458.803 0.000
0.000 0.000 0.000 0.000 0.000 0.000 900.277 765.591
556.485 0.000 584.807 620.577 0.000 0.000 894.302 0.000
366.040 0.000 751.591 638.946 0.000 315.342 905.527 980.465
555.589 532.086 0.000 0.000 435.688 895.083 0.000 846.664
0.000 0.000 698.030 0.000 0.000 552.539 441.649 0.000
0.000 0.000 302.561 411.380 304.065 0.000 0.000 0.000
0.000 601.814 0.000 0.000 478.980 0.000 956.725 0.000
0.000 651.236 921.048 0.000 0.000 860.315 707.932 0.000
596.012 651.535 0.000 0.000 0.000 0.000 0.000 940.361
972.680 0.000 569.672 0.000 359.811 0.000 0.000 593.625
0.000 0.000 0.000 819.515 499.060 0.000 361.393 439.151
405.413 0.000 304.899 0.000 0.000 0.000 0.000 0.000
821.478 0.000 0.000 535.259 369.971 0.000 822.366 0.000
339.139 844.225 0.000 0.000 783.011 565.503 304.698 373.420
952.492 657.298 0.000 0.000 975.939 490.313 974.093 0.000
761.197 901.069 0.000 328.076 820.389 958.374 568.203 0.000
0.000 683.193 0.000 0.000 0.000 0.000 585.757 0.000
978.771 0.000 0.000 0.000 0.000 0.000 541.639 414.476
0.000 0.000 0.000 584.462 0.000 0.000 0.000 0.000
903.188 648.661 0.000 0.000 0.000 581.872 0.000 696.202
667.634 741.027 0.000 662.878 829.263 751.225 303.323 529.513
418.387 703.300 565.903 0.000 0.000 472.318 772.133 0.000
0.000 697.775 0.000 371.248 818.889 0.000 0.000 827.774
738.131 0.000 0.000 712.673 0.000 0.000 0.000 0.000
721.476 0.000 723.132 0.000 0.000 0.000 976.586 641.066
627.874 0.000 0.000 942.769 0.000 804.331 0.000 0.000
0.000 0.000 0.000 427.600 541.714 650.137 0.000 0.000
753.582 0.000 402.557 636.468 0.000 995.521 0.000 330.430
725.622 0.000 571.678 0.000 694.938 312.353 0.000 0.000
842.480 557.149 527.894 582.102 0.000 0.000 752.019 0.000
0.000 0.000 409.465 630.663 0.000 0.000 921.090 0.000
343.268 0.000 0.000 0.000 0.000 880.595 0.000 660.959
0.000 624.654 410.544 0.000 0.000 0.000 835.653 357.745
0.000 518.568 943.428 0.000 0.000 798.196 0.000 0.000
0.000 826.005 794.765 337.468 888.280 0.000 792.744 620.955
774.339 0.000 0.000 587.137 544.300 651.668 882.836 429.348
336.850 680.931 0.000 939.335 336.852 0.000 595.364 0.000
687.710 0.000 880.978 782.229 0.000 671.629 877.440 0.000
399.298 877.550 0.000 0.000 0.000 0.000 693.954 984.994
802.516 0.000 809.748 0.000 0.000 505.349 604.632 969.421
989.508 0.000 870.624 905.661 737.074 0.000 0.000 498.877
0.000 630.390 0.000 0.000 0.000 372.761 0.000 0.000
0.000 0.000 515.332 470.800 721.930 0.000 0.000 377.193
0.000 631.076 402.864 0.000 978.878 508.787 551.539 469.670
688.223 476.898 0.000 741.508 948.710 542.972 836.011 0.000
668.349 694.242 639.009 451.810 357.040 0.000 544.060 0.000
823.498 324.726 617.166 0.000 0.000 781.169 0.000 0.000
0.000 738.815 686.484 0.000 0.000 623.875 0.000 652.595
471.155 301.259 617.968 0.000 408.951 875.196 0.000 561.489
748.172 0.000 0.000 763.884 0.000 0.000 981.742 0.000
753.989 0.000 0.000 956.444 0.000 0.000 0.000 0.000
0.000 865.097 0.000 0.000 496.175 809.496 0.000 0.000
829.658 0.000 0.000 0.000 0.000 338.426 623.699 0.000
474.633 816.661 0.000 0.000 704.003 900.538 0.000 542.225
841.012 363.572 958.825 612.048 0.000 0.000 0.000 0.000
926.148 385.377 0.000 0.000 0.000 724.914 509.449 668.340
994.645 0.000 0.000 0.000 409.122 0.000 0.000 0.000
477.700 0.000 892.391 579.229 0.000 0.000 876.494 669.999
887.990 0.000 0.000 0.000 954.024 0.000 0.000 771.633
770.561 387.638 0.000 454.474 0.000 0.000 830.486 0.000
0.000 652.392 764.516 0.000 610.087 0.000 0.000 720.764
0.000 559.472 447.254 0.000 486.034 341.214 0.000 760.270
383.202 0.000 585.236 666.809 0.000 0.000 0.000 0.000
887.964 0.000 0.000 0.000 928.326 0.000 0.000 409.555
587.927 0.000 0.000 941.658 315.039 0.000 585.695 0.000
0.000 619.101 0.000 442.623 0.000 0.000 0.000 675.153
375.286 0.000 0.000 0.000 0.000 0.000 670.392 0.000
0.000 727.069 576.290 0.000 396.055 811.305 688.496 0.000
0.000 712.353 0.000 386.503 399.774 0.000 0.000 303.174
0.000 665.310 0.000 0.000 562.670 397.717 0.000 0.000
0.000 0.000 394.917 744.760 424.641 758.403 490.004 0.000
757.154 530.173 681.583 350.539 0.000 0.000 708.708 784.128
0.000 0.000 0.000 672.783 378.312 370.990 0.000 833.887
0.000 964.411 0.000 977.391 425.048 0.000 0.000 426.599
0.000 403.814 0.000 0.000 683.827 439.905 0.000 0.000
0.000 0.000 476.907 968.206 768.403 0.000 389.661 0.000
0.000 0.000 686.738 0.000 0.000 938.765 0.000 0.000
356.149 0.000 0.000 0.000 718.025 546.354 0.000 760.377
308.866 0.000 910.404 912.965 992.830 0.000 0.000 365.936
0.000 0.000 0.000 0.000 0.000 0.000 0.000 569.598
517.227 0.000 0.000 363.392 625.657 844.780 514.372 0.000
0.000 343.402 0.000 0.000 0.000 0.000 0.000 0.000
633.788 331.949 0.000 412.592 642.543 945.518 0.000 484.224
0.000 0.000 491.910 0.000 616.913 0.000 671.407 333.977
0.000 837.113 0.000 0.000 0.000 901.138 919.597 0.000
0.000 694.193 919.133 341.888 806.907 0.000 968.564 0.000
0.000 523.877 0.000 0.000 369.734 480.354 810.692 0.000
0.000 0.000 712.311 0.000 300.993 0.000 686.015 306.770
