0.000 0.000 919.417 750.112 0.000 0.000 0.000 528.949
0.000 992.732 765.201 0.000 0.000 0.000 920.649 446.973
524.631 317.376 909.680 0.000 0.000 0.000 0.000 333.908
580.419 0.000 755.768 448.738 944.636 0.000 0.000 522.782
0.000 763.762 0.000 0.000 0.000 0.000 839.198 378.007
789.274 980.800 837.605 531.769 622.664 587.715 0.000 0.000
408.636 0.000 0.000 0.000 732.854 0.000 0.000 640.765
0.000 632.490 0.000 502.463 0.000 0.000 0.000 0.000
0.000 0.000 0.000 326.170 817.662 0.000 0.000 909.182
712.649 0.000 670.351 0.000 0.000 0.000 0.000 789.633
852.870 0.000 0.000 0.000 305.051 852.205 825.625 817.926
600.090 304.611 373.341 0.000 0.000 911.155 0.000 0.000
321.081 484.770 797.478 0.000 610.324 441.113 0.000 650.508
631.729 873.633 0.000 0.000 0.000 0.000 0.000 0.000
0.000 983.124 794.945 992.000 399.167 777.993 603.676 532.613
0.000 0.000 0.000 0.000 0.000 368.045 0.000 0.000
529.163 801.141 0.000 0.000 554.631 474.060 0.000 990.496
0.000 663.778 0.000 895.025 0.000 0.000 683.978 706.815
0.000 644.600 585.310 870.160 0.000 558.878 0.000 0.000
0.000 923.897 0.000 794.966 496.180 0.000 0.000 0.000
0.000 0.000 896.554 0.000 0.000 618.835 0.000 0.000
0.000 319.668 889.787 0.000 0.000 0.000 876.935 0.000
502.605 0.000 330.766 0.000 526.848 782.280 0.000 391.571
539.327 616.899 0.000 849.444 762.512 0.000 442.127 0.000
537.257 493.124 805.555 516.138 0.000 590.665 0.000 917.003
468.048 911.082 960.026 986.424 0.000 943.676 742.764 355.436
0.000 786.957 958.455 812.184 0.000 0.000 337.748 0.000
0.000 717.894 0.000 664.639 363.127 0.000 803.969 0.000
0.000 431.512 0.000 0.000 0.000 0.000 557.159 0.000
0.000 369.576 579.706 0.000 520.209 0.000 975.171 532.043
0.000 965.429 978.245 0.000 0.000 391.706 0.000 615.567
438.484 486.326 0.000 389.189 0.000 834.314 0.000 519.832
0.000 0.000 0.000 0.000 0.000 389.603 314.520 885.716
850.772 928.815 0.000 518.108 0.000 0.000 0.000 308.583
0.000 386.941 395.345 561.397 983.311 0.000 364.702 786.119
383.177 968.234 0.000 0.000 761.802 0.000 0.000 0.000
0.000 0.000 0.000 0.000 0.000 308.383 0.000 0.000
521.529 0.000 0.000 0.000 0.000 317.001 0.000 814.273
881.371 729.419 970.503 977.552 785.001 0.000 0.000 757.758
0.000 0.000 0.000 0.000 875.506 606.289 399.010 0.000
0.000 642.486 0.000 632.630 0.000 512.353 733.604 0.000
0.000 836.006 0.000 0.000 0.000 0.000 0.000 641.944
0.000 627.544 964.239 754.739 0.000 0.000 0.000 611.777
420.475 425.790 528.178 0.000 0.000 749.127 0.000 0.000
0.000 567.895 982.653 0.000 628.234 861.200 0.000 637.083
0.000 925.527 0.000 415.068 0.000 0.000 995.738 0.000
0.000 895.329 378.842 572.999 0.000 0.000 892.178 818.544
857.103 0.000 0.000 0.000 0.000 751.708 663.834 671.838
406.358 0.000 862.930 0.000 0.000 0.000 630.341 757.597
0.000 0.000 941.912 818.393 0.000 368.376 358.071 619.487
463.229 0.000 0.000 0.000 0.000 0.000 0.000 831.443
0.000 0.000 882.095 0.000 696.532 0.000 0.000 0.000
807.104 0.000 657.017 0.000 352.577 787.173 0.000 0.000
0.000 505.251 0.000 0.000 0.000 0.000 848.507 965.153
373.004 0.000 559.691 0.000 586.166 849.840 0.000 0.000
407.477 540.399 0.000 492.243 0.000 0.000 864.935 0.000
632.027 0.000 748.737 0.000 349.845 749.908 0.000 0.000
984.667 784.750 0.000 0.000 0.000 0.000 0.000 461.981
0.000 913.514 0.000 321.586 0.000 0.000 346.916 468.391
870.716 996.622 0.000 687.131 0.000 0.000 339.585 696.806
0.000 907.725 0.000 371.206 305.151 0.000 0.000 0.000
843.508 0.000 0.000 0.000 0.000 0.000 0.000 340.006
874.318 813.758 430.003 0.000 0.000 0.000 891.824 586.047
0.000 425.718 0.000 0.000 0.000 0.000 0.000 0.000
0.000 607.064 428.754 0.000 0.000 0.000 758.852 959.635
495.779 736.794 0.000 0.000 0.000 0.000 0.000 970.839
652.907 0.000 496.052 0.000 699.758 758.536 418.715 403.916
0.000 0.000 0.000 0.000 0.000 473.466 0.000 0.000
0.000 0.000 0.000 600.440 962.760 0.000 341.846 374.806
993.319 0.000 935.236 0.000 959.779 0.000 0.000 939.810
327.705 0.000 0.000 0.000 821.633 980.394 0.000 408.813
0.000 466.926 493.086 0.000 543.353 0.000 967.343 0.000
0.000 0.000 834.437 0.000 351.604 686.222 331.653 0.000
0.000 476.479 0.000 927.081 0.000 0.000 771.367 0.000
545.205 794.424 415.092 0.000 937.153 0.000 482.264 356.050
0.000 847.887 704.287 467.383 0.000 0.000 0.000 0.000
0.000 522.754 806.817 0.000 570.110 313.440 0.000 0.000
860.701 421.141 619.734 0.000 0.000 732.181 329.297 773.024
354.183 443.291 0.000 705.398 0.000 673.686 683.354 0.000
715.797 0.000 0.000 653.928 0.000 805.313 953.762 394.117
891.857 0.000 0.000 590.228 0.000 0.000 0.000 552.188
0.000 0.000 0.000 0.000 874.170 0.000 0.000 608.468
0.000 0.000 0.000 474.484 511.405 528.767 976.576 589.344
0.000 0.000 873.965 801.948 0.000 856.118 404.812 624.539
309.172 0.000 0.000 0.000 348.161 0.000 0.000 858.630
0.000 529.046 0.000 0.000 377.394 730.500 0.000 712.901
0.000 0.000 784.082 0.000 358.678 974.765 824.605 0.000
726.391 869.485 0.000 443.439 0.000 0.000 483.142 616.128
0.000 432.026 0.000 0.000 0.000 789.281 0.000 0.000
831.982 0.000 416.798 0.000 609.006 656.108 0.000 915.690
608.422 743.934 627.675 0.000 0.000 0.000 761.087 0.000
0.000 0.000 318.228 718.244 0.000 0.000 0.000 0.000
345.728 0.000 333.410 939.799 523.527 980.910 0.000 674.636
0.000 0.000 0.000 0.000 0.000 579.394 0.000 411.662
765.657 0.000 549.717 0.000 0.000 0.000 385.645 877.460
977.279 356.030 0.000 799.056 0.000 472.743 918.148 680.330
609.978 0.000 766.789 0.000 0.000 0.000 548.705 0.000
0.000 0.000 735.519 0.000 0.000 0.000 0.000 465.916
0.000 918.227 0.000 952.537 0.000 0.000 0.000 0.000
687.242 470.713 0.000 0.000 617.390 0.000 0.000 0.000
0.000 311.289 342.723 745.284 674.763 0.000 962.172 0.000
319.337 0.000 539.722 611.351 0.000 0.000 811.974 0.000
0.000 0.000 572.040 894.238 308.920 455.987 957.683 0.000
0.000 0.000 0.000 504.260 608.522 520.182 837.418 575.431
0.000 660.326 472.062 671.667 0.000 341.871 368.588 672.114
0.000 0.000 0.000 654.339 827.640 809.278 733.716 0.000
0.000 0.000 0.000 497.986 0.000 0.000 0.000 623.730
0.000 0.000 415.783 692.678 367.931 660.695 0.000 357.497
0.000 0.000 0.000 0.000 717.106 0.000 726.077 990.300
0.000 715.823 837.552 850.292 0.000 408.634 0.000 0.000
0.000 867.570 0.000 0.000 0.000 0.000 0.000 780.417
0.000 977.059 0.000 886.202 803.530 0.000 687.987 0.000
447.876 0.000 508.953 717.235 897.858 925.918 808.466 431.565
519.350 935.483 0.000 547.440 893.239 0.000 0.000 330.253
602.400 0.000 0.000 0.000 555.219 777.076 461.461 0.000
393.992 0.000 441.436 545.464 765.717 0.000 655.192 0.000
0.000 378.833 610.443 0.000 635.083 0.000 840.873 0.000
998.325 0.000 635.128 0.000 594.810 458.598 0.000 430.701
617.330 0.000 0.000 0.000 0.000 0.000 0.000 869.332
0.000 622.226 0.000 0.000 0.000 994.644 386.974 0.000
306.609 0.000 696.191 0.000 532.029 672.987 857.890 0.000
764.490 0.000 696.396 0.000 814.807 0.000 826.755 0.000
0.000 338.658 833.588 0.000 764.750 601.641 944.547 644.472
444.517 0.000 0.000 689.700 484.920 756.848 469.094 0.000
0.000 0.000 466.508 0.000 412.284 0.000 0.000 0.000
0.000 467.471 473.357 0.000 479.137 446.615 0.000 355.961
0.000 570.620 0.000 0.000 680.103 647.957 0.000 441.165
0.000 495.477 0.000 0.000 0.000 425.584 0.000 0.000
0.000 0.000 0.000 0.000 893.700 409.034 0.000 517.515
388.909 436.805 555.146 0.000 409.149 311.181 699.255 0.000
869.209 0.000 402.682 614.544 0.000 0.000 0.000 0.000
0.000 630.596 958.384 0.000 650.300 0.000 0.000 649.395
782.580 0.000 919.207 385.460 0.000 362.139 726.894 784.838
743.132 0.000 0.000 730.004 457.852 0.000 449.622 0.000
833.885 0.000 949.840 957.414 0.000 0.000 0.000 0.000
999.383 686.820 452.002 0.000 0.000 961.325 752.146 0.000
0.000 644.195 678.559 327.415 0.000 693.830 0.000 773.783
0.000 0.000 0.000 0.000 723.634 631.613 0.000 0.000
0.000 0.000 0.000 0.000 0.000 501.467 0.000 0.000
0.000 0.000 341.636 555.660 0.000 670.770 0.000 0.000
0.000 440.306 962.454 0.000 0.000 0.000 0.000 583.741
723.867 0.000 0.000 547.341 0.000 818.476 809.084 0.000
0.000 0.000 0.000 0.000 489.918 0.000 0.000 489.388
0.000 710.912 0.000 0.000 950.895 0.000 0.000 0.000
999.566 952.122 0.000 0.000 0.000 575.820 0.000 470.281
0.000 0.000 572.138 315.783 0.000 0.000 335.864 0.000
771.507 0.000 0.000 820.677 0.000 571.608 0.000 0.000
754.936 0.000 0.000 0.000 0.000 0.000 0.000 0.000
604.127 803.392 0.000 0.000 0.000 0.000 892.549 694.499
937.448 594.300 480.448 429.101 735.122 623.759 475.074 0.000
0.000 0.000 0.000 0.000 470.315 0.000 554.346 720.716
923.125 0.000 558.064 0.000 519.723 0.000 679.012 0.000
432.399 0.000 0.000 408.776 0.000 485.886 718.695 0.000
719.620 716.795 712.306 536.362 0.000 0.000 0.000 0.000
388.806 0.000 0.000 829.171 830.467 683.001 305.384 0.000
0.000 923.650 0.000 544.880 0.000 0.000 588.088 0.000
0.000 472.947 852.341 0.000 683.077 0.000 0.000 0.000
756.650 0.000 0.000 375.007 493.103 778.842 883.834 518.855
666.700 780.983 0.000 557.781 0.000 0.000 987.651 0.000
348.949 327.004 597.292 0.000 0.000 517.443 0.000 770.588
0.000 802.611 544.651 671.486 301.064 0.000 0.000 333.591
999.612 0.000 945.092 0.000 0.000 795.799 801.218 971.305
0.000 0.000 477.681 0.000 0.000 735.717 622.049 949.860
577.699 617.807 965.631 0.000 0.000 0.000 0.000 797.909
0.000 0.000 0.000 0.000 0.000 0.000 715.225 714.394
0.000 0.000 0.000 470.234 502.991 381.300 0.000 0.000
0.000 611.767 0.000 592.172 361.999 0.000 550.215 846.695
640.832 0.000 603.834 795.333 0.000 0.000 0.000 507.378
592.115 645.262 729.033 788.174 0.000 0.000 0.000 555.844
620.430 0.000 409.556 0.000 0.000 426.186 0.000 0.000
0.000 858.984 888.629 390.170 0.000 0.000 498.915 464.091
0.000 505.227 0.000 606.751 645.606 0.000 693.004 514.875
672.573 0.000 0.000 390.186 0.000 0.000 493.546 920.033
0.000 838.019 0.000 982.261 636.703 488.868 0.000 449.191
329.976 0.000 0.000 0.000 439.783 0.000 856.354 590.553
0.000 799.019 358.555 0.000 476.178 513.546 0.000 345.809
864.620 0.000 366.444 0.000 560.785 678.914 0.000 306.572
380.400 489.701 685.917 0.000 543.205 0.000 638.405 0.000
0.000 0.000 0.000 678.602 893.581 582.000 0.000 0.000
863.030 863.065 459.320 0.000 895.881 811.559 869.483 430.601
0.000 0.000 364.343 611.516 0.000 0.000 0.000 535.740
0.000 808.970 0.000 0.000 0.000 0.000 0.000 0.000
0.000 873.885 318.228 0.000 0.000 696.474 0.000 0.000
791.327 0.000 813.080 0.000 346.549 0.000 0.000 533.752
0.000 862.109 761.850 669.616 0.000 0.000 0.000 788.735
0.000 0.000 0.000 911.989 704.722 0.000 682.519 408.390
373.890 725.768 482.454 683.565 559.980 878.738 0.000 624.727
0.000 0.000 0.000 747.808 0.000 575.054 866.170 0.000
950.921 0.000 0.000 987.069 0.000 475.375 0.000 0.000
0.000 974.031 0.000 522.687 0.000 0.000 0.000 0.000
613.902 0.000 420.264 0.000 0.000 0.000 615.275 0.000
605.915 0.000 497.680 582.728 946.300 474.835 0.000 602.854
0.000 686.115 0.000 385.625 0.000 0.000 0.000 593.636
0.000 925.514 0.000 994.593 0.000 0.000 776.212 623.663
0.000 579.188 0.000 888.511 315.838 590.861 0.000 0.000
300.930 839.445 0.000 456.105 0.000 0.000 491.660 0.000
0.000 0.000 648.199 420.877 0.000 898.016 0.000 0.000
804.817 713.150 0.000 0.000 388.925 912.145 0.000 0.000
447.187 908.904 854.399 0.000 968.506 0.000 697.104 645.433
0.000 889.609 0.000 381.682 0.000 0.000 938.885 0.000
415.835 511.762 0.000 407.421 603.230 0.000 682.045 438.549
0.000 318.048 950.634 0.000 0.000 0.000 900.148 955.916
907.647 889.240 516.394 0.000 0.000 0.000 993.365 0.000
430.284 446.492 0.000 0.000 717.664 618.063 760.527 0.000
911.890 430.754 338.199 0.000 877.630 934.834 583.689 0.000
0.000 710.040 952.896 699.365 0.000 936.663 0.000 859.199
458.496 410.943 0.000 0.000 0.000 0.000 0.000 428.900
0.000 743.864 984.978 0.000 771.731 432.855 0.000 0.000
611.922 0.000 0.000 597.113 0.000 0.000 585.775 735.477
0.000 797.911 540.411 970.608 589.584 758.027 621.982 492.783
0.000 0.000 0.000 0.000 0.000 336.095 0.000 589.535
0.000 0.000 0.000 0.000 0.000 480.583 337.739 0.000
0.000 601.731 750.967 314.980 0.000 0.000 715.506 0.000
0.000 0.000 0.000 710.658 0.000 922.752 0.000 308.496
0.000 395.909 0.000 0.000 0.000 401.762 386.383 576.256
0.000 0.000 0.000 679.513 444.834 305.274 0.000 782.612
554.662 0.000 0.000 0.000 0.000 957.709 372.145 640.577
0.000 0.000 357.675 0.000 764.044 0.000 756.590 605.885
0.000 0.000 397.153 682.057 0.000 0.000 315.154 518.438
0.000 0.000 0.000 0.000 0.000 645.214 0.000 630.252
0.000 904.060 0.000 899.971 0.000 0.000 0.000 661.611
0.000 690.310 0.000 0.000 910.817 820.986 0.000 868.740
0.000 0.000 880.513 942.754 0.000 314.316 708.606 646.525
0.000 902.457 0.000 583.384 773.004 0.000 0.000 435.396
324.980 0.000 725.352 942.169 0.000 0.000 538.770 0.000
0.000 333.869 899.656 579.892 791.153 985.515 691.495 0.000
0.000 426.285 0.000 0.000 814.188 680.248 0.000 0.000
0.000 0.000 693.183 373.136 0.000 0.000 0.000 834.448
0.000 0.000 0.000 613.284 567.661 0.000 0.000 917.723
0.000 946.950 541.099 472.562 0.000 0.000 0.000 464.727
0.000 0.000 0.000 0.000 786.577 0.000 0.000 0.000
0.000 399.187 0.000 315.500 0.000 0.000 480.375 0.000
438.884 0.000 0.000 433.900 0.000 0.000 0.000 0.000
0.000 0.000 395.904 794.881 601.251 798.700 483.274 0.000
617.478 707.232 777.566 0.000 960.199 0.000 0.000 893.302
0.000 0.000 734.090 0.000 0.000 704.618 0.000 699.742
518.787 0.000 803.849 0.000 0.000 0.000 897.451 565.867
0.000 0.000 979.815 639.847 0.000 0.000 0.000 0.000
0.000 0.000 0.000 0.000 370.256 0.000 0.000 547.896
0.000 0.000 726.219 0.000 375.985 634.264 550.506 428.022
674.320 0.000 987.001 0.000 686.793 532.381 583.446 0.000
901.828 0.000 586.766 745.617 0.000 0.000 371.899 0.000
0.000 921.031 460.571 961.651 488.031 391.399 0.000 993.789
0.000 0.000 452.393 0.000 943.537 737.543 0.000 0.000
797.267 0.000 806.111 348.841 616.365 690.365 0.000 669.322
339.176 0.000 879.134 529.926 0.000 0.000 445.864 0.000
371.214 0.000 498.707 319.504 0.000 719.956 706.194 848.767
0.000 410.880 976.500 970.070 0.000 468.664 0.000 0.000
460.519 0.000 0.000 0.000 0.000 444.840 604.156 722.254
847.864 0.000 0.000 875.471 437.603 448.591 767.080 0.000
0.000 0.000 825.341 326.300 0.000 0.000 0.000 543.744
0.000 0.000 0.000 911.376 0.000 0.000 947.171 681.364
0.000 0.000 796.278 0.000 340.299 746.960 312.215 773.652
0.000 674.336 0.000 795.565 0.000 0.000 496.084 0.000
0.000 599.213 897.733 871.441 0.000 0.000 0.000 700.134
484.774 682.343 0.000 399.982 0.000 436.114 0.000 0.000
634.712 672.261 0.000 0.000 926.007 0.000 768.665 504.353
554.953 396.280 752.182 799.620 367.147 0.000 0.000 0.000
349.632 0.000 0.000 810.503 0.000 0.000 0.000 310.657
0.000 705.154 445.180 0.000 900.845 512.616 0.000 0.000
498.227 725.550 343.077 0.000 548.439 0.000 816.182 486.863
0.000 718.121 407.212 770.855 0.000 898.609 0.000 0.000
0.000 0.000 0.000 0.000 882.499 0.000 0.000 411.825
339.233 897.131 972.038 0.000 988.923 0.000 855.343 912.864
0.000 316.433 0.000 635.208 476.539 344.717 0.000 710.729
379.501 0.000 912.879 0.000 0.000 0.000 0.000 332.352
0.000 828.183 730.140 0.000 0.000 0.000 0.000 948.570
427.046 0.000 405.115 596.510 0.000 0.000 0.000 683.471
719.904 526.795 541.140 858.876 0.000 565.143 565.898 600.491
664.911 0.000 912.859 991.942 0.000 0.000 780.445 0.000
0.000 0.000 0.000 0.000 0.000 453.650 0.000 0.000
0.000 612.114 0.000 543.880 305.694 417.881 0.000 884.267
837.265 513.502 0.000 0.000 414.854 0.000 333.314 0.000
0.000 0.000 519.227 0.000 955.154 0.000 430.552 525.562
420.562 541.978 678.287 314.241 0.000 553.021 0.000 0.000
688.921 0.000 0.000 552.000 0.000 573.049 506.896 0.000
0.000 939.747 682.580 0.000 451.065 0.000 0.000 0.000
0.000 0.000 0.000 747.094 803.730 0.000 0.000 0.000
0.000 0.000 0.000 729.169 0.000 482.811 0.000 979.196
0.000 0.000 745.531 370.965 457.935 956.431 0.000 0.000
859.875 727.657 0.000 813.763 0.000 0.000 0.000 827.691
0.000 0.000 0.000 0.000 0.000 654.245 0.000 0.000
0.000 0.000 0.000 832.305 778.772 957.481 381.606 0.000
896.001 347.351 598.215 714.085 0.000 0.000 749.333 759.046
726.333 0.000 0.000 967.573 0.000 0.000 847.595 0.000
0.000 753.934 653.075 0.000 0.000 383.441 743.693 902.228
311.664 0.000 375.560 0.000 0.000 0.000 924.862 0.000
0.000 0.000 0.000 0.000 0.000 427.469 0.000 0.000
0.000 322.472 950.910 0.000 329.836 0.000 0.000 433.107
0.000 0.000 0.000 0.000 736.849 359.451 0.000 799.863
0.000 0.000 0.000 504.385 0.000 876.692 0.000 924.523
0.000 0.000 0.000 756.684 489.142 478.647 569.929 878.735
381.283 0.000 0.000 374.366 317.673 0.000 0.000 724.698
0.000 723.098 595.800 0.000 586.480 0.000 342.317 987.108
0.000 688.087 856.217 0.000 775.878 0.000 475.550 781.073
0.000 365.941 561.548 709.743 0.000 599.302 0.000 0.000
907.041 487.551 961.194 0.000 0.000 486.032 539.595 0.000
776.250 0.000 738.034 347.575 477.721 0.000 541.970 0.000
0.000 0.000 0.000 645.500 0.000 903.447 964.550 0.000
0.000 507.877 0.000 665.701 0.000 881.665 0.000 858.686
649.564 0.000 753.170 0.000 0.000 0.000 0.000 353.143
0.000 823.358 0.000 764.440 766.469 0.000 736.152 778.362
739.572 726.074 0.000 758.788 0.000 999.883 591.198 696.314
701.474 0.000 410.523 0.000 352.175 781.217 0.000 0.000
620.658 0.000 0.000 313.086 0.000 419.989 666.854 0.000
334.068 0.000 0.000 0.000 0.000 917.530 0.000 0.000
742.390 843.528 571.911 652.478 975.748 0.000 0.000 776.366
0.000 849.759 0.000 817.825 0.000 594.749 412.963 396.030
0.000 0.000 334.846 0.000 412.092 833.480 0.000 981.733
783.277 979.810 0.000 0.000 899.203 485.388 737.524 0.000
418.996 0.000 0.000 0.000 0.000 0.000 997.219 940.860
860.642 0.000 472.909 781.435 0.000 0.000 438.705 356.215
0.000 552.582 0.000 0.000 717.732 0.000 674.856 0.000
877.285 0.000 384.088 937.507 0.000 0.000 357.315 620.628
407.931 486.163 0.000 633.589 769.066 0.000 936.009 968.824
971.703 0.000 0.000 919.324 373.643 0.000 634.719 713.665
320.960 0.000 0.000 730.870 382.521 0.000 0.000 573.556
986.052 980.842 653.757 721.103 0.000 0.000 0.000 840.313
0.000 0.000 810.011 0.000 727.088 0.000 0.000 924.939
815.523 0.000 0.000 669.350 0.000 812.780 731.714 0.000
0.000 0.000 0.000 0.000 0.000 0.000 0.000 397.247
0.000 0.000 387.972 0.000 0.000 688.846 0.000 0.000
0.000 928.786 506.262 0.000 0.000 907.289 0.000 579.476
922.772 0.000 588.603 778.078 0.000 0.000 322.957 810.542
0.000 498.063 0.000 753.109 828.957 658.565 714.122 681.693
963.370 0.000 0.000 0.000 0.000 958.315 0.000 0.000
0.000 662.724 0.000 0.000 443.586 555.934 372.002 894.055
0.000 0.000 328.706 604.634 0.000 664.568 693.930 503.971
945.336 324.539 0.000 905.319 888.572 856.893 509.267 0.000
760.297 0.000 0.000 0.000 0.000 351.909 419.221 0.000
723.288 0.000 446.994 0.000 339.128 0.000 628.515 463.362
0.000 0.000 0.000 0.000 0.000 0.000 0.000 562.989
0.000 633.803 0.000 0.000 522.839 0.000 893.919 0.000
530.701 494.914 356.017 0.000 584.291 380.240 0.000 682.595
632.662 0.000 0.000 0.000 0.000 0.000 0.000 410.676
0.000 922.793 0.000 650.479 0.000 832.683 851.568 0.000
537.117 0.000 0.000 0.000 796.085 0.000 0.000 851.872
517.775 652.314 0.000 0.000 388.691 0.000 0.000 0.000
410.011 529.465 0.000 861.367 0.000 0.000 0.000 616.102
670.287 582.567 321.070 523.230 784.512 0.000 620.298 0.000
589.958 0.000 382.037 0.000 0.000 0.000 0.000 0.000
906.616 593.050 883.618 0.000 0.000 860.911 0.000 556.380
0.000 540.958 0.000 564.770 0.000 0.000 0.000 898.148
480.507 504.755 0.000 768.763 579.398 324.771 331.224 0.000
0.000 0.000 0.000 0.000 751.238 946.154 364.093 516.699
710.247 0.000 414.243 921.063 0.000 0.000 0.000 785.120
0.000 0.000 861.591 0.000 0.000 952.131 948.109 300.754
0.000 936.683 987.742 0.000 721.424 506.075 619.804 483.985
0.000 368.091 515.139 0.000 985.766 835.657 0.000 0.000
0.000 0.000 0.000 0.000 0.000 0.000 0.000 857.762
0.000 0.000 0.000 304.126 0.000 0.000 542.170 0.000
0.000 946.491 0.000 855.139 520.447 536.947 698.665 916.355
0.000 0.000 927.242 0.000 890.213 319.907 0.000 0.000
0.000 972.573 0.000 0.000 0.000 0.000 0.000 0.000
0.000 599.076 0.000 0.000 0.000 0.000 703.674 0.000
839.599 669.684 0.000 567.009 844.194 537.297 319.080 405.198
663.559 635.124 356.903 998.370 0.000 579.320 405.470 942.590
635.733 758.423 617.181 0.000 703.514 0.000 489.169 882.320
599.831 0.000 869.600 849.888 0.000 0.000 0.000 632.537
0.000 848.964 842.184 646.868 0.000 0.000 467.051 589.462
0.000 640.756 0.000 878.754 972.191 0.000 0.000 435.224
813.403 0.000 424.954 0.000 0.000 537.236 0.000 0.000
390.494 0.000 0.000 953.863 920.234 0.000 465.291 761.758
0.000 0.000 736.238 0.000 474.833 0.000 857.434 0.000
781.807 724.465 0.000 712.482 786.428 674.728 0.000 823.432
388.627 0.000 898.100 0.000 413.121 0.000 0.000 0.000
882.284 791.181 0.000 0.000 0.000 968.481 0.000 319.099
0.000 999.966 587.749 0.000 0.000 0.000 0.000 0.000
0.000 0.000 0.000 0.000 312.234 476.647 0.000 0.000
529.543 0.000 379.481 0.000 0.000 0.000 0.000 337.719
0.000 0.000 415.947 333.526 0.000 0.000 0.000 0.000
0.000 649.733 314.666 0.000 0.000 0.000 959.386 602.658
362.763 645.354 0.000 878.420 908.956 0.000 982.461 0.000
480.068 0.000 0.000 0.000 0.000 0.000 809.792 371.283
0.000 300.444 0.000 970.081 836.241 0.000 0.000 0.000
0.000 442.299 814.393 0.000 0.000 0.000 0.000 0.000
0.000 0.000 0.000 539.085 0.000 0.000 0.000 0.000
602.667 0.000 482.882 822.824 0.000 406.008 682.806 0.000
455.307 0.000 710.124 912.254 0.000 702.545 749.253 504.981
345.578 0.000 440.433 0.000 378.803 0.000 0.000 645.067
0.000 0.000 419.373 393.609 0.000 0.000 671.557 535.126
0.000 0.000 727.929 324.684 553.156 0.000 809.753 688.565
0.000 0.000 391.757 0.000 0.000 458.172 0.000 0.000
732.203 645.871 797.998 355.590 0.000 934.429 592.887 0.000
797.442 673.210 0.000 0.000 498.976 688.412 0.000 351.385
745.097 0.000 0.000 0.000 503.425 801.108 0.000 643.002
0.000 912.403 0.000 0.000 0.000 0.000 532.655 560.417
970.691 0.000 914.490 0.000 408.225 893.018 0.000 980.543
0.000 875.095 976.628 0.000 552.441 707.656 0.000 0.000
0.000 0.000 0.000 466.689 438.753 0.000 0.000 379.822
0.000 0.000 0.000 844.370 0.000 916.428 0.000 0.000
825.319 0.000 876.503 0.000 0.000 449.665 0.000 856.946
0.000 803.469 0.000 438.213 0.000 957.088 0.000 0.000
0.000 664.250 339.604 969.648 0.000 0.000 0.000 694.154
775.427 0.000 0.000 956.914 762.545 779.993 0.000 551.875
838.820 0.000 700.465 0.000 332.988 641.848 334.082 0.000
0.000 0.000 327.385 0.000 0.000 654.616 0.000 862.442
975.564 0.000 849.781 0.000 0.000 497.878 0.000 412.257
0.000 772.567 550.739 0.000 0.000 0.000 0.000 0.000
0.000 549.034 828.914 800.147 0.000 774.699 0.000 984.087
760.638 0.000 665.256 930.319 0.000 575.561 0.000 0.000
535.389 0.000 0.000 911.413 0.000 562.906 514.758 0.000
0.000 0.000 0.000 0.000 0.000 847.901 588.717 0.000
538.159 0.000 509.074 705.122 905.106 937.419 813.379 0.000
675.011 0.000 0.000 0.000 0.000 0.000 756.752 0.000
0.000 857.313 973.857 742.796 0.000 366.215 0.000 0.000
627.470 0.000 607.979 0.000 824.131 932.534 533.502 537.999
0.000 466.998 974.631 0.000 387.949 566.288 0.000 0.000
0.000 418.324 0.000 718.304 0.000 748.171 0.000 959.963
849.048 633.936 432.595 701.856 795.131 342.916 697.944 0.000
0.000 0.000 307.607 0.000 907.443 896.037 0.000 408.113
0.000 822.454 0.000 596.382 0.000 0.000 336.340 710.081
741.642 0.000 0.000 544.113 0.000 699.200 980.556 0.000
383.599 760.642 634.573 565.229 548.023 0.000 0.000 0.000
0.000 0.000 0.000 0.000 0.000 0.000 548.379 839.094
0.000 639.854 0.000 477.377 0.000 549.620 0.000 0.000
0.000 404.179 0.000 701.124 501.125 0.000 527.618 0.000
694.530 635.383 388.060 0.000 950.332 0.000 0.000 0.000
983.608 0.000 0.000 0.000 468.553 0.000 0.000 0.000
0.000 843.862 336.262 0.000 0.000 0.000 0.000 426.166
0.000 0.000 963.429 0.000 0.000 0.000 967.537 0.000
0.000 0.000 823.513 0.000 846.966 0.000 409.494 0.000
0.000 0.000 767.954 890.674 0.000 0.000 0.000 0.000
0.000 0.000 0.000 759.342 423.931 511.022 832.378 0.000
835.363 500.507 862.052 423.998 521.468 0.000 0.000 0.000
0.000 0.000 828.713 0.000 0.000 0.000 0.000 0.000
816.339 829.584 690.057 971.354 732.584 938.017 842.718 594.478
651.963 0.000 0.000 0.000 353.250 494.675 493.829 0.000
356.564 612.852 0.000 0.000 656.181 0.000 901.004 0.000
820.607 0.000 0.000 702.127 0.000 0.000 0.000 426.044
0.000 446.376 0.000 0.000 0.000 364.925 0.000 0.000
0.000 0.000 671.039 382.518 0.000 759.533 382.474 989.986
0.000 908.932 571.620 948.494 0.000 924.093 0.000 0.000
344.375 0.000 0.000 0.000 758.843 0.000 0.000 922.611
0.000 0.000 448.709 0.000 405.797 0.000 0.000 992.350
0.000 0.000 600.273 0.000 0.000 0.000 0.000 0.000
0.000 0.000 684.778 0.000 0.000 0.000 451.963 0.000
0.000 840.177 0.000 0.000 722.357 0.000 0.000 730.860
0.000 0.000 0.000 995.203 0.000 0.000 0.000 0.000
0.000 0.000 529.220 459.825 0.000 0.000 0.000 0.000
0.000 654.368 0.000 0.000 0.000 0.000 880.766 877.551
508.565 0.000 0.000 0.000 596.494 984.496 0.000 702.247
0.000 0.000 0.000 491.848 0.000 0.000 894.521 767.270
447.829 0.000 0.000 0.000 0.000 656.135 573.062 555.954
0.000 0.000 314.194 676.960 0.000 657.878 0.000 0.000
0.000 601.388 544.699 0.000 848.532 887.253 0.000 0.000
0.000 0.000 0.000 393.286 510.941 0.000 658.216 350.821
467.222 0.000 0.000 623.287 0.000 820.486 0.000 0.000
0.000 0.000 0.000 561.407 556.204 0.000 832.117 0.000
718.828 410.305 989.142 0.000 375.298 754.216 0.000 0.000
557.759 0.000 467.820 320.504 970.497 893.216 318.673 776.229
0.000 819.454 808.957 816.564 319.936 0.000 0.000 895.076
0.000 0.000 0.000 0.000 0.000 771.776 0.000 0.000
396.277 394.773 595.377 570.042 0.000 665.913 0.000 601.102
595.159 596.573 0.000 624.182 0.000 831.966 0.000 880.924
478.945 0.000 451.284 0.000 0.000 786.621 0.000 0.000
472.634 928.226 0.000 0.000 530.055 0.000 0.000 0.000
554.662 0.000 817.370 0.000 417.012 0.000 0.000 541.293
0.000 935.630 0.000 784.828 869.241 906.607 0.000 0.000
0.000 556.636 0.000 383.032 0.000 0.000 735.485 0.000
0.000 557.657 0.000 675.537 0.000 870.286 424.988 0.000
988.967 0.000 464.111 935.520 533.944 603.186 0.000 862.275
0.000 0.000 899.489 733.100 0.000 0.000 796.469 0.000
357.879 528.832 0.000 0.000 0.000 358.063 0.000 447.968
0.000 0.000 0.000 420.583 992.130 670.529 0.000 0.000
0.000 761.362 790.015 0.000 0.000 0.000 631.379 0.000
734.309 0.000 0.000 323.953 474.245 484.749 997.736 567.064
804.808 0.000 610.294 933.055 538.858 0.000 0.000 495.472
0.000 399.004 390.068 0.000 724.038 656.203 817.255 0.000
468.914 426.320 0.000 0.000 816.427 692.979 488.161 0.000
860.367 0.000 966.197 944.843 0.000 0.000 0.000 457.463
0.000 0.000 0.000 0.000 0.000 750.275 0.000 0.000
523.576 0.000 0.000 0.000 685.678 0.000 0.000 334.825
0.000 0.000 0.000 0.000 674.728 0.000 0.000 0.000
407.611 0.000 322.839 707.758 548.396 0.000 0.000 931.362
373.925 0.000 502.362 368.710 825.587 820.749 984.249 450.746
370.757 0.000 0.000 0.000 792.791 0.000 411.521 0.000
875.284 0.000 0.000 0.000 0.000 0.000 0.000 893.916
839.031 548.376 0.000 917.754 0.000 0.000 0.000 0.000
0.000 0.000 988.145 0.000 0.000 0.000 0.000 991.910
747.691 0.000 0.000 0.000 502.751 0.000 517.749 815.324
935.839 542.687 0.000 990.237 0.000 796.422 367.664 353.832
0.000 0.000 942.391 0.000 0.000 0.000 0.000 0.000
0.000 0.000 0.000 0.000 0.000 0.000 0.000 843.666
0.000 656.094 0.000 0.000 0.000 0.000 0.000 0.000
774.073 311.293 374.409 0.000 921.688 0.000 653.926 335.440
755.356 534.799 0.000 0.000 566.446 856.831 0.000 0.000
958.588 504.318 0.000 0.000 865.910 584.798 466.801 559.622
952.034 920.923 523.007 0.000 0.000 0.000 461.812 0.000
548.920 711.399 434.328 0.000 0.000 0.000 0.000 0.000
390.984 0.000 504.766 0.000 0.000 761.783 508.859 644.102
0.000 524.254 0.000 0.000 0.000 0.000 884.106 979.155
313.540 911.962 0.000 0.000 816.797 0.000 728.557 0.000
0.000 0.000 0.000 474.186 670.578 624.940 0.000 0.000
0.000 0.000 781.525 375.857 811.413 343.010 977.540 0.000
0.000 473.814 666.591 512.978 0.000 442.284 0.000 584.033
0.000 864.933 0.000 853.360 0.000 0.000 409.881 385.945
0.000 0.000 0.000 910.273 612.069 840.715 533.385 585.747
356.310 0.000 514.066 0.000 427.116 0.000 0.000 601.150
906.196 973.079 621.208 718.727 854.900 345.326 911.428 993.031
