503.060 0.000 948.898 923.955 679.887 374.873 0.000 763.013
866.573 985.898 0.000 0.000 634.575 0.000 0.000 447.722
520.317 0.000 0.000 0.000 0.000 0.000 0.000 798.387
813.979 0.000 0.000 0.000 774.587 0.000 998.331 483.154
410.832 0.000 0.000 0.000 677.469 0.000 890.521 0.000
0.000 879.998 590.956 0.000 0.000 0.000 0.000 866.320
0.000 888.037 0.000 764.868 0.000 0.000 838.726 0.000
0.000 901.956 722.260 974.950 0.000 523.845 631.755 883.630
0.000 409.181 0.000 0.000 357.332 0.000 0.000 658.359
0.000 0.000 0.000 484.407 0.000 305.059 0.000 892.216
0.000 0.000 878.192 0.000 0.000 918.039 0.000 385.499
0.000 0.000 716.192 447.344 0.000 0.000 765.594 794.075
0.000 846.100 0.000 0.000 0.000 0.000 0.000 967.204
0.000 0.000 0.000 454.466 0.000 338.450 432.075 847.001
894.994 0.000 905.883 0.000 0.000 0.000 0.000 0.000
950.913 536.338 0.000 842.487 0.000 0.000 616.324 506.642
0.000 985.203 0.000 415.997 0.000 0.000 820.754 0.000
0.000 0.000 0.000 634.023 548.690 0.000 0.000 0.000
310.821 845.974 442.016 0.000 0.000 0.000 0.000 678.718
560.895 0.000 401.270 0.000 0.000 0.000 937.920 731.890
784.684 360.393 718.143 956.979 823.707 0.000 844.018 0.000
375.655 0.000 861.776 976.653 0.000 0.000 0.000 0.000
622.307 871.599 484.855 0.000 349.669 0.000 0.000 0.000
881.674 424.329 572.739 809.531 861.927 643.142 437.534 440.211
783.589 0.000 0.000 654.236 887.657 534.560 496.747 0.000
0.000 0.000 866.012 617.457 312.901 569.125 473.993 0.000
918.411 0.000 0.000 985.336 592.621 599.208 529.671 478.798
449.348 830.154 0.000 0.000 389.388 339.735 0.000 0.000
696.879 386.195 728.288 0.000 0.000 473.998 0.000 336.926
416.049 0.000 0.000 0.000 842.535 0.000 0.000 467.774
0.000 843.434 632.651 0.000 0.000 333.056 0.000 567.983
0.000 686.244 0.000 0.000 892.388 0.000 995.444 623.128
894.866 0.000 721.041 644.709 998.500 696.909 0.000 937.734
674.005 0.000 513.157 766.284 716.005 456.063 0.000 904.714
0.000 322.562 0.000 461.107 0.000 0.000 0.000 0.000
691.834 0.000 0.000 380.454 879.084 920.841 545.043 666.042
312.269 410.861 859.927 0.000 583.924 737.828 575.537 670.494
0.000 933.048 0.000 0.000 0.000 957.219 437.042 647.546
0.000 0.000 0.000 0.000 0.000 339.490 0.000 886.619
510.352 618.502 0.000 0.000 0.000 0.000 0.000 0.000
631.120 0.000 0.000 0.000 0.000 795.236 0.000 909.239
0.000 521.147 990.338 0.000 576.212 0.000 735.331 576.388
968.961 821.809 0.000 0.000 0.000 435.531 347.550 742.134
0.000 648.910 378.428 0.000 0.000 463.892 0.000 760.554
0.000 0.000 836.263 460.583 0.000 0.000 766.131 0.000
0.000 664.418 0.000 0.000 0.000 0.000 574.450 628.940
0.000 589.738 515.775 0.000 934.050 0.000 0.000 926.975
0.000 801.404 464.732 0.000 0.000 493.464 381.681 552.077
696.089 684.915 0.000 693.912 0.000 0.000 0.000 0.000
896.727 0.000 0.000 0.000 622.380 0.000 0.000 677.128
556.108 0.000 440.528 0.000 0.000 0.000 690.823 524.167
922.407 0.000 420.081 0.000 836.107 430.283 0.000 381.881
813.859 875.393 0.000 0.000 0.000 0.000 0.000 535.808
0.000 0.000 922.170 0.000 0.000 0.000 0.000 0.000
0.000 950.445 0.000 0.000 0.000 840.539 0.000 0.000
384.536 0.000 0.000 0.000 0.000 0.000 928.597 783.574
877.970 0.000 334.820 0.000 0.000 784.245 0.000 0.000
0.000 0.000 714.722 0.000 991.844 0.000 0.000 403.896
517.357 0.000 424.858 635.661 0.000 0.000 807.373 483.138
683.270 0.000 679.341 0.000 0.000 553.367 451.216 486.417
735.311 0.000 0.000 523.888 0.000 0.000 622.114 716.805
0.000 0.000 577.147 790.412 614.622 966.269 0.000 0.000
0.000 913.441 0.000 0.000 0.000 984.153 463.379 761.575
707.303 858.760 553.376 0.000 820.263 913.839 0.000 0.000
0.000 367.395 586.044 845.615 395.936 948.979 760.132 565.062
0.000 711.614 0.000 0.000 0.000 421.185 0.000 0.000
0.000 0.000 0.000 414.642 660.359 0.000 0.000 488.382
0.000 0.000 0.000 0.000 0.000 969.838 0.000 967.755
0.000 0.000 633.935 0.000 0.000 764.813 887.240 650.831
914.030 393.500 0.000 518.140 308.458 739.187 0.000 351.997
744.006 0.000 0.000 0.000 579.159 0.000 556.705 384.659
708.062 0.000 0.000 0.000 777.320 0.000 777.220 544.110
0.000 946.298 940.457 929.406 0.000 0.000 0.000 330.156
495.638 0.000 0.000 501.097 304.956 0.000 732.424 619.102
0.000 774.923 368.035 0.000 0.000 0.000 0.000 0.000
0.000 698.376 0.000 376.301 401.349 542.955 442.770 0.000
0.000 0.000 0.000 0.000 0.000 0.000 761.061 865.570
0.000 0.000 0.000 0.000 0.000 701.841 0.000 0.000
0.000 0.000 395.401 0.000 501.674 940.386 465.516 0.000
0.000 0.000 846.865 562.895 483.757 368.287 0.000 0.000
0.000 990.945 699.447 999.974 0.000 503.107 310.115 0.000
0.000 503.621 0.000 634.331 0.000 0.000 773.456 0.000
0.000 835.387 0.000 943.556 0.000 0.000 918.156 0.000
725.714 0.000 822.599 407.797 0.000 0.000 656.322 774.868
886.960 0.000 0.000 0.000 997.073 0.000 0.000 465.677
488.871 617.214 0.000 797.734 998.747 0.000 679.651 626.628
0.000 0.000 857.068 0.000 431.442 766.525 0.000 0.000
0.000 869.357 456.316 624.842 0.000 0.000 0.000 0.000
0.000 490.129 583.558 0.000 843.171 0.000 0.000 0.000
0.000 0.000 397.823 0.000 0.000 512.591 933.157 0.000
0.000 919.163 0.000 802.041 580.262 0.000 0.000 0.000
842.641 453.870 0.000 333.376 0.000 0.000 763.838 738.175
0.000 0.000 705.248 0.000 0.000 0.000 0.000 0.000
0.000 0.000 754.592 943.317 0.000 0.000 896.061 0.000
571.318 0.000 850.274 535.535 967.010 834.979 509.412 0.000
0.000 549.383 547.483 603.792 0.000 964.244 979.034 358.844
650.310 0.000 0.000 639.830 532.749 453.306 796.553 0.000
0.000 664.194 932.247 969.989 0.000 0.000 0.000 0.000
0.000 0.000 0.000 0.000 0.000 619.985 0.000 0.000
0.000 0.000 876.862 0.000 708.991 366.642 0.000 0.000
917.379 0.000 449.746 0.000 573.765 0.000 0.000 934.834
0.000 404.819 0.000 810.938 0.000 0.000 0.000 0.000
0.000 754.531 971.905 955.323 611.270 0.000 0.000 348.654
0.000 849.936 989.740 0.000 505.364 0.000 0.000 0.000
735.573 402.027 0.000 0.000 0.000 0.000 453.866 0.000
747.612 0.000 0.000 942.169 0.000 0.000 772.793 0.000
594.318 0.000 692.902 681.274 0.000 0.000 949.133 924.832
0.000 0.000 505.258 658.887 0.000 311.868 0.000 0.000
799.785 338.929 512.280 0.000 0.000 620.603 0.000 0.000
0.000 0.000 0.000 607.583 0.000 0.000 0.000 530.292
796.465 603.593 0.000 791.717 956.947 0.000 0.000 981.506
310.773 0.000 406.293 633.530 0.000 850.050 701.292 0.000
0.000 0.000 0.000 0.000 0.000 921.264 0.000 0.000
0.000 0.000 476.786 0.000 751.417 0.000 0.000 0.000
697.651 0.000 819.919 573.346 410.132 0.000 0.000 0.000
0.000 333.014 672.664 0.000 682.018 0.000 319.693 0.000
0.000 0.000 972.236 0.000 959.405 828.155 0.000 737.554
0.000 819.338 540.845 429.823 593.262 825.941 426.992 0.000
0.000 0.000 0.000 0.000 0.000 491.682 0.000 0.000
0.000 0.000 0.000 784.063 517.871 0.000 0.000 984.043
788.376 872.788 0.000 0.000 719.653 0.000 0.000 0.000
0.000 0.000 706.657 0.000 0.000 485.395 492.483 0.000
0.000 0.000 625.153 676.317 932.347 0.000 339.978 0.000
0.000 753.272 0.000 0.000 929.866 0.000 0.000 0.000
0.000 0.000 661.479 0.000 0.000 665.240 0.000 0.000
340.111 510.442 594.221 524.685 0.000 990.121 0.000 0.000
0.000 893.857 0.000 571.420 357.672 0.000 308.920 0.000
535.292 723.316 972.817 0.000 0.000 986.681 0.000 0.000
310.188 910.686 537.082 475.390 0.000 355.860 0.000 701.350
0.000 604.263 0.000 809.156 0.000 0.000 0.000 544.193
567.678 743.190 0.000 372.451 0.000 749.467 0.000 0.000
752.306 839.063 474.961 0.000 891.140 467.934 0.000 319.027
975.771 567.668 520.290 312.590 382.826 345.312 420.335 0.000
0.000 793.701 0.000 565.659 845.973 0.000 0.000 571.132
0.000 0.000 505.265 0.000 387.311 0.000 0.000 863.122
0.000 0.000 706.251 0.000 441.170 0.000 0.000 0.000
0.000 0.000 0.000 0.000 0.000 0.000 458.037 303.783
0.000 0.000 691.741 0.000 397.993 0.000 0.000 0.000
0.000 880.778 609.909 0.000 673.735 788.670 0.000 0.000
767.361 525.334 0.000 0.000 0.000 472.207 762.351 773.133
847.815 744.885 0.000 0.000 601.351 960.942 301.185 0.000
0.000 660.839 338.405 687.157 798.961 0.000 0.000 0.000
690.026 0.000 0.000 324.659 0.000 0.000 535.518 600.476
825.945 0.000 309.247 826.239 0.000 635.389 0.000 414.611
0.000 788.010 988.027 831.415 500.324 977.789 513.778 0.000
0.000 0.000 0.000 0.000 0.000 478.863 587.503 0.000
540.948 470.218 0.000 877.874 0.000 0.000 0.000 0.000
0.000 733.995 843.823 405.379 463.796 0.000 0.000 912.610
0.000 0.000 0.000 667.793 0.000 0.000 0.000 0.000
490.639 526.814 0.000 0.000 877.270 0.000 0.000 760.757
0.000 414.258 0.000 797.054 0.000 681.255 797.721 0.000
0.000 904.236 911.230 465.651 0.000 0.000 453.981 723.414
0.000 0.000 800.087 0.000 967.131 550.591 305.595 623.086
647.989 898.016 849.180 908.605 549.386 0.000 0.000 0.000
0.000 940.936 715.775 745.251 0.000 804.862 0.000 804.614
665.801 0.000 0.000 0.000 0.000 301.627 795.942 595.683
476.887 592.982 0.000 0.000 696.733 717.919 500.866 547.089
0.000 0.000 427.945 520.492 0.000 0.000 705.155 0.000
859.346 0.000 0.000 0.000 0.000 911.991 0.000 0.000
866.539 0.000 0.000 0.000 0.000 327.833 0.000 690.017
0.000 792.264 0.000 0.000 0.000 0.000 0.000 733.411
0.000 0.000 0.000 0.000 0.000 0.000 729.065 930.658
722.361 361.535 800.687 492.528 0.000 0.000 0.000 0.000
818.247 574.565 0.000 478.535 0.000 0.000 578.284 846.570
449.961 895.289 0.000 804.011 944.662 326.270 469.289 0.000
0.000 0.000 701.897 493.193 988.232 0.000 0.000 0.000
0.000 0.000 0.000 0.000 950.222 707.322 878.087 0.000
453.024 532.439 646.461 0.000 430.506 540.840 688.188 899.670
719.168 0.000 565.642 599.238 0.000 686.807 534.335 943.518
0.000 0.000 560.051 995.733 0.000 0.000 0.000 0.000
0.000 665.584 587.849 452.108 772.481 0.000 0.000 0.000
0.000 0.000 0.000 0.000 0.000 883.531 665.996 0.000
401.594 0.000 0.000 686.229 464.490 0.000 0.000 741.324
938.466 0.000 0.000 0.000 0.000 0.000 0.000 0.000
0.000 0.000 380.598 0.000 377.533 734.460 572.995 0.000
904.625 0.000 754.882 0.000 510.937 0.000 954.353 0.000
741.869 0.000 768.454 668.799 0.000 651.481 0.000 735.111
0.000 0.000 421.943 0.000 983.018 826.007 459.890 0.000
0.000 0.000 0.000 0.000 0.000 499.479 517.473 0.000
0.000 0.000 627.748 0.000 0.000 0.000 900.132 0.000
0.000 0.000 0.000 0.000 737.532 0.000 0.000 0.000
0.000 0.000 0.000 0.000 0.000 0.000 0.000 687.922
810.929 611.422 0.000 691.608 809.128 484.981 337.773 661.644
610.821 0.000 452.891 402.365 0.000 312.114 0.000 0.000
383.617 673.605 597.044 762.681 931.067 0.000 316.200 0.000
0.000 0.000 565.598 0.000 880.199 490.589 0.000 0.000
520.045 702.645 353.843 593.562 0.000 827.837 389.001 983.597
508.126 887.959 737.422 605.081 798.114 625.463 878.141 0.000
0.000 370.441 0.000 427.722 0.000 0.000 0.000 389.322
888.068 382.972 0.000 528.514 0.000 351.885 0.000 0.000
0.000 0.000 0.000 600.584 0.000 0.000 416.618 0.000
0.000 0.000 0.000 0.000 598.295 0.000 497.262 0.000
339.210 610.639 0.000 0.000 0.000 0.000 0.000 521.149
0.000 0.000 0.000 0.000 0.000 0.000 0.000 718.768
728.169 634.936 0.000 0.000 594.827 0.000 779.407 586.383
591.170 0.000 369.357 0.000 721.047 0.000 467.785 0.000
773.596 571.742 0.000 0.000 0.000 597.014 471.208 0.000
820.782 0.000 757.186 0.000 338.095 523.945 662.618 0.000
375.027 0.000 0.000 390.576 321.478 808.044 473.965 375.284
0.000 0.000 0.000 0.000 0.000 608.795 420.566 481.924
654.406 0.000 0.000 0.000 0.000 663.555 0.000 519.092
508.877 0.000 0.000 864.426 0.000 0.000 0.000 722.214
535.201 938.915 0.000 331.497 0.000 0.000 0.000 722.763
0.000 0.000 809.943 0.000 0.000 0.000 944.638 0.000
484.574 467.634 0.000 556.464 480.625 829.107 997.767 632.086
0.000 0.000 921.054 0.000 631.741 0.000 315.003 0.000
539.471 0.000 410.023 760.727 0.000 0.000 0.000 433.845
506.215 0.000 926.773 0.000 0.000 582.243 0.000 0.000
0.000 0.000 839.281 550.014 924.250 767.538 819.467 877.191
980.501 0.000 0.000 825.927 0.000 0.000 915.140 373.926
0.000 0.000 0.000 0.000 462.917 0.000 962.120 0.000
0.000 343.937 595.029 0.000 948.816 0.000 738.483 757.263
0.000 562.119 0.000 805.499 0.000 0.000 713.994 0.000
0.000 922.566 372.565 565.899 0.000 0.000 745.127 638.621
0.000 0.000 0.000 0.000 0.000 838.479 729.266 0.000
0.000 938.699 0.000 393.575 439.612 0.000 0.000 0.000
532.828 401.172 0.000 0.000 0.000 0.000 0.000 0.000
0.000 901.586 0.000 0.000 747.348 0.000 0.000 0.000
0.000 913.768 0.000 0.000 0.000 575.646 0.000 0.000
0.000 816.272 931.257 0.000 0.000 0.000 0.000 825.084
922.860 0.000 0.000 0.000 0.000 510.604 685.549 0.000
0.000 959.389 632.856 0.000 0.000 578.375 0.000 0.000
909.976 0.000 0.000 873.006 0.000 0.000 571.956 785.478
912.281 0.000 654.760 0.000 570.474 0.000 0.000 0.000
0.000 0.000 0.000 0.000 820.598 676.746 0.000 0.000
729.185 988.931 849.971 393.500 0.000 0.000 826.621 464.204
652.179 0.000 647.438 779.546 591.908 0.000 360.992 805.901
0.000 0.000 0.000 0.000 0.000 414.394 0.000 0.000
0.000 428.819 665.554 0.000 0.000 906.389 935.308 940.733
0.000 774.081 0.000 390.814 738.831 0.000 0.000 618.964
626.142 0.000 912.586 806.358 427.169 0.000 0.000 699.182
0.000 404.745 0.000 0.000 575.286 596.056 585.307 578.715
369.123 0.000 0.000 885.495 736.009 536.573 0.000 891.284
540.316 546.521 0.000 0.000 0.000 0.000 892.259 603.131
0.000 0.000 682.950 944.336 0.000 654.848 657.894 0.000
810.854 922.019 0.000 483.412 338.869 662.173 788.712 0.000
0.000 0.000 0.000 0.000 606.843 0.000 631.099 0.000
0.000 406.010 0.000 547.823 0.000 910.046 962.290 0.000
0.000 0.000 0.000 697.360 359.288 0.000 447.319 0.000
0.000 433.487 0.000 872.032 0.000 654.385 0.000 469.994
665.150 541.886 0.000 719.780 0.000 638.660 351.403 360.262
536.472 850.614 901.651 0.000 328.418 0.000 0.000 603.778
873.785 0.000 0.000 0.000 0.000 499.159 831.376 0.000
981.133 0.000 0.000 0.000 0.000 388.140 707.199 0.000
400.858 0.000 0.000 0.000 0.000 643.066 0.000 494.675
0.000 913.045 0.000 873.775 0.000 787.990 303.176 647.306
0.000 465.807 915.457 0.000 0.000 0.000 309.950 648.410
0.000 0.000 393.515 0.000 0.000 369.845 817.122 0.000
367.520 899.253 0.000 646.023 0.000 572.778 706.691 0.000
0.000 0.000 868.525 838.406 0.000 980.109 0.000 0.000
0.000 540.505 0.000 518.168 0.000 731.992 0.000 481.256
383.897 0.000 0.000 938.709 0.000 0.000 733.590 932.350
500.748 0.000 0.000 0.000 562.083 324.395 421.994 0.000
0.000 560.996 0.000 698.272 0.000 0.000 0.000 0.000
0.000 610.495 0.000 872.346 0.000 417.366 0.000 392.908
636.566 888.516 0.000 810.593 877.740 913.820 0.000 591.285
649.320 0.000 0.000 0.000 0.000 397.981 730.995 993.677
0.000 0.000 0.000 0.000 840.248 0.000 0.000 696.176
487.973 0.000 801.491 0.000 0.000 564.406 0.000 978.863
756.525 572.650 801.166 0.000 0.000 0.000 0.000 507.910
0.000 829.951 955.223 999.179 0.000 784.581 945.356 504.087
0.000 480.999 491.296 0.000 0.000 0.000 0.000 0.000
0.000 500.308 0.000 0.000 850.586 837.303 365.744 687.734
0.000 0.000 0.000 770.961 0.000 0.000 0.000 0.000
0.000 0.000 0.000 847.320 810.587 399.598 0.000 337.051
0.000 571.163 0.000 460.970 480.390 653.310 667.510 0.000
0.000 0.000 0.000 602.354 381.100 0.000 0.000 636.195
0.000 0.000 0.000 988.329 0.000 0.000 862.397 0.000
0.000 0.000 0.000 0.000 0.000 877.120 0.000 483.715
863.103 805.010 750.258 0.000 691.769 796.819 719.247 0.000
0.000 819.625 0.000 0.000 0.000 897.141 750.777 453.301
670.754 932.727 409.056 662.813 602.844 0.000 0.000 0.000
413.688 934.885 0.000 710.830 573.809 623.036 323.767 680.275
314.523 0.000 349.017 0.000 525.370 525.192 395.953 0.000
0.000 562.965 0.000 555.033 0.000 0.000 446.071 838.111
709.018 987.134 791.734 493.287 0.000 949.135 589.673 0.000
0.000 0.000 639.524 0.000 597.011 729.839 0.000 791.296
0.000 343.054 0.000 830.127 0.000 0.000 565.998 0.000
673.592 920.688 0.000 0.000 0.000 0.000 852.143 0.000
0.000 0.000 447.098 395.749 712.313 889.969 646.580 872.596
504.558 774.278 838.752 467.829 0.000 352.646 929.275 552.009
0.000 0.000 0.000 826.371 779.292 446.575 0.000 0.000
932.898 0.000 709.342 540.396 0.000 871.535 0.000 476.881
0.000 0.000 0.000 842.670 709.771 0.000 369.025 0.000
384.100 855.105 0.000 562.174 344.259 954.838 0.000 0.000
0.000 0.000 763.480 0.000 677.189 0.000 649.011 366.194
339.949 930.345 0.000 927.274 910.871 0.000 0.000 544.473
0.000 0.000 0.000 607.012 715.928 834.400 892.299 0.000
901.037 957.966 500.816 574.407 0.000 0.000 979.242 0.000
459.441 0.000 0.000 966.147 514.435 964.142 0.000 634.390
509.681 0.000 0.000 399.805 0.000 922.059 0.000 0.000
469.735 597.716 0.000 905.258 721.457 0.000 791.147 955.026
827.217 815.630 0.000 0.000 495.160 0.000 0.000 0.000
331.448 723.324 0.000 0.000 0.000 706.635 574.795 453.625
940.407 0.000 665.927 484.033 0.000 499.934 0.000 829.479
400.197 0.000 447.890 0.000 700.741 554.357 915.588 392.305
768.162 698.206 0.000 0.000 365.004 864.282 0.000 0.000
0.000 846.576 718.202 0.000 720.600 944.313 456.527 0.000
690.093 387.813 528.955 0.000 0.000 614.280 0.000 0.000
808.456 318.280 0.000 442.780 754.809 0.000 0.000 0.000
0.000 0.000 607.051 435.513 0.000 930.659 708.187 0.000
728.340 335.818 640.441 0.000 0.000 0.000 451.861 906.661
393.970 701.909 0.000 576.035 0.000 412.163 495.809 0.000
0.000 0.000 631.681 861.175 719.416 0.000 793.699 893.341
802.454 798.201 823.070 0.000 364.279 457.031 596.388 717.723
0.000 390.023 0.000 705.335 0.000 0.000 0.000 0.000
0.000 0.000 0.000 832.524 468.589 755.352 785.969 754.391
833.389 860.321 467.351 0.000 882.642 0.000 459.285 574.071
0.000 0.000 986.146 332.393 0.000 434.227 446.827 0.000
701.513 0.000 0.000 439.374 892.248 0.000 0.000 0.000
549.883 724.867 0.000 0.000 843.378 480.282 0.000 860.193
0.000 0.000 0.000 914.231 0.000 0.000 842.888 816.091
910.459 918.012 990.207 0.000 496.149 770.883 743.068 0.000
0.000 555.238 499.165 0.000 0.000 0.000 0.000 0.000
0.000 0.000 0.000 333.929 709.285 0.000 0.000 0.000
758.101 437.882 0.000 330.409 0.000 798.817 0.000 445.129
669.644 911.712 0.000 951.555 0.000 328.420 0.000 0.000
0.000 0.000 0.000 0.000 0.000 474.799 876.630 0.000
0.000 0.000 875.167 950.306 890.484 0.000 0.000 0.000
0.000 601.425 309.156 0.000 0.000 0.000 0.000 483.074
406.957 700.247 471.456 0.000 0.000 0.000 366.346 955.206
0.000 0.000 533.760 363.674 0.000 0.000 399.460 862.578
0.000 0.000 0.000 0.000 0.000 319.361 598.041 797.699
656.144 354.881 785.061 0.000 663.456 407.620 0.000 0.000
964.621 808.283 462.435 0.000 441.029 618.615 0.000 0.000
642.199 0.000 523.615 0.000 879.762 386.611 0.000 0.000
0.000 735.481 0.000 599.286 336.832 528.980 924.108 0.000
0.000 897.112 0.000 0.000 0.000 0.000 0.000 372.119
350.891 439.109 459.023 0.000 748.670 421.419 0.000 0.000
0.000 915.770 0.000 0.000 460.889 452.356 706.868 0.000
0.000 0.000 934.133 0.000 824.823 0.000 684.881 0.000
809.341 624.391 0.000 696.938 0.000 0.000 0.000 0.000
0.000 514.005 737.478 347.131 311.622 0.000 0.000 320.769
0.000 410.264 0.000 0.000 640.889 0.000 362.222 0.000
676.284 814.164 588.741 0.000 0.000 0.000 0.000 0.000
667.356 0.000 979.459 845.492 359.696 335.436 351.308 734.546
0.000 0.000 643.176 828.286 0.000 321.529 572.302 0.000
953.395 0.000 0.000 0.000 0.000 397.425 0.000 980.715
0.000 449.479 892.518 0.000 639.312 0.000 0.000 587.080
489.788 0.000 635.964 0.000 0.000 658.422 629.408 0.000
0.000 649.678 0.000 883.089 0.000 0.000 748.383 451.892
0.000 358.705 798.413 0.000 0.000 0.000 604.497 420.883
586.393 0.000 0.000 680.901 865.222 827.427 683.232 697.051
331.380 759.563 642.821 0.000 0.000 0.000 0.000 619.202
0.000 556.659 0.000 505.701 0.000 323.673 0.000 512.787
793.633 0.000 583.877 0.000 601.721 834.942 443.077 0.000
963.895 0.000 0.000 0.000 0.000 0.000 0.000 902.592
0.000 846.374 910.285 801.406 694.768 879.619 405.897 534.222
0.000 0.000 390.809 0.000 0.000 478.047 977.558 818.740
848.670 0.000 804.482 0.000 0.000 583.730 0.000 0.000
952.172 990.023 560.346 658.852 0.000 415.537 0.000 849.204
773.542 950.371 0.000 0.000 550.938 0.000 557.071 938.490
0.000 0.000 471.945 350.155 0.000 0.000 0.000 434.619
0.000 0.000 0.000 359.088 0.000 418.287 0.000 0.000
0.000 839.621 770.015 694.186 991.457 456.469 667.667 906.268
0.000 0.000 649.421 475.075 0.000 868.758 0.000 0.000
0.000 0.000 0.000 0.000 555.178 0.000 0.000 406.521
0.000 0.000 0.000 696.696 0.000 678.585 657.401 0.000
0.000 0.000 324.921 0.000 824.705 947.479 628.627 0.000
768.338 0.000 576.002 399.595 0.000 955.720 0.000 0.000
0.000 0.000 0.000 0.000 697.794 0.000 898.170 0.000
469.338 828.229 0.000 876.505 869.359 0.000 404.022 303.374
0.000 0.000 0.000 0.000 513.202 0.000 0.000 0.000
329.079 792.656 0.000 328.178 919.578 305.412 0.000 626.303
461.360 626.992 694.780 705.993 0.000 0.000 0.000 0.000
607.753 883.816 0.000 0.000 0.000 890.540 0.000 0.000
853.526 0.000 584.775 946.434 0.000 0.000 787.246 0.000
550.882 0.000 989.901 582.340 745.949 691.512 722.310 0.000
701.781 376.182 0.000 0.000 779.744 0.000 0.000 0.000
898.052 524.221 0.000 953.369 0.000 0.000 0.000 884.710
0.000 847.471 309.819 496.358 466.550 0.000 466.088 0.000
438.559 505.284 0.000 751.122 0.000 0.000 0.000 0.000
0.000 0.000 618.739 903.118 0.000 665.201 739.633 0.000
0.000 881.702 0.000 0.000 0.000 0.000 0.000 596.826
719.374 0.000 527.553 496.009 509.124 0.000 526.988 441.374
0.000 0.000 0.000 0.000 0.000 405.175 650.960 746.002
0.000 0.000 483.609 0.000 0.000 0.000 883.297 0.000
0.000 596.196 0.000 0.000 0.000 969.098 0.000 603.219
850.508 944.001 617.117 543.699 0.000 637.239 0.000 801.083
0.000 0.000 975.507 908.543 0.000 998.970 0.000 0.000
467.233 599.228 0.000 0.000 0.000 746.385 0.000 0.000
0.000 0.000 715.599 0.000 675.819 0.000 931.226 0.000
602.387 572.642 323.356 0.000 0.000 807.437 656.177 339.976
396.558 923.965 435.760 0.000 0.000 0.000 798.712 0.000
0.000 846.493 0.000 680.830 447.645 726.659 0.000 0.000
0.000 0.000 965.406 0.000 0.000 940.714 0.000 0.000
462.930 593.191 0.000 0.000 306.767 377.341 369.438 519.713
0.000 641.239 960.663 535.377 0.000 0.000 509.468 0.000
803.118 0.000 0.000 0.000 0.000 0.000 0.000 0.000
711.220 0.000 869.567 0.000 688.637 0.000 482.259 0.000
437.982 529.611 0.000 442.062 0.000 0.000 509.387 988.135
0.000 698.169 0.000 0.000 0.000 758.593 0.000 643.844
900.448 458.872 0.000 0.000 553.068 605.683 962.350 984.303
979.596 0.000 863.940 0.000 989.813 549.831 441.049 0.000
918.524 477.501 0.000 523.373 844.121 701.211 945.889 464.486
0.000 0.000 357.187 0.000 0.000 731.066 862.220 0.000
460.533 0.000 0.000 0.000 483.258 0.000 0.000 0.000
0.000 0.000 0.000 0.000 0.000 0.000 453.389 889.494
0.000 695.298 683.817 0.000 674.620 0.000 0.000 339.015
381.532 0.000 0.000 462.116 0.000 0.000 400.045 490.092
710.632 406.173 578.652 530.271 0.000 0.000 0.000 0.000
901.552 0.000 963.640 942.086 0.000 727.090 836.617 904.480
947.410 888.221 0.000 634.994 991.283 0.000 0.000 0.000
593.758 0.000 0.000 614.636 0.000 797.259 0.000 385.084
500.079 369.319 734.045 0.000 725.680 0.000 654.265 0.000
450.021 0.000 958.601 387.844 0.000 558.041 824.179 454.488
538.661 0.000 0.000 0.000 0.000 0.000 990.462 947.554
0.000 0.000 434.224 576.527 350.329 0.000 301.656 0.000
694.967 317.506 0.000 0.000 591.135 695.153 0.000 360.430
759.633 862.535 0.000 0.000 0.000 0.000 476.286 0.000
630.938 0.000 0.000 833.007 778.218 430.059 0.000 684.445
0.000 0.000 0.000 642.404 541.456 0.000 0.000 919.862
445.865 446.923 857.047 0.000 0.000 320.948 771.072 0.000
0.000 0.000 547.350 0.000 0.000 816.560 769.853 571.695
0.000 0.000 0.000 0.000 665.176 0.000 323.658 631.469
0.000 890.744 0.000 0.000 579.949 0.000 450.473 0.000
0.000 640.011 0.000 0.000 859.553 938.911 0.000 0.000
0.000 363.651 901.901 0.000 0.000 0.000 673.749 504.628
521.540 977.430 302.612 661.649 938.180 769.078 0.000 0.000
660.537 0.000 0.000 0.000 0.000 0.000 642.954 0.000
909.946 834.128 920.476 579.976 0.000 988.413 971.173 0.000
723.699 0.000 947.175 758.692 0.000 0.000 456.666 371.980
0.000 365.870 0.000 499.321 0.000 870.093 0.000 0.000
0.000 0.000 704.757 648.589 646.669 829.629 0.000 0.000
0.000 560.584 842.960 0.000 0.000 0.000 359.982 0.000
649.849 900.488 0.000 0.000 991.639 801.979 0.000 0.000
831.582 0.000 0.000 0.000 0.000 0.000 912.290 0.000
0.000 475.725 0.000 0.000 0.000 0.000 0.000 469.906
0.000 0.000 0.000 0.000 0.000 0.000 0.000 342.498
309.501 376.354 0.000 856.048 0.000 541.453 0.000 0.000
0.000 868.872 564.594 0.000 0.000 805.860 401.285 0.000
326.333 0.000 0.000 0.000 0.000 341.882 842.574 0.000
654.670 775.538 726.136 508.487 0.000 0.000 757.774 821.253
0.000 572.960 479.170 753.372 0.000 0.000 0.000 701.564
0.000 340.516 643.303 844.594 646.956 0.000 495.236 778.198
625.363 336.871 0.000 0.000 0.000 0.000 863.549 0.000
671.500 821.635 0.000 0.000 806.959 947.342 0.000 0.000
971.501 860.450 800.201 0.000 621.578 365.474 0.000 0.000
509.173 0.000 361.302 0.000 0.000 647.082 0.000 830.979
0.000 0.000 0.000 0.000 0.000 0.000 0.000 790.185
704.172 0.000 0.000 0.000 0.000 598.806 0.000 0.000
0.000 339.253 763.886 0.000 0.000 701.916 0.000 568.072
0.000 0.000 440.384 419.971 0.000 854.672 0.000 0.000
0.000 0.000 0.000 654.517 0.000 977.111 0.000 683.478
0.000 997.395 0.000 717.098 0.000 0.000 0.000 395.898
802.168 0.000 473.290 809.081 391.291 435.023 0.000 341.758
0.000 700.875 966.402 0.000 624.483 774.424 0.000 520.326
763.540 313.974 558.160 867.967 0.000 663.633 534.941 0.000
0.000 883.375 451.157 460.051 430.280 0.000 364.507 0.000
778.980 0.000 0.000 820.555 419.271 0.000 0.000 888.628
0.000 0.000 0.000 0.000 0.000 0.000 645.395 0.000
0.000 0.000 0.000 0.000 0.000 0.000 817.907 957.237
846.220 0.000 759.830 543.775 0.000 548.540 829.293 0.000
0.000 0.000 580.595 0.000 0.000 953.455 774.028 611.670
737.336 0.000 351.576 0.000 519.244 0.000 0.000 0.000
0.000 760.607 0.000 694.513 889.476 387.847 804.610 0.000
0.000 749.017 0.000 0.000 0.000 0.000 0.000 0.000
0.000 0.000 877.562 0.000 829.844 0.000 740.196 990.787
0.000 833.399 696.312 0.000 846.145 0.000 903.796 816.469
596.885 835.765 0.000 594.799 0.000 547.000 453.219 0.000
0.000 567.734 661.190 763.904 0.000 838.697 713.037 570.143
0.000 0.000 0.000 0.000 427.993 388.844 941.672 0.000
0.000 0.000 826.296 0.000 0.000 0.000 623.854 0.000
0.000 518.118 0.000 938.579 0.000 0.000 0.000 0.000
0.000 0.000 436.039 659.564 0.000 0.000 894.959 0.000
0.000 0.000 979.572 834.989 0.000 0.000 434.218 0.000
0.000 478.003 303.531 0.000 0.000 0.000 0.000 986.361
0.000 0.000 0.000 0.000 389.759 675.890 400.279 0.000
408.660 0.000 926.098 0.000 533.457 0.000 964.165 0.000
949.074 479.967 645.481 0.000 0.000 919.855 0.000 0.000
617.205 508.457 926.420 566.982 0.000 0.000 686.809 774.312
702.207 0.000 489.116 0.000 0.000 0.000 0.000 356.503
0.000 382.706 868.883 0.000 751.835 362.632 0.000 865.269
602.422 0.000 0.000 939.176 674.884 0.000 680.006 0.000
452.923 981.142 0.000 677.456 863.343 621.910 0.000 0.000
0.000 0.000 0.000 0.000 0.000 0.000 755.388 0.000
925.816 727.801 969.189 470.291 0.000 774.294 0.000 774.198
728.507 0.000 583.418 0.000 901.203 0.000 734.319 0.000
0.000 415.752 552.103 0.000 0.000 724.715 733.368 0.000
920.912 0.000 556.804 0.000 0.000 0.000 0.000 0.000
0.000 0.000 580.031 0.000 365.090 537.438 0.000 961.636
0.000 0.000 566.752 0.000 759.470 0.000 847.814 849.010
0.000 314.147 0.000 0.000 0.000 392.966 0.000 0.000
880.777 373.682 0.000 0.000 0.000 0.000 865.034 0.000
464.006 454.210 681.460 0.000 0.000 0.000 483.547 785.316
523.392 719.170 356.188 811.998 0.000 0.000 850.383 729.856
847.840 413.491 448.641 0.000 916.899 993.280 944.689 955.551
0.000 704.488 0.000 0.000 0.000 734.346 0.000 977.654
808.190 0.000 993.485 753.008 685.300 0.000 0.000 737.914
0.000 0.000 412.157 0.000 869.652 0.000 793.473 894.306
394.091 0.000 0.000 358.372 0.000 0.000 0.000 370.064
0.000 0.000 406.029 926.750 0.000 464.346 0.000 0.000
370.330 0.000 0.000 384.711 755.441 0.000 364.632 827.069
0.000 906.293 0.000 0.000 619.070 0.000 569.247 304.188
0.000 0.000 719.496 0.000 0.000 0.000 754.066 841.421
454.814 0.000 799.433 634.643 0.000 409.689 582.686 0.000
803.922 315.207 788.628 0.000 0.000 608.877 0.000 0.000
0.000 992.058 0.000 0.000 356.908 912.730 0.000 0.000
0.000 0.000 0.000 478.445 0.000 0.000 0.000 609.645
919.486 0.000 611.607 0.000 0.000 614.076 956.249 766.795
