924.596 336.031 0.000 0.000 334.899 768.169 0.000 0.000
683.453 355.062 871.380 390.452 459.682 0.000 0.000 356.017
0.000 462.894 0.000 721.690 616.984 0.000 634.289 0.000
0.000 415.281 369.564 574.067 471.116 658.016 341.044 0.000
986.187 0.000 672.767 0.000 0.000 0.000 0.000 483.542
0.000 0.000 440.618 586.892 0.000 0.000 907.856 889.657
0.000 0.000 0.000 0.000 793.769 332.964 0.000 391.796
0.000 311.314 0.000 970.855 0.000 0.000 0.000 0.000
426.622 870.739 484.640 932.274 0.000 653.527 455.616 629.350
599.353 503.979 776.266 0.000 434.540 0.000 302.191 0.000
641.959 726.263 901.096 665.928 0.000 0.000 0.000 788.478
0.000 917.064 0.000 836.147 541.041 0.000 0.000 0.000
0.000 765.051 0.000 0.000 0.000 739.623 0.000 805.775
622.882 0.000 853.364 0.000 0.000 0.000 311.920 583.256
504.370 0.000 705.334 0.000 0.000 0.000 740.477 529.355
978.557 0.000 0.000 917.332 749.271 930.707 0.000 0.000
0.000 0.000 740.001 0.000 464.588 0.000 556.917 0.000
786.663 569.704 834.344 958.062 821.547 0.000 722.926 0.000
0.000 0.000 420.816 0.000 0.000 462.579 862.188 0.000
555.167 825.271 889.906 0.000 683.145 570.782 772.748 911.388
827.316 756.399 753.349 455.669 759.955 445.839 718.169 0.000
828.653 0.000 912.115 0.000 508.431 0.000 0.000 0.000
0.000 904.648 661.170 0.000 606.577 540.884 350.711 0.000
0.000 974.649 0.000 844.533 736.073 667.437 0.000 0.000
0.000 0.000 0.000 0.000 978.239 923.135 0.000 515.580
824.583 0.000 639.078 349.144 457.321 422.249 0.000 0.000
0.000 435.133 855.089 946.031 507.695 0.000 575.714 335.662
677.485 0.000 819.579 0.000 0.000 547.451 0.000 0.000
394.738 384.826 0.000 824.480 650.188 573.223 0.000 0.000
318.116 310.482 0.000 724.871 591.140 0.000 501.071 340.942
560.834 0.000 406.053 0.000 538.698 418.063 0.000 987.352
535.361 696.286 0.000 0.000 0.000 0.000 609.225 989.542
0.000 0.000 0.000 479.038 0.000 746.352 0.000 413.568
582.571 688.905 0.000 511.240 905.024 0.000 0.000 0.000
966.478 0.000 0.000 329.720 0.000 555.499 401.063 0.000
0.000 0.000 0.000 0.000 659.469 666.281 0.000 689.444
565.431 591.365 461.262 858.897 516.339 537.072 628.825 0.000
617.744 466.250 0.000 0.000 0.000 600.650 978.556 493.152
0.000 0.000 0.000 0.000 858.984 0.000 879.168 792.657
0.000 523.018 0.000 942.649 346.413 0.000 412.998 0.000
0.000 844.334 0.000 0.000 0.000 0.000 0.000 340.838
0.000 944.632 529.218 0.000 730.299 0.000 0.000 416.415
0.000 0.000 559.341 0.000 598.450 707.213 0.000 922.871
0.000 0.000 0.000 0.000 579.387 0.000 0.000 779.900
611.390 0.000 0.000 425.635 0.000 411.390 0.000 744.456
647.623 919.835 0.000 495.628 0.000 350.717 775.766 0.000
0.000 0.000 486.192 323.949 0.000 925.486 778.502 801.607
393.859 0.000 682.028 0.000 0.000 0.000 507.895 398.842
897.256 519.619 0.000 0.000 899.216 881.662 857.279 560.952
788.251 0.000 739.312 0.000 507.015 0.000 0.000 916.952
0.000 687.164 0.000 941.184 0.000 0.000 956.613 305.045
540.411 583.078 0.000 0.000 750.339 610.334 562.408 0.000
0.000 711.636 531.157 997.535 925.986 0.000 0.000 0.000
0.000 788.291 0.000 0.000 483.397 0.000 0.000 0.000
477.905 569.661 0.000 0.000 0.000 453.041 0.000 0.000
554.556 0.000 0.000 345.743 358.925 889.433 912.888 914.107
0.000 0.000 0.000 955.275 0.000 660.676 0.000 0.000
628.455 425.169 0.000 0.000 0.000 0.000 0.000 856.692
529.817 818.819 0.000 384.639 0.000 0.000 0.000 0.000
0.000 914.214 727.295 0.000 492.726 0.000 352.167 0.000
686.281 0.000 0.000 773.622 924.739 0.000 0.000 0.000
0.000 0.000 0.000 0.000 488.757 0.000 700.231 738.341
749.264 0.000 0.000 559.557 921.311 0.000 881.400 319.912
0.000 0.000 893.593 651.308 951.152 989.899 598.202 510.317
825.890 0.000 0.000 856.436 0.000 0.000 727.260 0.000
0.000 0.000 0.000 0.000 0.000 0.000 392.796 0.000
0.000 0.000 314.668 0.000 535.840 0.000 0.000 804.323
589.340 0.000 867.703 682.464 0.000 0.000 0.000 630.391
0.000 342.849 857.515 0.000 620.165 643.997 0.000 585.587
0.000 355.293 680.009 665.902 624.725 0.000 0.000 0.000
903.498 0.000 0.000 0.000 415.537 0.000 0.000 0.000
0.000 0.000 0.000 0.000 570.189 0.000 637.485 431.561
0.000 0.000 0.000 0.000 0.000 632.273 0.000 480.364
621.601 366.826 722.091 540.303 0.000 892.540 793.185 0.000
937.789 0.000 0.000 0.000 0.000 969.296 0.000 0.000
524.024 0.000 609.528 0.000 0.000 0.000 0.000 0.000
445.710 0.000 764.890 712.985 0.000 0.000 0.000 0.000
0.000 852.846 0.000 896.240 947.573 747.266 0.000 873.062
0.000 0.000 913.394 790.443 0.000 455.830 0.000 579.155
0.000 490.852 617.282 487.161 0.000 930.134 0.000 0.000
0.000 0.000 685.928 925.477 750.880 0.000 665.848 0.000
429.102 563.469 0.000 443.511 399.722 413.311 642.502 650.749
0.000 0.000 0.000 596.742 0.000 0.000 430.308 0.000
0.000 590.896 500.025 0.000 837.569 981.755 331.235 0.000
665.818 0.000 976.077 0.000 834.586 0.000 489.113 375.558
0.000 0.000 0.000 0.000 0.000 881.581 0.000 714.765
867.260 585.846 0.000 754.123 877.782 0.000 734.578 548.180
909.883 0.000 702.807 307.548 0.000 598.859 0.000 0.000
0.000 0.000 434.948 308.800 941.054 0.000 0.000 960.469
464.796 352.320 445.819 0.000 0.000 0.000 898.809 574.747
0.000 0.000 0.000 0.000 558.763 972.053 0.000 977.930
489.912 755.687 883.482 368.774 0.000 939.395 617.349 0.000
0.000 0.000 850.923 696.324 0.000 923.117 0.000 520.629
609.772 0.000 0.000 548.985 0.000 0.000 759.121 537.139
518.664 0.000 0.000 0.000 591.198 545.462 0.000 0.000
629.301 848.816 0.000 493.051 400.899 755.077 0.000 0.000
325.853 944.955 546.865 0.000 0.000 0.000 0.000 0.000
0.000 0.000 516.652 903.385 0.000 0.000 0.000 416.540
0.000 573.339 0.000 0.000 614.885 0.000 703.736 0.000
0.000 642.039 468.571 0.000 794.218 656.010 388.626 0.000
890.682 0.000 0.000 738.474 750.274 940.266 0.000 0.000
0.000 884.287 734.129 411.137 491.420 0.000 994.951 0.000
559.500 932.985 0.000 0.000 0.000 0.000 0.000 730.097
0.000 0.000 0.000 0.000 0.000 0.000 551.177 0.000
0.000 0.000 305.268 314.022 0.000 980.395 0.000 0.000
0.000 0.000 0.000 0.000 0.000 654.085 428.735 0.000
688.328 749.912 0.000 626.536 0.000 0.000 765.529 669.698
0.000 440.594 0.000 0.000 0.000 833.257 0.000 0.000
0.000 851.322 0.000 793.236 0.000 0.000 807.097 594.926
0.000 0.000 998.893 0.000 936.543 0.000 0.000 733.644
0.000 0.000 0.000 0.000 0.000 591.292 509.099 0.000
0.000 0.000 957.674 976.808 475.521 796.518 0.000 0.000
511.061 0.000 629.948 546.441 0.000 0.000 0.000 525.416
0.000 0.000 0.000 511.181 0.000 0.000 628.896 486.727
609.431 0.000 749.561 0.000 0.000 0.000 0.000 930.795
0.000 501.256 828.806 0.000 0.000 609.933 0.000 0.000
983.058 752.940 310.330 0.000 834.204 760.090 0.000 0.000
0.000 0.000 741.792 0.000 773.884 806.090 654.578 0.000
695.436 0.000 492.847 579.297 515.048 906.929 0.000 421.405
351.453 0.000 0.000 378.699 566.528 674.605 0.000 825.923
974.792 990.687 443.972 0.000 619.513 0.000 0.000 0.000
0.000 0.000 657.958 453.967 0.000 467.775 862.141 973.886
414.967 550.827 0.000 0.000 891.301 468.634 0.000 376.665
742.326 621.886 930.130 0.000 469.022 0.000 0.000 0.000
0.000 0.000 0.000 0.000 0.000 0.000 815.368 0.000
0.000 977.650 327.146 0.000 577.815 894.988 0.000 0.000
0.000 611.665 740.718 821.674 700.236 0.000 900.675 0.000
0.000 586.820 0.000 0.000 947.955 844.768 586.438 804.039
0.000 0.000 0.000 0.000 0.000 805.850 647.291 617.232
0.000 0.000 0.000 902.963 886.817 553.969 0.000 431.120
513.925 0.000 872.805 0.000 0.000 0.000 371.958 0.000
621.811 0.000 409.715 0.000 745.616 526.775 0.000 516.059
0.000 892.753 0.000 941.875 0.000 0.000 0.000 395.166
0.000 0.000 0.000 0.000 0.000 866.214 0.000 0.000
899.624 0.000 0.000 432.266 889.421 477.288 449.373 693.134
0.000 887.118 0.000 951.505 902.788 310.814 893.648 826.940
0.000 997.934 576.490 0.000 0.000 409.143 448.727 0.000
647.041 0.000 599.273 758.913 914.135 0.000 0.000 0.000
0.000 631.850 465.860 720.216 965.188 0.000 646.334 617.945
0.000 0.000 341.702 598.387 0.000 992.721 720.889 0.000
994.297 996.872 0.000 812.016 404.851 0.000 0.000 571.206
414.356 0.000 0.000 663.337 0.000 0.000 767.460 0.000
346.253 553.026 0.000 0.000 0.000 0.000 839.070 0.000
473.323 0.000 0.000 0.000 0.000 913.143 815.555 855.493
0.000 638.372 617.676 607.854 0.000 958.659 400.561 0.000
0.000 0.000 766.672 0.000 577.959 340.579 723.430 0.000
624.507 744.004 896.718 0.000 0.000 0.000 722.467 521.156
853.891 0.000 0.000 0.000 325.772 629.098 0.000 0.000
0.000 0.000 0.000 765.883 0.000 0.000 839.553 807.757
0.000 0.000 851.993 0.000 0.000 0.000 0.000 902.010
590.058 0.000 0.000 0.000 0.000 0.000 0.000 0.000
644.256 594.206 765.680 0.000 362.191 525.959 0.000 0.000
470.689 0.000 701.591 756.573 0.000 0.000 980.577 442.753
378.072 0.000 0.000 0.000 346.439 606.627 505.553 795.654
452.099 534.683 0.000 665.323 333.356 677.111 0.000 0.000
301.176 948.830 714.895 842.060 0.000 0.000 0.000 877.390
995.822 0.000 525.861 748.979 554.837 0.000 0.000 0.000
0.000 823.911 0.000 0.000 810.763 308.138 724.475 0.000
0.000 0.000 0.000 966.781 0.000 0.000 694.855 0.000
0.000 867.053 628.232 0.000 0.000 0.000 355.665 383.982
435.284 835.676 0.000 531.814 0.000 826.546 757.413 899.434
0.000 869.976 766.849 414.422 862.402 828.894 707.597 602.937
816.758 667.880 0.000 0.000 0.000 0.000 627.028 0.000
523.299 0.000 477.263 0.000 908.224 0.000 0.000 0.000
0.000 416.648 0.000 0.000 0.000 0.000 878.677 692.384
995.187 0.000 0.000 590.117 0.000 0.000 0.000 0.000
0.000 636.235 693.071 0.000 0.000 704.093 930.294 0.000
0.000 0.000 783.258 0.000 0.000 848.587 0.000 0.000
0.000 0.000 722.888 658.139 0.000 0.000 510.431 590.204
398.838 612.648 318.227 0.000 0.000 758.043 0.000 0.000
0.000 0.000 0.000 0.000 0.000 0.000 566.335 0.000
0.000 0.000 536.572 817.700 0.000 718.353 928.955 0.000
0.000 0.000 574.484 935.297 986.663 740.605 0.000 0.000
343.376 433.968 460.626 0.000 0.000 962.487 997.352 359.825
517.823 0.000 863.544 0.000 800.581 0.000 0.000 847.066
676.818 0.000 865.612 0.000 0.000 0.000 0.000 0.000
0.000 0.000 387.374 0.000 590.706 399.378 635.808 0.000
455.087 813.285 0.000 791.175 0.000 983.982 0.000 774.686
0.000 0.000 580.409 882.330 942.276 896.610 441.294 867.029
921.827 0.000 608.115 389.884 567.153 947.631 917.964 0.000
0.000 506.244 0.000 904.884 855.191 0.000 425.495 812.754
405.474 872.511 0.000 0.000 648.898 821.021 996.629 0.000
0.000 0.000 464.328 0.000 0.000 0.000 0.000 0.000
0.000 0.000 0.000 881.575 365.529 929.027 0.000 0.000
0.000 639.302 0.000 796.922 400.246 0.000 752.104 0.000
817.556 389.417 783.141 695.354 0.000 0.000 491.917 0.000
613.622 0.000 0.000 0.000 703.548 692.996 0.000 490.860
517.699 0.000 0.000 529.585 0.000 765.172 906.179 714.742
745.871 0.000 441.758 708.168 802.657 0.000 0.000 936.247
697.345 417.930 790.317 0.000 461.648 765.279 0.000 0.000
412.814 853.884 0.000 417.550 0.000 451.966 655.664 469.820
839.602 0.000 0.000 0.000 310.836 0.000 595.035 0.000
956.224 654.499 989.507 0.000 864.410 384.217 522.295 630.193
0.000 745.373 342.237 970.068 0.000 429.030 0.000 828.817
791.272 0.000 0.000 0.000 0.000 858.544 361.060 0.000
0.000 0.000 0.000 0.000 0.000 703.267 0.000 662.515
611.601 0.000 0.000 313.021 848.775 0.000 0.000 0.000
0.000 0.000 0.000 910.205 949.852 739.271 0.000 0.000
0.000 0.000 591.678 0.000 0.000 0.000 730.347 832.579
631.077 578.671 579.214 0.000 0.000 0.000 581.520 0.000
382.007 549.233 0.000 880.051 981.750 0.000 0.000 586.238
358.081 0.000 787.999 503.132 419.905 495.515 408.551 418.257
995.781 0.000 0.000 921.050 0.000 569.526 0.000 654.843
623.521 302.652 0.000 0.000 0.000 0.000 0.000 0.000
0.000 763.061 482.732 0.000 0.000 943.466 0.000 669.528
0.000 946.912 0.000 0.000 525.622 0.000 0.000 695.021
309.954 0.000 0.000 878.890 728.039 0.000 0.000 0.000
605.418 0.000 0.000 614.605 0.000 0.000 0.000 0.000
876.972 0.000 624.146 709.441 0.000 0.000 0.000 606.179
727.884 0.000 0.000 330.638 0.000 941.013 0.000 420.989
497.696 0.000 0.000 881.546 0.000 0.000 0.000 377.692
0.000 0.000 0.000 932.887 739.199 0.000 0.000 0.000
839.354 836.639 365.534 0.000 0.000 0.000 404.088 837.170
306.496 0.000 393.470 0.000 0.000 729.442 0.000 0.000
0.000 0.000 0.000 0.000 0.000 709.567 0.000 0.000
0.000 866.499 548.998 465.511 464.259 0.000 720.062 0.000
911.565 462.148 375.787 318.291 779.103 0.000 0.000 651.162
0.000 823.968 0.000 0.000 0.000 0.000 0.000 718.055
0.000 0.000 0.000 0.000 0.000 0.000 0.000 933.347
0.000 691.746 0.000 379.368 958.138 0.000 0.000 0.000
414.776 494.460 381.737 0.000 523.382 0.000 840.802 322.185
0.000 351.846 0.000 748.272 0.000 964.731 0.000 0.000
952.602 0.000 0.000 0.000 940.535 347.988 0.000 302.879
0.000 921.526 412.707 749.432 0.000 580.377 0.000 739.609
0.000 0.000 861.091 0.000 0.000 0.000 0.000 922.837
0.000 370.561 0.000 0.000 463.949 0.000 0.000 0.000
790.673 0.000 909.114 0.000 939.890 639.417 707.565 0.000
0.000 981.300 951.262 626.656 0.000 0.000 936.256 961.794
581.434 749.063 0.000 634.017 530.034 962.627 0.000 0.000
827.819 529.961 571.513 418.352 845.099 0.000 432.327 0.000
0.000 738.454 436.987 0.000 0.000 0.000 0.000 0.000
0.000 0.000 0.000 315.694 0.000 311.282 0.000 0.000
0.000 0.000 470.936 0.000 0.000 302.915 0.000 415.949
0.000 0.000 0.000 805.907 0.000 636.493 0.000 0.000
0.000 0.000 0.000 852.285 0.000 0.000 0.000 912.612
379.830 0.000 0.000 711.141 681.730 0.000 785.881 855.164
953.663 961.819 0.000 0.000 911.001 324.603 604.440 0.000
0.000 448.026 493.337 677.143 0.000 0.000 757.137 0.000
514.694 0.000 0.000 0.000 0.000 371.295 310.062 0.000
0.000 615.276 707.125 688.839 354.727 653.271 0.000 0.000
519.929 561.177 776.716 0.000 0.000 0.000 0.000 320.643
0.000 0.000 0.000 317.505 326.838 610.334 351.939 0.000
0.000 0.000 953.903 0.000 720.896 0.000 990.324 0.000
0.000 0.000 0.000 798.524 0.000 0.000 439.380 934.231
0.000 0.000 0.000 501.317 0.000 0.000 549.189 959.030
790.730 0.000 361.225 746.377 0.000 712.535 837.848 0.000
587.234 553.629 883.019 763.819 798.448 864.183 523.184 0.000
0.000 0.000 0.000 0.000 406.062 681.932 768.071 0.000
0.000 0.000 0.000 0.000 959.828 377.240 0.000 0.000
324.525 0.000 577.035 0.000 0.000 0.000 720.066 0.000
819.791 0.000 0.000 724.106 840.159 928.517 0.000 964.651
0.000 958.970 0.000 0.000 747.961 648.098 0.000 570.577
607.909 0.000 953.538 389.094 690.163 314.578 0.000 626.792
0.000 0.000 325.093 0.000 0.000 0.000 0.000 659.782
965.945 0.000 949.966 847.132 0.000 889.336 315.459 510.515
762.425 802.316 0.000 634.949 0.000 0.000 0.000 744.627
849.041 322.018 327.653 0.000 0.000 0.000 0.000 686.640
0.000 709.758 961.382 766.660 364.411 0.000 749.696 0.000
0.000 0.000 705.306 0.000 0.000 822.196 0.000 742.614
882.983 0.000 0.000 0.000 677.605 0.000 0.000 319.682
0.000 0.000 923.598 0.000 0.000 846.936 610.265 0.000
485.736 366.007 0.000 321.135 681.301 0.000 0.000 656.325
0.000 0.000 0.000 0.000 0.000 0.000 774.170 0.000
0.000 0.000 397.106 476.683 0.000 308.288 0.000 0.000
599.517 560.741 0.000 303.618 0.000 0.000 0.000 0.000
428.590 0.000 557.202 0.000 796.138 886.731 888.124 558.089
888.825 0.000 626.257 0.000 998.464 0.000 0.000 0.000
671.897 696.413 787.855 0.000 0.000 0.000 843.587 0.000
0.000 0.000 0.000 0.000 926.683 0.000 867.567 443.842
615.404 404.299 918.379 0.000 0.000 0.000 560.384 0.000
0.000 0.000 0.000 482.879 0.000 968.137 0.000 0.000
713.892 0.000 0.000 0.000 753.686 0.000 0.000 506.880
696.153 0.000 717.797 404.937 358.840 389.941 0.000 0.000
322.628 0.000 811.317 558.839 0.000 0.000 0.000 0.000
0.000 0.000 852.767 0.000 0.000 0.000 0.000 0.000
0.000 0.000 0.000 0.000 826.145 0.000 0.000 0.000
0.000 0.000 0.000 955.290 755.013 615.125 0.000 796.528
0.000 310.816 0.000 560.851 686.117 434.067 372.230 0.000
0.000 0.000 388.426 624.343 716.330 0.000 468.564 0.000
434.030 0.000 0.000 0.000 801.618 0.000 868.575 0.000
0.000 426.434 0.000 0.000 927.556 928.701 372.247 0.000
0.000 813.059 0.000 0.000 0.000 0.000 0.000 0.000
0.000 526.711 579.761 0.000 533.291 698.209 0.000 0.000
0.000 830.346 482.685 646.232 0.000 321.654 433.469 0.000
444.386 0.000 929.573 0.000 866.179 0.000 682.513 0.000
0.000 609.767 303.511 0.000 0.000 0.000 0.000 0.000
422.491 926.185 323.585 0.000 0.000 0.000 0.000 0.000
898.742 0.000 679.467 910.124 0.000 944.575 0.000 0.000
0.000 557.119 0.000 0.000 873.380 630.269 433.966 0.000
320.463 0.000 956.062 802.307 0.000 0.000 596.325 0.000
0.000 0.000 0.000 0.000 583.794 858.983 962.945 0.000
642.917 0.000 697.425 0.000 935.388 974.876 780.226 735.303
0.000 893.803 995.494 370.527 0.000 0.000 973.925 0.000
0.000 976.171 684.668 0.000 727.343 0.000 0.000 0.000
445.735 0.000 988.388 0.000 0.000 0.000 0.000 351.738
0.000 0.000 547.457 0.000 672.363 0.000 0.000 431.648
623.275 0.000 393.001 614.702 0.000 338.155 0.000 896.661
0.000 561.943 495.398 0.000 0.000 519.668 0.000 0.000
360.470 0.000 511.242 0.000 0.000 0.000 0.000 834.100
0.000 514.289 474.430 0.000 0.000 0.000 0.000 922.643
0.000 313.608 0.000 531.727 0.000 601.343 0.000 0.000
0.000 477.097 0.000 0.000 0.000 0.000 0.000 0.000
976.980 392.833 0.000 0.000 0.000 0.000 0.000 0.000
559.158 0.000 0.000 481.466 0.000 691.964 0.000 0.000
546.142 320.360 0.000 0.000 550.585 0.000 0.000 622.574
472.139 486.658 0.000 519.032 774.006 0.000 661.053 0.000
0.000 0.000 404.682 0.000 0.000 879.181 403.527 0.000
0.000 622.796 893.375 959.445 0.000 0.000 0.000 0.000
758.653 0.000 460.188 872.922 0.000 0.000 0.000 670.550
696.992 766.613 0.000 345.893 0.000 0.000 0.000 643.064
0.000 942.702 0.000 0.000 0.000 0.000 0.000 798.997
533.564 0.000 0.000 0.000 821.227 0.000 0.000 0.000
564.073 0.000 0.000 677.646 0.000 0.000 730.862 0.000
664.700 483.077 0.000 0.000 328.062 647.709 614.246 0.000
0.000 0.000 0.000 600.782 486.703 0.000 345.182 779.190
0.000 0.000 562.764 577.818 821.499 0.000 0.000 450.013
748.908 659.315 0.000 557.615 0.000 0.000 0.000 619.593
988.666 445.780 626.842 0.000 0.000 0.000 0.000 0.000
545.667 0.000 708.637 860.241 0.000 597.019 484.032 984.776
511.765 359.236 610.229 0.000 805.262 596.026 604.666 985.179
392.386 0.000 0.000 687.962 687.797 0.000 0.000 0.000
0.000 991.542 0.000 847.957 0.000 0.000 411.858 652.744
377.774 0.000 0.000 0.000 527.757 718.411 0.000 0.000
0.000 687.923 0.000 0.000 0.000 745.064 665.052 0.000
554.608 883.816 667.709 883.595 0.000 338.163 0.000 0.000
0.000 897.918 0.000 0.000 0.000 0.000 863.987 420.909
0.000 837.697 854.427 0.000 0.000 316.553 0.000 0.000
997.324 997.427 715.289 940.610 648.737 0.000 0.000 696.245
561.556 762.455 537.155 0.000 0.000 825.973 0.000 882.476
884.395 679.092 389.403 0.000 0.000 520.553 0.000 993.037
630.428 756.263 536.105 0.000 577.750 759.787 862.324 755.333
763.384 537.604 990.389 862.930 565.040 563.636 0.000 0.000
0.000 390.249 0.000 380.859 0.000 932.916 578.213 0.000
592.542 486.296 0.000 969.598 347.570 959.876 0.000 877.052
613.865 712.366 834.110 847.404 0.000 740.912 457.229 0.000
0.000 0.000 947.927 675.128 625.755 0.000 0.000 663.442
987.956 737.944 644.079 384.527 926.018 513.711 0.000 0.000
0.000 341.715 0.000 0.000 980.182 594.855 848.480 586.820
0.000 0.000 0.000 0.000 0.000 453.334 666.444 387.390
534.980 781.955 0.000 775.987 0.000 0.000 466.672 534.690
539.000 0.000 0.000 0.000 0.000 0.000 0.000 853.669
763.937 0.000 465.811 0.000 0.000 0.000 0.000 664.480
557.417 0.000 642.377 0.000 0.000 0.000 788.283 0.000
366.131 481.512 524.131 0.000 0.000 0.000 0.000 0.000
0.000 722.714 0.000 650.921 756.527 0.000 0.000 885.357
0.000 838.888 0.000 0.000 892.976 0.000 367.453 570.174
0.000 967.348 963.890 0.000 655.352 455.277 761.009 0.000
0.000 557.494 400.726 0.000 0.000 0.000 667.697 712.905
850.706 841.234 739.300 0.000 0.000 0.000 0.000 0.000
0.000 400.056 0.000 0.000 0.000 571.016 779.306 970.972
806.087 0.000 0.000 0.000 869.363 498.511 0.000 794.658
0.000 0.000 368.134 0.000 0.000 535.536 0.000 443.254
0.000 474.901 0.000 351.169 0.000 603.952 0.000 0.000
0.000 0.000 0.000 0.000 850.726 0.000 0.000 635.369
883.689 0.000 548.968 603.324 669.408 910.526 518.474 0.000
0.000 533.565 682.902 0.000 746.389 725.810 456.437 0.000
0.000 0.000 495.033 0.000 0.000 369.654 0.000 0.000
0.000 0.000 383.411 0.000 410.086 0.000 848.539 387.896
383.194 0.000 0.000 0.000 523.209 0.000 657.239 806.885
657.985 763.486 0.000 0.000 0.000 352.141 594.637 679.608
0.000 539.358 0.000 507.223 598.697 650.633 0.000 0.000
483.424 308.111 949.218 0.000 0.000 589.196 881.518 922.982
507.519 0.000 632.310 357.167 0.000 0.000 0.000 673.779
0.000 675.097 758.208 795.908 0.000 0.000 472.628 0.000
0.000 817.762 0.000 476.099 0.000 474.300 381.731 929.222
746.902 570.655 0.000 847.989 0.000 323.254 696.742 594.385
0.000 849.558 0.000 0.000 0.000 0.000 895.545 0.000
0.000 0.000 652.246 0.000 325.391 991.058 0.000 0.000
0.000 0.000 312.781 0.000 0.000 0.000 917.775 664.332
436.748 737.986 458.190 344.503 725.437 681.102 334.016 0.000
338.954 485.560 0.000 644.185 0.000 989.081 0.000 647.846
944.680 895.868 351.249 880.366 855.645 0.000 311.354 675.026
0.000 0.000 496.976 489.619 960.659 0.000 0.000 826.902
0.000 0.000 0.000 365.655 387.242 0.000 0.000 0.000
716.127 0.000 0.000 955.740 0.000 680.745 395.259 0.000
587.805 0.000 374.565 303.813 671.363 0.000 0.000 0.000
750.511 0.000 552.451 533.797 0.000 604.942 503.518 434.796
0.000 709.658 0.000 0.000 0.000 467.424 884.871 435.341
0.000 781.867 0.000 601.521 371.386 842.880 0.000 687.790
0.000 0.000 924.171 739.425 527.236 0.000 941.715 0.000
960.919 338.748 0.000 367.702 0.000 0.000 885.200 0.000
908.264 0.000 316.508 642.143 0.000 0.000 0.000 720.853
415.641 511.022 313.743 336.262 588.440 0.000 0.000 704.120
0.000 0.000 0.000 976.976 0.000 0.000 0.000 0.000
0.000 567.234 0.000 0.000 0.000 486.774 573.338 0.000
597.125 0.000 0.000 438.358 0.000 711.065 0.000 0.000
907.435 0.000 648.151 0.000 0.000 724.514 674.043 0.000
632.491 0.000 0.000 939.953 0.000 0.000 433.499 0.000
546.071 0.000 0.000 0.000 0.000 0.000 690.538 0.000
941.691 569.672 943.459 876.992 0.000 0.000 633.567 0.000
319.194 0.000 0.000 0.000 0.000 0.000 406.468 0.000
0.000 662.879 616.713 606.080 0.000 0.000 0.000 996.324
0.000 0.000 417.071 770.007 581.969 0.000 0.000 416.630
735.291 977.928 0.000 0.000 0.000 0.000 417.461 0.000
971.918 0.000 0.000 0.000 380.392 0.000 0.000 546.854
336.988 0.000 0.000 811.850 0.000 369.370 475.328 906.791
0.000 998.733 0.000 0.000 903.046 897.102 531.742 445.645
909.805 811.421 0.000 801.608 845.735 0.000 0.000 848.951
771.930 804.785 700.628 765.030 520.612 476.345 995.001 0.000
0.000 788.615 787.819 930.846 327.272 0.000 0.000 0.000
528.929 662.518 423.993 371.615 0.000 342.803 0.000 755.190
931.018 435.394 376.109 399.093 0.000 948.935 0.000 0.000
450.376 801.407 906.445 0.000 0.000 638.600 666.869 765.330
0.000 457.527 0.000 947.856 488.769 0.000 0.000 489.490
308.070 0.000 709.885 966.614 0.000 354.175 0.000 405.775
0.000 842.693 710.693 836.425 0.000 0.000 0.000 0.000
0.000 488.383 0.000 0.000 787.577 0.000 673.591 0.000
0.000 495.169 413.562 334.952 0.000 0.000 899.396 0.000
789.817 0.000 0.000 0.000 676.560 0.000 0.000 540.923
730.545 853.800 540.702 0.000 693.469 919.179 798.792 643.390
970.966 0.000 0.000 0.000 686.155 0.000 0.000 0.000
542.483 0.000 304.303 0.000 521.743 657.102 753.789 922.180
402.870 994.217 0.000 0.000 366.246 958.609 421.425 0.000
300.592 0.000 800.326 775.005 0.000 838.518 349.456 814.258
313.822 949.222 900.709 0.000 488.167 496.444 0.000 872.996
0.000 0.000 0.000 0.000 0.000 434.782 0.000 511.376
352.318 0.000 0.000 645.572 534.390 568.035 0.000 0.000
622.027 626.173 884.726 754.297 0.000 0.000 888.685 0.000
0.000 0.000 0.000 877.182 858.970 745.836 0.000 0.000
881.092 507.856 0.000 0.000 0.000 306.217 0.000 364.404
738.249 0.000 0.000 0.000 446.985 0.000 0.000 548.226
401.252 538.786 474.850 436.553 0.000 0.000 559.816 935.137
0.000 345.893 883.327 732.362 647.362 0.000 0.000 557.285
0.000 0.000 685.854 730.745 0.000 985.752 0.000 0.000
320.815 520.586 0.000 0.000 0.000 373.631 0.000 0.000
0.000 0.000 0.000 930.750 0.000 443.877 329.878 310.581
499.083 0.000 0.000 595.220 884.925 478.447 803.877 696.867
350.685 356.548 0.000 0.000 331.372 0.000 808.523 708.693
845.907 424.810 0.000 897.618 368.750 576.396 0.000 0.000
0.000 0.000 0.000 903.416 0.000 0.000 914.910 0.000
0.000 0.000 358.303 738.105 543.220 470.228 0.000 311.014
674.213 0.000 0.000 0.000 719.783 0.000 0.000 0.000
0.000 0.000 619.570 0.000 339.229 0.000 0.000 0.000
0.000 337.845 0.000 418.989 358.420 629.696 608.391 0.000
954.224 992.507 0.000 0.000 0.000 0.000 0.000 0.000
654.168 0.000 0.000 0.000 964.977 0.000 0.000 800.248
577.907 681.144 0.000 442.662 0.000 0.000 832.008 0.000
0.000 926.226 0.000 0.000 0.000 711.541 619.418 0.000
401.745 775.348 0.000 0.000 723.214 0.000 0.000 0.000
326.470 817.630 348.505 734.894 825.489 316.930 0.000 0.000
0.000 368.962 0.000 506.853 0.000 355.964 730.309 0.000
909.203 0.000 0.000 498.189 0.000 0.000 582.055 0.000
0.000 0.000 551.759 0.000 0.000 975.112 0.000 0.000
0.000 628.114 932.053 592.853 0.000 365.795 839.383 724.797
644.454 346.183 981.032 0.000 0.000 0.000 0.000 338.122
0.000 0.000 438.349 0.000 696.373 0.000 781.635 952.771
0.000 0.000 0.000 0.000 0.000 992.296 0.000 930.435
0.000 697.801 0.000 439.622 0.000 556.394 0.000 453.619
866.999 0.000 574.765 0.000 798.488 895.928 470.692 0.000
0.000 0.000 389.127 748.155 0.000 0.000 891.080 0.000
0.000 0.000 0.000 863.312 0.000 0.000 0.000 0.000
949.538 476.118 0.000 380.026 857.014 662.049 978.309 793.136
0.000 0.000 714.374 740.255 0.000 0.000 0.000 710.423
0.000 742.153 954.616 755.747 0.000 326.048 0.000 0.000
0.000 0.000 0.000 398.925 813.186 0.000 0.000 462.123
513.195 0.000 0.000 0.000 0.000 0.000 0.000 0.000
363.638 522.967 735.692 959.704 0.000 0.000 513.650 0.000
0.000 0.000 0.000 0.000 787.075 933.847 0.000 447.945
0.000 400.766 0.000 337.337 784.357 447.533 0.000 0.000
0.000 540.969 0.000 933.796 712.882 0.000 0.000 828.878
470.150 0.000 0.000 494.791 0.000 514.063 0.000 0.000
0.000 0.000 0.000 0.000 613.189 431.940 0.000 355.927
523.184 801.631 0.000 0.000 664.239 868.647 0.000 0.000
0.000 0.000 568.599 0.000 0.000 0.000 0.000 908.154
904.970 0.000 0.000 437.102 0.000 644.198 0.000 0.000
390.106 0.000 563.132 0.000 0.000 0.000 0.000 0.000
773.899 0.000 698.934 0.000 716.973 0.000 319.176 683.387
0.000 840.470 0.000 0.000 564.363 0.000 395.483 437.534
975.425 0.000 743.605 871.281 0.000 0.000 899.959 0.000
0.000 820.292 424.495 0.000 0.000 697.157 0.000 346.786
0.000 0.000 912.056 846.928 0.000 549.924 0.000 0.000
686.643 0.000 407.521 849.692 0.000 931.938 0.000 691.153
905.419 0.000 450.631 369.679 855.264 0.000 710.287 302.151
0.000 0.000 546.571 0.000 396.670 0.000 335.444 400.432
0.000 0.000 0.000 0.000 0.000 0.000 504.281 0.000
0.000 0.000 0.000 709.700 0.000 468.002 0.000 534.256
372.331 701.248 692.023 810.162 469.481 642.333 0.000 721.976
357.045 643.834 893.886 580.510 0.000 0.000 0.000 362.493
692.667 508.337 0.000 0.000 327.837 324.914 523.952 347.696
0.000 675.222 865.203 607.714 720.109 920.547 0.000 0.000
339.050 0.000 555.967 0.000 819.221 838.715 758.305 591.200
0.000 651.766 0.000 507.126 625.938 0.000 0.000 0.000
457.764 793.276 0.000 0.000 0.000 929.134 553.088 0.000
0.000 0.000 0.000 0.000 0.000 736.581 0.000 444.911
0.000 528.364 0.000 0.000 0.000 437.164 0.000 820.964
449.140 817.351 405.512 541.809 447.775 0.000 0.000 0.000
994.783 0.000 0.000 0.000 0.000 806.646 613.334 0.000
415.565 556.956 0.000 0.000 0.000 603.769 649.706 829.906
448.182 0.000 0.000 0.000 511.119 865.684 0.000 329.506
556.635 0.000 615.981 341.839 0.000 0.000 0.000 0.000
0.000 0.000 535.684 659.199 0.000 0.000 0.000 375.699
0.000 0.000 0.000 0.000 407.319 751.722 0.000 0.000
0.000 0.000 537.712 0.000 909.575 892.675 0.000 520.146
933.302 805.229 0.000 0.000 0.000 0.000 0.000 616.523
0.000 484.706 0.000 767.389 587.968 355.160 0.000 663.585
0.000 0.000 0.000 468.646 0.000 0.000 447.301 0.000
0.000 495.092 723.477 325.197 0.000 957.025 346.681 830.327
0.000 423.242 0.000 0.000 0.000 0.000 550.039 0.000
0.000 0.000 0.000 0.000 0.000 882.588 0.000 0.000
673.711 0.000 690.121 564.093 527.299 739.868 718.595 418.595
