948.142 0.000 840.366 0.000 599.503 0.000 670.997 421.830
896.317 556.642 0.000 0.000 389.122 867.720 775.548 0.000
0.000 0.000 0.000 0.000 0.000 0.000 745.608 450.423
0.000 627.802 0.000 534.089 434.379 0.000 764.612 576.956
0.000 0.000 0.000 580.961 751.114 749.567 0.000 0.000
0.000 983.501 0.000 706.390 334.353 768.020 0.000 713.844
0.000 934.143 0.000 431.449 301.039 0.000 0.000 373.856
0.000 0.000 0.000 716.124 638.869 0.000 458.351 570.863
382.818 0.000 474.639 0.000 577.256 0.000 390.353 431.918
0.000 0.000 0.000 0.000 0.000 476.746 570.865 959.447
0.000 0.000 0.000 729.821 0.000 0.000 687.438 889.722
0.000 455.407 453.288 602.439 0.000 0.000 0.000 333.781
771.606 0.000 979.591 850.290 740.106 0.000 0.000 569.725
707.972 0.000 0.000 854.181 462.936 0.000 337.558 515.102
0.000 613.967 0.000 455.125 0.000 0.000 0.000 0.000
0.000 957.076 754.513 0.000 357.529 0.000 351.127 0.000
304.972 987.739 0.000 0.000 689.574 0.000 0.000 0.000
0.000 0.000 0.000 0.000 0.000 688.371 0.000 794.223
0.000 536.414 0.000 810.154 0.000 612.495 615.543 416.652
529.613 0.000 635.221 993.400 0.000 0.000 589.775 0.000
524.008 0.000 0.000 790.313 0.000 0.000 0.000 0.000
0.000 767.138 0.000 0.000 771.578 878.068 511.110 0.000
0.000 957.197 553.878 531.207 746.571 428.986 0.000 0.000
689.790 0.000 334.479 0.000 535.248 745.702 0.000 0.000
0.000 0.000 615.838 929.154 0.000 0.000 0.000 414.669
0.000 0.000 0.000 0.000 611.765 647.994 0.000 0.000
856.887 0.000 524.590 0.000 791.160 839.524 0.000 902.175
0.000 0.000 686.748 911.204 0.000 0.000 411.859 448.131
869.291 423.551 0.000 862.431 915.856 0.000 989.282 500.658
0.000 880.065 324.850 442.031 0.000 820.102 627.778 0.000
0.000 0.000 627.930 0.000 674.692 0.000 0.000 0.000
0.000 0.000 730.559 512.930 772.606 842.575 707.846 643.455
579.815 0.000 0.000 398.882 815.695 0.000 370.820 0.000
630.963 966.455 524.007 733.010 0.000 546.396 524.452 473.765
367.289 0.000 0.000 0.000 0.000 465.624 0.000 672.464
616.205 0.000 0.000 0.000 0.000 803.182 556.376 378.357
0.000 0.000 861.166 770.396 0.000 380.725 0.000 0.000
0.000 835.705 926.950 0.000 0.000 0.000 0.000 0.000
795.720 0.000 707.719 0.000 454.328 0.000 562.997 0.000
495.017 0.000 0.000 0.000 0.000 0.000 0.000 987.901
360.532 552.525 755.277 0.000 344.833 727.763 0.000 820.783
833.812 0.000 0.000 993.811 699.178 0.000 678.525 408.230
0.000 593.755 390.767 957.072 820.241 0.000 317.691 0.000
875.921 352.152 0.000 686.025 646.909 308.240 627.730 0.000
0.000 0.000 527.089 908.915 0.000 475.940 0.000 0.000
473.761 582.014 649.651 783.819 0.000 309.295 584.129 432.150
970.315 0.000 0.000 836.624 0.000 0.000 792.800 0.000
0.000 0.000 0.000 0.000 462.132 327.344 788.060 0.000
0.000 699.052 0.000 0.000 0.000 0.000 0.000 855.030
728.143 812.221 573.675 0.000 0.000 738.097 0.000 0.000
470.548 771.455 734.914 323.931 478.330 0.000 0.000 638.379
760.827 0.000 945.904 0.000 0.000 911.826 0.000 796.061
0.000 0.000 0.000 0.000 0.000 888.928 422.590 973.396
0.000 0.000 785.934 865.045 0.000 760.435 369.474 766.529
0.000 950.797 0.000 507.109 805.567 0.000 360.259 987.439
0.000 0.000 698.590 394.880 0.000 0.000 659.933 0.000
0.000 0.000 0.000 303.859 0.000 0.000 0.000 0.000
0.000 0.000 895.510 537.688 0.000 681.780 856.603 540.903
0.000 551.632 0.000 0.000 580.983 766.642 0.000 0.000
0.000 656.380 0.000 962.478 349.991 0.000 357.561 371.738
0.000 0.000 506.436 711.279 495.143 0.000 320.337 329.198
0.000 0.000 372.306 0.000 0.000 840.558 0.000 0.000
906.678 575.275 840.933 431.363 844.076 0.000 0.000 792.430
0.000 0.000 0.000 726.713 467.210 0.000 0.000 935.041
811.956 0.000 0.000 0.000 0.000 511.368 0.000 481.644
0.000 0.000 0.000 952.860 943.636 453.769 967.254 0.000
938.719 0.000 0.000 926.544 0.000 698.951 0.000 884.739
0.000 347.450 924.380 0.000 665.552 342.633 0.000 0.000
0.000 0.000 523.661 854.735 0.000 0.000 596.125 528.113
644.316 374.657 0.000 0.000 640.080 0.000 0.000 0.000
903.545 0.000 0.000 428.329 0.000 570.100 864.991 576.898
0.000 0.000 676.878 772.229 676.029 0.000 511.082 0.000
0.000 896.271 0.000 0.000 331.767 0.000 0.000 0.000
0.000 0.000 0.000 943.389 0.000 0.000 681.294 0.000
721.357 678.176 475.932 0.000 0.000 0.000 849.835 0.000
0.000 0.000 0.000 0.000 0.000 0.000 963.101 0.000
0.000 543.532 0.000 0.000 996.775 465.215 431.735 869.471
0.000 0.000 0.000 486.133 0.000 703.917 728.934 681.608
0.000 837.247 835.572 0.000 0.000 839.605 947.913 672.969
0.000 0.000 0.000 472.207 0.000 821.389 604.355 665.169
0.000 408.820 434.331 956.682 0.000 606.077 0.000 410.189
0.000 0.000 388.574 0.000 498.152 0.000 0.000 619.023
434.574 0.000 0.000 895.899 0.000 928.550 0.000 406.567
0.000 546.318 971.571 671.985 320.199 0.000 968.179 753.182
0.000 0.000 647.156 0.000 981.522 0.000 0.000 673.027
0.000 0.000 840.778 878.862 909.066 0.000 0.000 0.000
573.347 906.268 0.000 313.358 0.000 316.332 0.000 323.062
707.311 366.775 0.000 656.803 466.484 0.000 0.000 0.000
0.000 442.592 0.000 0.000 0.000 0.000 0.000 0.000
520.876 809.583 479.253 582.746 0.000 0.000 0.000 547.448
0.000 411.229 304.719 652.298 782.708 529.289 707.622 532.632
826.729 710.534 504.844 693.732 0.000 0.000 0.000 772.532
0.000 489.795 0.000 0.000 0.000 938.300 0.000 0.000
0.000 945.710 0.000 0.000 505.624 974.747 521.942 912.684
569.665 0.000 522.567 315.884 0.000 624.092 0.000 0.000
0.000 0.000 0.000 0.000 0.000 565.405 0.000 716.653
0.000 807.511 0.000 397.925 982.186 696.811 552.035 463.010
0.000 423.653 0.000 679.763 409.636 0.000 0.000 906.643
955.297 476.630 773.729 0.000 808.782 0.000 690.859 0.000
930.141 430.031 0.000 0.000 0.000 777.734 0.000 686.799
0.000 0.000 835.131 477.682 528.175 986.094 0.000 0.000
0.000 824.535 436.083 351.775 414.525 0.000 887.041 0.000
340.333 0.000 784.927 0.000 0.000 0.000 715.163 901.954
924.096 518.312 569.794 387.497 899.705 0.000 0.000 435.754
972.584 0.000 418.642 0.000 889.616 0.000 925.058 854.890
0.000 462.277 504.725 0.000 0.000 0.000 745.796 0.000
391.635 848.069 0.000 0.000 304.247 962.911 991.506 734.805
0.000 459.146 0.000 467.900 0.000 891.383 591.185 0.000
0.000 539.036 763.228 378.665 503.364 487.122 0.000 502.050
846.185 847.802 945.316 0.000 621.087 0.000 0.000 565.173
0.000 0.000 0.000 0.000 0.000 784.597 347.478 0.000
905.215 554.996 856.561 0.000 0.000 0.000 0.000 430.491
0.000 0.000 0.000 321.860 396.885 902.297 358.220 0.000
706.015 0.000 771.339 0.000 0.000 0.000 759.267 0.000
0.000 0.000 0.000 0.000 0.000 0.000 373.302 373.236
0.000 306.861 343.900 0.000 0.000 0.000 805.281 663.721
0.000 939.611 0.000 0.000 547.907 339.698 0.000 970.122
565.237 0.000 752.488 0.000 815.715 0.000 590.655 901.995
0.000 0.000 0.000 723.566 0.000 552.831 551.145 874.617
340.443 807.695 0.000 0.000 819.316 637.729 0.000 0.000
0.000 0.000 0.000 544.138 478.945 0.000 0.000 0.000
0.000 587.389 0.000 697.730 0.000 526.756 768.596 451.542
302.510 0.000 664.187 0.000 940.625 0.000 590.475 0.000
517.464 0.000 514.238 927.388 369.615 0.000 0.000 0.000
923.898 614.821 0.000 0.000 0.000 0.000 555.294 0.000
841.448 343.317 0.000 0.000 566.719 389.379 879.148 422.362
0.000 923.834 604.397 0.000 0.000 464.257 878.438 752.999
363.239 0.000 475.138 0.000 983.424 0.000 0.000 515.660
0.000 0.000 925.299 0.000 634.199 0.000 906.206 651.781
0.000 0.000 381.855 496.041 448.377 341.158 421.361 0.000
0.000 0.000 0.000 0.000 807.361 0.000 0.000 0.000
360.271 0.000 0.000 308.439 631.643 0.000 0.000 769.631
0.000 0.000 0.000 0.000 0.000 0.000 794.955 954.470
629.425 0.000 0.000 0.000 680.925 588.734 0.000 0.000
0.000 358.350 335.903 0.000 646.375 505.964 497.432 903.112
633.283 734.094 0.000 810.591 0.000 602.688 0.000 363.366
880.285 730.882 612.097 481.608 0.000 0.000 417.476 616.623
558.922 0.000 385.634 567.164 952.026 574.099 338.274 579.930
593.596 698.390 489.869 0.000 0.000 0.000 0.000 0.000
0.000 0.000 0.000 464.437 0.000 988.281 414.457 793.236
926.329 0.000 754.827 0.000 429.144 0.000 0.000 950.991
0.000 684.705 554.321 459.583 0.000 0.000 316.691 844.024
515.834 0.000 618.258 0.000 0.000 0.000 0.000 0.000
690.349 0.000 724.510 0.000 0.000 0.000 0.000 0.000
0.000 0.000 704.189 0.000 0.000 0.000 703.536 0.000
473.111 0.000 558.860 0.000 337.306 0.000 475.470 873.011
0.000 0.000 0.000 0.000 478.177 0.000 786.327 420.963
994.091 329.099 0.000 0.000 0.000 617.161 806.131 0.000
494.806 567.730 0.000 0.000 450.716 0.000 869.250 956.017
0.000 713.450 0.000 0.000 0.000 0.000 0.000 0.000
384.338 0.000 950.936 566.615 0.000 0.000 0.000 586.140
0.000 0.000 807.564 465.227 0.000 0.000 0.000 0.000
0.000 834.569 315.366 723.233 614.307 0.000 879.290 702.770
485.701 0.000 0.000 0.000 601.474 0.000 599.859 0.000
525.989 682.929 630.209 823.822 0.000 875.220 0.000 859.432
612.590 0.000 555.167 465.016 673.305 0.000 712.127 0.000
686.113 987.740 523.137 0.000 559.222 0.000 0.000 308.224
914.376 0.000 550.963 937.678 959.480 0.000 0.000 422.921
0.000 0.000 0.000 0.000 0.000 821.222 0.000 976.602
909.330 0.000 393.794 0.000 0.000 934.692 0.000 0.000
565.347 0.000 0.000 694.546 0.000 0.000 713.449 469.833
0.000 0.000 387.155 525.751 348.358 776.186 671.731 700.046
637.139 909.602 743.539 493.479 0.000 468.465 668.568 866.325
748.283 655.634 0.000 734.556 456.790 661.769 986.518 447.828
0.000 0.000 0.000 451.080 513.609 0.000 0.000 869.623
0.000 996.273 0.000 0.000 0.000 678.723 591.354 0.000
876.672 0.000 0.000 0.000 0.000 385.918 312.172 619.769
334.108 0.000 0.000 866.096 0.000 401.905 0.000 405.903
825.277 0.000 743.655 0.000 485.632 872.700 515.874 0.000
487.215 622.359 0.000 0.000 934.070 962.231 0.000 0.000
564.392 491.397 629.702 674.847 698.367 0.000 0.000 480.206
0.000 666.715 935.613 828.650 0.000 0.000 992.827 0.000
827.841 0.000 816.433 954.596 0.000 639.777 0.000 0.000
0.000 773.706 605.870 0.000 944.390 0.000 517.940 0.000
699.153 508.002 0.000 864.387 0.000 546.099 784.341 347.907
927.229 940.926 883.593 977.277 865.423 475.028 452.209 0.000
0.000 721.457 332.284 521.868 816.659 0.000 0.000 513.811
0.000 0.000 0.000 551.529 772.686 0.000 0.000 0.000
0.000 0.000 874.525 0.000 0.000 0.000 0.000 801.072
0.000 0.000 717.359 0.000 481.409 934.571 818.740 0.000
0.000 0.000 0.000 671.598 0.000 0.000 437.235 368.976
0.000 0.000 498.230 0.000 0.000 0.000 977.875 0.000
0.000 368.643 753.641 0.000 0.000 763.768 0.000 0.000
901.126 0.000 0.000 854.092 0.000 0.000 0.000 837.306
697.908 560.281 0.000 0.000 0.000 0.000 505.231 0.000
723.087 0.000 0.000 0.000 486.730 621.435 411.003 0.000
0.000 301.144 809.223 0.000 757.099 0.000 0.000 469.372
0.000 456.905 516.717 600.263 993.920 0.000 0.000 0.000
423.423 914.710 0.000 855.421 601.261 0.000 441.823 0.000
0.000 417.011 989.388 0.000 0.000 685.601 366.328 0.000
0.000 0.000 0.000 592.219 0.000 795.150 0.000 871.500
881.064 409.307 409.941 0.000 584.289 357.691 0.000 0.000
0.000 798.528 0.000 0.000 340.813 0.000 796.784 0.000
747.774 952.379 344.410 389.871 0.000 0.000 870.640 0.000
866.013 636.875 0.000 0.000 0.000 0.000 0.000 0.000
414.413 666.851 0.000 0.000 0.000 0.000 0.000 966.362
0.000 991.411 335.025 0.000 842.255 0.000 503.822 846.625
676.288 0.000 452.420 0.000 727.748 0.000 0.000 0.000
477.072 721.104 0.000 0.000 364.480 446.522 0.000 0.000
375.446 651.656 433.312 0.000 0.000 0.000 0.000 738.007
551.765 530.284 0.000 0.000 0.000 852.094 0.000 0.000
878.509 694.735 618.201 993.811 661.031 0.000 649.213 0.000
0.000 869.259 571.606 0.000 0.000 0.000 0.000 0.000
0.000 0.000 0.000 612.636 0.000 0.000 817.475 543.612
301.953 853.434 0.000 514.563 0.000 632.948 907.715 716.860
715.701 349.769 0.000 639.387 0.000 0.000 0.000 678.117
348.687 950.278 0.000 759.450 645.204 0.000 661.022 514.204
0.000 999.582 0.000 445.096 938.863 0.000 543.756 0.000
0.000 0.000 858.833 0.000 568.372 706.628 363.300 753.696
0.000 960.555 0.000 0.000 0.000 369.403 0.000 941.659
0.000 437.307 970.640 719.902 933.062 480.678 0.000 958.602
0.000 0.000 0.000 0.000 0.000 644.712 0.000 811.547
996.607 672.169 701.084 0.000 0.000 0.000 864.922 0.000
0.000 749.506 853.503 0.000 858.637 647.457 0.000 0.000
0.000 0.000 0.000 0.000 0.000 0.000 458.019 722.642
0.000 930.578 339.047 410.095 0.000 724.230 0.000 568.723
0.000 0.000 416.519 357.231 0.000 0.000 483.350 0.000
847.166 439.495 0.000 0.000 0.000 366.665 0.000 0.000
587.342 742.415 462.752 0.000 844.461 336.178 0.000 0.000
760.427 0.000 0.000 0.000 0.000 986.230 0.000 575.360
0.000 0.000 382.318 0.000 490.741 881.353 814.452 446.237
341.000 325.234 0.000 358.781 0.000 0.000 0.000 0.000
0.000 0.000 0.000 0.000 0.000 492.243 550.900 0.000
0.000 495.980 659.805 581.406 0.000 0.000 0.000 867.962
0.000 0.000 700.818 717.857 850.270 916.693 0.000 961.316
594.876 519.678 632.369 0.000 0.000 0.000 958.241 0.000
834.045 0.000 640.646 0.000 0.000 555.258 336.775 0.000
303.392 0.000 0.000 0.000 0.000 732.739 354.111 0.000
832.441 0.000 0.000 0.000 0.000 335.276 368.206 736.305
0.000 0.000 756.913 0.000 828.658 771.083 947.625 0.000
0.000 594.924 678.347 651.216 696.311 869.301 390.696 306.067
617.393 481.256 0.000 993.060 0.000 0.000 484.866 986.935
581.768 933.234 0.000 0.000 0.000 0.000 0.000 0.000
545.447 725.626 0.000 0.000 0.000 0.000 0.000 0.000
675.147 936.982 621.774 746.847 0.000 593.958 0.000 0.000
773.661 493.617 0.000 780.946 0.000 721.055 0.000 881.562
0.000 0.000 652.744 649.015 0.000 0.000 759.597 0.000
434.272 0.000 0.000 663.381 683.071 0.000 368.026 0.000
0.000 878.985 0.000 345.103 0.000 0.000 828.970 463.908
483.396 948.183 0.000 565.085 804.581 862.777 646.798 613.179
0.000 919.771 0.000 354.275 0.000 377.532 0.000 0.000
632.239 447.579 0.000 0.000 0.000 0.000 0.000 491.401
756.499 0.000 0.000 0.000 778.838 478.089 488.393 0.000
0.000 783.247 0.000 989.025 0.000 492.933 0.000 443.605
657.741 566.815 606.532 779.942 0.000 412.639 891.711 415.794
0.000 587.451 0.000 0.000 612.697 547.782 425.359 0.000
0.000 739.308 0.000 925.933 803.454 0.000 363.958 0.000
0.000 0.000 389.683 375.411 0.000 0.000 455.526 0.000
0.000 964.465 0.000 0.000 0.000 836.318 616.630 861.741
0.000 0.000 0.000 0.000 326.072 353.949 0.000 0.000
0.000 843.841 0.000 0.000 0.000 0.000 345.261 635.812
473.333 0.000 838.038 0.000 0.000 0.000 0.000 579.126
892.136 0.000 452.227 0.000 600.855 0.000 506.048 397.710
353.993 326.197 417.125 0.000 528.550 741.368 616.264 0.000
0.000 574.090 513.770 959.516 606.945 635.589 959.215 0.000
895.041 634.843 0.000 334.012 0.000 0.000 328.005 513.539
409.117 808.928 0.000 0.000 0.000 915.700 601.975 0.000
0.000 803.794 874.396 0.000 0.000 0.000 853.667 0.000
318.945 0.000 0.000 0.000 0.000 673.728 763.954 341.093
976.088 0.000 0.000 0.000 667.631 0.000 0.000 475.351
0.000 804.830 0.000 710.470 737.953 850.913 0.000 0.000
617.704 0.000 0.000 0.000 508.052 810.465 548.163 744.716
994.035 943.161 691.654 758.203 0.000 0.000 0.000 812.045
940.367 0.000 0.000 0.000 0.000 0.000 795.740 943.259
0.000 745.192 0.000 897.842 0.000 622.700 930.340 0.000
0.000 499.140 0.000 891.641 859.793 635.990 0.000 405.888
0.000 0.000 0.000 852.430 0.000 0.000 432.783 0.000
345.664 0.000 0.000 367.076 747.385 760.195 507.541 0.000
0.000 0.000 0.000 0.000 0.000 0.000 0.000 485.521
0.000 0.000 0.000 450.845 992.862 841.810 0.000 0.000
905.758 688.321 795.368 0.000 412.409 0.000 868.608 866.756
0.000 932.030 721.271 927.917 425.471 930.261 0.000 0.000
470.943 0.000 625.153 0.000 0.000 426.876 0.000 0.000
882.784 0.000 0.000 0.000 0.000 613.376 0.000 0.000
548.569 0.000 0.000 651.643 0.000 0.000 0.000 780.554
0.000 0.000 622.098 421.079 0.000 351.420 363.970 779.532
0.000 0.000 406.779 557.598 0.000 478.311 0.000 0.000
748.791 984.987 457.363 752.062 0.000 934.364 737.041 0.000
994.216 760.849 0.000 0.000 0.000 0.000 0.000 345.471
0.000 0.000 0.000 0.000 0.000 0.000 932.207 0.000
0.000 858.911 692.227 0.000 927.333 0.000 622.183 885.173
887.728 0.000 0.000 554.092 824.397 0.000 745.762 0.000
0.000 0.000 0.000 394.805 352.113 924.046 929.898 0.000
0.000 510.679 0.000 0.000 0.000 0.000 0.000 0.000
614.302 325.877 0.000 360.704 0.000 361.890 515.858 358.937
0.000 637.193 479.728 926.763 482.013 654.775 0.000 467.713
0.000 0.000 0.000 0.000 0.000 819.492 812.177 0.000
0.000 612.189 0.000 541.076 0.000 0.000 0.000 0.000
0.000 581.896 726.093 887.102 904.580 0.000 0.000 501.294
429.678 0.000 0.000 0.000 0.000 0.000 0.000 0.000
356.607 699.159 0.000 0.000 0.000 731.998 0.000 413.097
799.985 0.000 0.000 0.000 0.000 326.183 720.126 507.168
628.986 707.119 710.808 302.402 0.000 0.000 807.625 775.304
773.146 0.000 0.000 986.955 603.024 757.655 0.000 688.051
619.597 0.000 0.000 0.000 0.000 957.316 496.721 0.000
396.039 926.407 645.618 0.000 832.180 0.000 909.090 699.303
0.000 0.000 494.534 0.000 460.676 880.667 519.601 975.076
0.000 574.955 605.081 611.428 442.520 0.000 0.000 0.000
466.221 814.803 812.719 0.000 955.237 617.093 0.000 384.322
0.000 881.980 756.174 0.000 0.000 996.484 0.000 953.742
585.958 323.435 887.349 0.000 780.615 818.405 362.120 350.861
330.517 970.640 0.000 799.379 0.000 966.796 867.581 685.352
616.937 873.473 547.810 986.066 411.917 452.202 657.667 902.229
477.113 570.009 0.000 0.000 564.793 993.966 0.000 499.877
643.031 382.166 0.000 706.566 0.000 0.000 0.000 0.000
768.390 522.206 831.233 0.000 621.463 816.581 908.094 910.525
0.000 0.000 505.785 0.000 0.000 0.000 0.000 0.000
314.988 470.056 0.000 930.024 512.483 0.000 702.694 0.000
865.504 639.822 0.000 713.472 0.000 958.890 671.837 0.000
0.000 450.886 647.630 0.000 858.125 0.000 514.961 0.000
0.000 0.000 598.601 911.227 0.000 991.690 902.889 701.294
456.600 0.000 0.000 0.000 0.000 420.142 594.290 321.541
0.000 0.000 0.000 728.638 0.000 906.426 443.769 925.193
721.300 909.754 0.000 749.559 425.049 568.376 455.634 0.000
591.026 0.000 0.000 0.000 324.597 851.751 866.311 0.000
0.000 847.446 591.825 0.000 815.224 402.230 0.000 0.000
0.000 0.000 0.000 0.000 672.973 0.000 618.997 0.000
0.000 0.000 691.121 0.000 0.000 0.000 0.000 573.658
0.000 801.662 991.477 784.323 367.419 945.964 0.000 906.400
0.000 0.000 0.000 0.000 747.020 578.497 500.502 0.000
0.000 954.950 707.062 982.267 523.701 494.428 0.000 0.000
0.000 961.318 826.309 0.000 895.688 0.000 0.000 0.000
0.000 507.430 0.000 0.000 0.000 0.000 0.000 843.362
0.000 0.000 599.451 0.000 0.000 450.860 861.547 361.671
0.000 0.000 696.428 990.512 0.000 0.000 975.496 0.000
509.311 896.238 0.000 0.000 0.000 698.029 855.407 508.582
578.744 613.039 911.136 0.000 0.000 824.542 784.573 789.522
302.796 0.000 0.000 613.918 0.000 681.062 0.000 934.891
471.871 0.000 0.000 565.882 634.793 0.000 0.000 761.954
0.000 605.600 0.000 0.000 0.000 903.294 452.044 787.811
0.000 0.000 0.000 341.410 840.342 472.083 410.720 621.545
0.000 0.000 588.826 536.530 0.000 314.273 674.397 0.000
434.699 0.000 0.000 639.149 0.000 0.000 0.000 0.000
680.928 756.819 886.696 793.431 0.000 0.000 691.874 738.558
0.000 400.614 567.946 626.090 656.167 724.840 0.000 0.000
0.000 0.000 0.000 413.354 596.429 0.000 437.941 0.000
975.527 554.122 859.917 869.902 0.000 803.279 363.904 0.000
0.000 0.000 487.222 695.770 889.165 586.112 0.000 0.000
0.000 481.902 571.067 625.666 910.450 942.444 870.294 463.831
0.000 805.436 468.147 608.977 609.737 0.000 329.974 778.388
520.766 684.183 0.000 682.321 0.000 0.000 0.000 765.171
0.000 582.432 672.872 757.953 818.211 0.000 0.000 0.000
0.000 683.811 393.139 828.292 0.000 412.335 406.106 488.657
0.000 729.220 0.000 0.000 0.000 877.587 0.000 0.000
370.598 390.099 0.000 415.419 335.775 0.000 602.898 0.000
618.731 0.000 646.235 812.517 0.000 505.815 447.301 521.446
499.785 589.954 0.000 0.000 0.000 0.000 0.000 834.746
0.000 0.000 0.000 747.241 0.000 760.752 867.553 0.000
769.377 0.000 0.000 549.523 726.547 798.308 0.000 461.436
799.369 0.000 956.342 0.000 0.000 0.000 639.274 439.721
436.272 0.000 608.217 0.000 0.000 0.000 506.262 406.808
0.000 0.000 612.206 369.672 474.374 0.000 974.388 858.940
541.625 300.303 539.346 0.000 0.000 0.000 822.226 651.674
0.000 890.731 0.000 822.371 0.000 0.000 334.043 0.000
0.000 0.000 490.347 525.205 506.153 0.000 0.000 791.196
0.000 0.000 0.000 0.000 0.000 674.883 0.000 349.727
972.522 0.000 442.043 797.932 557.210 400.192 888.491 429.684
0.000 0.000 0.000 0.000 0.000 467.886 0.000 789.728
841.326 426.513 540.055 0.000 431.094 0.000 748.087 490.333
0.000 680.599 370.451 762.279 0.000 0.000 471.981 0.000
0.000 0.000 0.000 0.000 0.000 737.018 437.299 552.093
0.000 536.430 764.375 678.926 853.061 0.000 302.624 550.269
396.435 0.000 0.000 0.000 442.297 0.000 983.479 858.861
0.000 362.575 398.483 747.466 0.000 723.607 0.000 0.000
0.000 311.008 835.836 0.000 0.000 558.366 0.000 0.000
746.189 0.000 0.000 0.000 0.000 935.534 0.000 0.000
528.792 0.000 0.000 0.000 553.280 0.000 349.488 0.000
0.000 0.000 866.924 0.000 655.814 626.540 680.395 0.000
773.399 805.335 537.458 0.000 840.895 780.152 0.000 327.078
988.835 0.000 0.000 0.000 426.738 852.967 0.000 0.000
0.000 523.766 0.000 0.000 756.903 0.000 870.221 0.000
381.436 343.643 0.000 0.000 0.000 712.616 0.000 771.888
455.688 490.613 0.000 0.000 0.000 0.000 0.000 466.875
0.000 373.751 0.000 0.000 0.000 661.326 618.134 0.000
0.000 682.509 632.500 0.000 407.530 0.000 743.436 852.470
0.000 672.466 408.499 852.053 0.000 0.000 971.590 0.000
0.000 0.000 0.000 993.095 0.000 789.956 0.000 465.946
459.747 611.045 349.109 907.381 0.000 0.000 0.000 0.000
505.588 0.000 593.158 0.000 0.000 0.000 0.000 450.948
0.000 0.000 642.992 607.364 0.000 851.602 814.649 452.522
0.000 809.244 992.358 0.000 0.000 733.966 0.000 623.226
0.000 0.000 345.004 0.000 749.617 899.823 430.712 804.756
455.694 482.322 0.000 0.000 917.725 0.000 0.000 564.280
840.075 678.412 643.915 761.661 553.640 0.000 867.134 846.217
788.300 0.000 968.297 0.000 0.000 348.404 0.000 0.000
0.000 313.477 0.000 776.967 665.536 0.000 0.000 0.000
786.519 0.000 755.235 958.770 899.362 563.292 741.858 675.936
0.000 677.674 778.596 0.000 0.000 0.000 0.000 653.324
965.313 0.000 0.000 0.000 0.000 925.737 649.149 0.000
0.000 398.895 0.000 0.000 418.128 317.322 0.000 584.293
584.688 0.000 0.000 0.000 920.749 302.376 961.607 537.264
0.000 610.312 830.555 345.127 663.190 0.000 943.902 328.794
0.000 0.000 824.182 0.000 743.065 918.966 768.365 503.470
675.520 0.000 0.000 944.025 302.505 608.502 0.000 810.657
0.000 0.000 708.776 0.000 0.000 0.000 716.955 0.000
999.358 917.811 0.000 987.423 0.000 0.000 528.996 0.000
359.989 0.000 640.859 0.000 0.000 0.000 472.855 0.000
681.266 0.000 828.839 0.000 0.000 0.000 945.257 0.000
0.000 0.000 0.000 0.000 0.000 728.329 0.000 0.000
0.000 0.000 0.000 803.275 0.000 0.000 0.000 0.000
0.000 0.000 0.000 0.000 928.615 0.000 639.376 647.713
0.000 783.751 0.000 0.000 857.866 556.897 0.000 478.303
584.626 621.488 0.000 854.750 930.841 0.000 593.475 0.000
0.000 742.273 690.152 306.758 842.541 935.331 0.000 859.230
0.000 449.364 647.802 416.152 0.000 508.881 916.884 373.369
362.997 0.000 718.187 0.000 0.000 990.098 314.167 442.200
827.180 928.690 0.000 0.000 569.059 509.472 0.000 0.000
821.835 956.500 0.000 0.000 0.000 978.714 0.000 438.943
0.000 752.255 0.000 320.723 306.718 307.717 978.324 640.219
897.290 0.000 688.061 0.000 875.064 0.000 0.000 353.239
348.954 0.000 0.000 0.000 0.000 0.000 0.000 0.000
581.449 0.000 953.675 389.966 824.928 475.182 0.000 697.101
556.987 0.000 0.000 0.000 0.000 705.270 0.000 391.483
0.000 0.000 713.106 0.000 0.000 330.201 635.779 386.855
0.000 490.351 947.832 0.000 713.996 0.000 0.000 0.000
0.000 0.000 314.811 354.957 636.133 306.447 0.000 512.069
473.981 929.445 0.000 636.448 794.184 0.000 0.000 0.000
637.924 944.308 0.000 0.000 967.597 0.000 317.413 0.000
0.000 362.490 0.000 529.048 682.089 390.902 0.000 0.000
542.993 314.210 0.000 0.000 0.000 0.000 0.000 0.000
580.218 0.000 0.000 725.641 0.000 0.000 379.007 0.000
407.626 694.156 730.120 0.000 921.294 908.863 0.000 0.000
869.830 0.000 316.469 0.000 962.590 784.684 396.782 609.434
488.307 0.000 789.803 0.000 0.000 0.000 793.420 506.317
0.000 0.000 0.000 0.000 0.000 0.000 0.000 491.680
901.586 718.310 0.000 939.000 0.000 0.000 848.076 0.000
875.292 0.000 767.917 0.000 696.294 811.341 890.665 877.651
0.000 793.283 557.533 641.085 0.000 0.000 869.560 0.000
0.000 0.000 0.000 728.198 666.484 629.542 0.000 0.000
504.730 323.954 673.926 669.031 0.000 711.209 737.005 0.000
477.793 0.000 0.000 0.000 0.000 720.097 533.331 998.076
0.000 810.454 0.000 449.443 755.101 930.894 419.268 0.000
644.771 0.000 670.835 582.964 0.000 506.276 0.000 0.000
0.000 0.000 0.000 320.182 0.000 714.519 0.000 0.000
609.165 0.000 327.014 659.638 0.000 537.258 672.347 0.000
0.000 0.000 0.000 451.611 682.062 0.000 616.923 0.000
829.719 0.000 475.094 0.000 666.099 0.000 659.753 723.884
0.000 0.000 0.000 0.000 444.622 907.285 822.884 595.233
0.000 0.000 978.494 0.000 0.000 385.628 377.569 703.148
476.355 0.000 438.905 692.623 970.557 0.000 841.210 0.000
721.915 0.000 0.000 0.000 954.979 616.605 915.772 0.000
445.571 0.000 0.000 549.886 0.000 0.000 933.286 0.000
346.136 507.138 0.000 0.000 0.000 791.647 823.964 0.000
0.000 563.817 0.000 340.774 979.105 0.000 0.000 542.104
0.000 0.000 593.675 0.000 0.000 0.000 0.000 0.000
750.030 406.013 0.000 888.342 0.000 0.000 770.984 475.620
400.933 0.000 334.814 0.000 385.066 0.000 0.000 590.942
622.490 714.667 391.077 0.000 723.877 0.000 787.670 0.000
355.343 830.053 366.614 0.000 0.000 917.505 573.983 664.566
413.629 0.000 0.000 685.739 347.208 0.000 417.940 337.139
549.647 748.884 861.506 0.000 0.000 467.129 0.000 0.000
0.000 556.420 712.145 591.523 0.000 865.490 0.000 0.000
892.586 637.612 0.000 426.388 0.000 0.000 580.605 544.591
0.000 0.000 0.000 0.000 0.000 0.000 0.000 895.310
739.040 0.000 0.000 0.000 0.000 0.000 471.206 518.551
0.000 0.000 910.684 777.122 0.000 0.000 0.000 0.000
363.450 0.000 0.000 343.139 0.000 910.771 799.936 0.000
0.000 628.803 0.000 558.875 0.000 0.000 329.293 487.222
0.000 526.130 682.345 0.000 346.406 0.000 0.000 0.000
0.000 0.000 0.000 900.871 600.242 436.262 0.000 0.000
0.000 0.000 570.222 607.952 0.000 0.000 0.000 0.000
505.699 0.000 870.152 0.000 0.000 0.000 0.000 316.234
0.000 0.000 0.000 915.494 0.000 445.630 739.397 959.001
0.000 0.000 540.372 0.000 508.746 874.935 645.735 0.000
0.000 0.000 619.923 0.000 0.000 0.000 0.000 0.000
861.672 384.411 751.158 0.000 0.000 0.000 0.000 732.084
0.000 433.193 874.607 0.000 0.000 0.000 396.405 838.921
0.000 0.000 552.892 962.797 0.000 780.477 0.000 0.000
596.034 762.635 994.085 0.000 0.000 544.919 0.000 896.450
345.386 423.816 938.267 0.000 0.000 0.000 666.399 966.155
0.000 0.000 481.293 0.000 0.000 375.680 0.000 0.000
901.146 995.826 312.668 0.000 0.000 848.251 683.353 0.000
577.389 0.000 357.287 959.347 0.000 0.000 703.235 0.000
785.320 769.325 334.311 0.000 449.208 0.000 0.000 925.959
0.000 0.000 713.049 0.000 844.475 921.642 304.314 857.330
0.000 729.474 484.883 887.394 353.590 530.610 0.000 0.000
873.080 666.661 0.000 0.000 745.279 0.000 835.707 0.000
514.122 466.150 448.741 570.205 775.127 0.000 0.000 0.000
345.922 0.000 941.761 0.000 0.000 719.866 0.000 0.000
0.000 743.348 0.000 607.619 0.000 0.000 0.000 0.000
0.000 0.000 0.000 430.297 521.878 847.394 0.000 644.675
306.987 0.000 0.000 0.000 0.000 357.458 653.969 0.000
575.303 512.725 611.283 0.000 0.000 0.000 0.000 681.364
0.000 892.650 915.721 480.611 0.000 650.507 0.000 0.000
853.568 0.000 0.000 770.514 0.000 956.611 374.311 603.500
907.120 0.000 0.000 500.403 615.651 0.000 310.073 0.000
0.000 0.000 0.000 0.000 653.997 501.076 625.455 0.000
0.000 733.995 708.381 415.754 921.845 948.294 0.000 602.267
681.402 487.823 0.000 374.134 0.000 0.000 0.000 0.000
915.135 669.061 307.082 323.354 0.000 0.000 423.080 0.000
548.322 0.000 0.000 950.092 0.000 842.154 0.000 925.864
563.445 0.000 435.793 696.700 808.037 0.000 702.853 0.000
0.000 0.000 0.000 651.568 0.000 345.974 374.303 497.042
499.351 0.000 0.000 527.452 615.248 720.069 360.005 0.000
0.000 0.000 0.000 0.000 0.000 788.829 0.000 0.000
0.000 0.000 877.027 879.779 0.000 426.649 952.757 0.000
0.000 626.040 328.706 0.000 974.911 996.320 0.000 0.000
986.880 948.337 989.788 497.057 0.000 0.000 0.000 825.397
664.310 508.879 0.000 0.000 0.000 806.059 586.502 0.000
0.000 0.000 626.784 0.000 0.000 804.113 0.000 0.000
