683.433 934.403 0.000 0.000 771.188 0.000 539.543 733.318
0.000 0.000 0.000 0.000 0.000 721.738 935.350 0.000
0.000 917.335 0.000 0.000 624.012 321.162 663.904 942.398
319.405 772.307 0.000 0.000 393.832 0.000 350.744 651.631
0.000 0.000 0.000 0.000 0.000 0.000 347.820 0.000
939.238 0.000 0.000 0.000 989.777 812.590 0.000 0.000
983.412 501.270 0.000 0.000 0.000 0.000 0.000 0.000
0.000 869.929 0.000 699.486 766.778 0.000 932.521 0.000
691.617 678.879 696.644 807.481 0.000 0.000 380.383 438.122
0.000 803.674 0.000 460.312 0.000 678.760 0.000 935.351
0.000 0.000 0.000 0.000 0.000 952.050 0.000 0.000
0.000 0.000 0.000 796.902 0.000 0.000 318.571 742.536
398.908 0.000 709.208 0.000 0.000 897.232 891.589 0.000
0.000 0.000 0.000 0.000 826.118 0.000 0.000 615.048
0.000 0.000 0.000 732.009 0.000 0.000 715.057 0.000
0.000 790.565 795.644 527.597 0.000 0.000 0.000 730.110
0.000 0.000 702.080 0.000 891.337 0.000 425.808 954.835
554.512 976.095 0.000 0.000 0.000 949.552 0.000 0.000
556.526 0.000 571.323 0.000 302.193 533.462 0.000 0.000
822.490 0.000 961.549 452.193 0.000 618.374 445.715 0.000
546.158 907.256 402.050 545.264 930.616 969.410 0.000 0.000
642.337 561.337 815.744 0.000 0.000 744.298 0.000 967.213
720.326 974.220 635.153 537.438 0.000 935.493 894.171 893.861
0.000 835.303 516.093 0.000 0.000 940.389 0.000 874.122
371.361 0.000 435.161 603.340 742.451 0.000 0.000 0.000
807.239 0.000 0.000 0.000 0.000 913.649 0.000 971.742
793.613 0.000 318.121 743.454 0.000 0.000 0.000 0.000
806.221 736.905 799.301 803.750 0.000 660.991 345.712 0.000
0.000 919.098 315.611 828.774 446.266 797.852 0.000 0.000
527.639 0.000 338.900 546.239 868.988 0.000 0.000 815.377
0.000 0.000 0.000 814.457 0.000 0.000 0.000 897.004
719.654 0.000 727.038 897.616 843.369 886.848 0.000 926.526
0.000 0.000 0.000 0.000 715.562 0.000 0.000 983.977
0.000 0.000 0.000 510.826 0.000 748.338 0.000 0.000
553.203 0.000 442.981 462.828 0.000 836.912 0.000 0.000
0.000 525.103 991.598 634.034 713.569 0.000 0.000 775.834
0.000 0.000 0.000 585.767 0.000 0.000 629.472 0.000
0.000 0.000 0.000 0.000 900.227 0.000 385.146 0.000
304.926 0.000 0.000 632.215 0.000 899.052 0.000 0.000
922.431 951.623 0.000 917.656 0.000 323.914 0.000 0.000
658.221 0.000 341.398 0.000 420.554 0.000 805.628 796.270
0.000 440.699 0.000 0.000 584.282 465.735 0.000 579.410
0.000 0.000 597.752 981.689 0.000 0.000 732.494 427.834
420.256 0.000 0.000 0.000 0.000 0.000 313.427 779.724
0.000 990.230 559.634 605.505 0.000 512.152 353.247 699.915
0.000 0.000 827.794 0.000 0.000 341.510 0.000 0.000
855.686 581.454 949.575 951.909 344.849 0.000 750.288 0.000
984.511 554.645 0.000 0.000 0.000 544.967 695.971 0.000
481.134 0.000 0.000 376.265 0.000 0.000 0.000 0.000
888.296 0.000 0.000 0.000 0.000 0.000 602.665 0.000
0.000 0.000 793.223 0.000 587.913 0.000 0.000 594.404
0.000 0.000 598.098 0.000 833.592 948.293 634.777 662.775
0.000 0.000 0.000 0.000 0.000 663.099 915.096 0.000
946.371 0.000 0.000 635.807 551.594 729.428 0.000 0.000
796.810 0.000 844.898 0.000 465.980 363.239 0.000 604.009
993.133 0.000 657.140 960.351 0.000 973.261 0.000 923.374
986.143 567.196 773.109 0.000 879.006 0.000 0.000 483.652
955.180 0.000 981.590 402.078 0.000 849.332 0.000 428.747
0.000 354.728 590.334 777.589 787.044 0.000 0.000 772.061
790.828 955.233 955.796 0.000 0.000 0.000 0.000 850.286
554.449 0.000 344.513 595.189 804.842 796.372 0.000 0.000
315.027 510.481 772.443 565.841 948.691 0.000 585.668 803.593
915.835 0.000 590.319 0.000 0.000 0.000 0.000 580.020
0.000 0.000 0.000 395.453 0.000 0.000 981.238 482.420
779.334 677.645 0.000 502.945 300.463 865.916 0.000 0.000
0.000 415.150 0.000 303.047 0.000 945.508 0.000 681.923
0.000 0.000 467.406 0.000 949.016 645.749 732.977 312.236
0.000 0.000 0.000 984.515 0.000 506.566 0.000 0.000
822.818 0.000 0.000 0.000 379.435 0.000 0.000 574.930
996.741 0.000 0.000 0.000 863.917 624.475 0.000 0.000
0.000 402.921 0.000 0.000 0.000 0.000 796.761 0.000
0.000 611.177 586.262 0.000 635.845 733.272 0.000 918.167
0.000 0.000 0.000 903.656 0.000 918.591 0.000 0.000
0.000 423.347 870.345 0.000 0.000 840.987 0.000 585.001
0.000 869.977 890.062 0.000 999.046 0.000 0.000 827.012
549.264 434.593 776.895 579.419 605.420 0.000 0.000 784.282
918.799 0.000 890.739 0.000 967.573 992.158 0.000 0.000
0.000 513.704 0.000 509.225 0.000 0.000 790.737 0.000
0.000 0.000 0.000 418.401 982.016 402.661 0.000 541.754
535.169 0.000 760.979 0.000 593.919 0.000 0.000 0.000
722.180 649.542 695.440 0.000 416.583 842.778 0.000 0.000
890.678 0.000 0.000 0.000 909.151 0.000 0.000 0.000
930.268 0.000 0.000 707.307 0.000 0.000 0.000 672.721
903.026 0.000 0.000 496.041 0.000 0.000 561.063 828.083
0.000 650.484 365.576 0.000 0.000 501.624 734.302 0.000
0.000 0.000 858.411 613.298 949.034 0.000 0.000 353.611
0.000 464.236 895.458 0.000 826.639 0.000 0.000 656.440
315.965 0.000 501.611 743.236 0.000 0.000 0.000 636.572
0.000 0.000 360.484 406.515 0.000 717.988 0.000 667.109
0.000 561.230 0.000 0.000 703.883 0.000 570.519 0.000
491.135 927.583 0.000 0.000 0.000 775.803 926.952 0.000
0.000 300.303 518.408 0.000 980.345 952.827 0.000 0.000
0.000 432.916 0.000 692.941 0.000 0.000 872.474 0.000
614.015 0.000 608.307 0.000 0.000 479.903 857.855 904.470
0.000 649.639 0.000 0.000 0.000 785.299 307.833 987.297
436.652 0.000 0.000 749.312 0.000 947.269 315.187 0.000
0.000 429.285 0.000 660.747 714.614 0.000 0.000 781.264
576.315 690.671 0.000 803.279 895.324 0.000 0.000 732.649
437.117 884.088 0.000 733.742 0.000 780.637 0.000 0.000
0.000 624.329 0.000 0.000 977.046 334.531 0.000 845.213
0.000 0.000 0.000 0.000 0.000 352.787 907.737 801.650
0.000 581.940 0.000 0.000 0.000 0.000 0.000 661.525
0.000 0.000 0.000 523.450 377.862 675.746 0.000 0.000
602.683 302.115 0.000 477.637 0.000 0.000 0.000 740.218
647.511 0.000 0.000 0.000 801.728 0.000 469.370 0.000
960.906 584.144 0.000 0.000 332.482 872.529 642.290 717.592
541.228 0.000 0.000 897.074 0.000 586.817 0.000 0.000
0.000 560.837 533.672 0.000 0.000 0.000 0.000 0.000
537.513 0.000 374.636 392.294 885.261 656.104 672.343 0.000
817.772 0.000 0.000 869.771 781.997 0.000 0.000 549.765
0.000 743.077 911.261 0.000 915.677 927.858 0.000 849.975
0.000 423.967 831.677 924.422 712.006 906.215 0.000 326.922
861.134 670.361 0.000 412.747 774.383 0.000 0.000 0.000
0.000 0.000 773.637 330.720 0.000 0.000 464.666 402.583
548.009 852.173 0.000 0.000 0.000 0.000 978.383 0.000
0.000 0.000 557.022 0.000 560.919 0.000 786.376 688.730
930.626 0.000 0.000 995.752 0.000 494.804 746.877 465.389
343.165 561.289 845.700 0.000 500.079 0.000 417.116 793.796
0.000 459.586 0.000 0.000 0.000 0.000 786.741 0.000
550.169 0.000 405.550 0.000 757.002 304.892 0.000 0.000
887.296 952.096 0.000 0.000 756.286 0.000 723.999 0.000
571.442 821.364 0.000 915.391 400.768 551.064 726.610 0.000
663.576 0.000 337.414 446.925 563.677 0.000 440.505 0.000
0.000 761.576 0.000 0.000 784.666 0.000 741.799 472.817
362.444 326.706 492.247 748.514 0.000 0.000 374.566 0.000
343.403 586.160 634.797 563.870 352.077 852.705 0.000 316.412
382.899 0.000 428.713 0.000 754.466 0.000 0.000 0.000
0.000 488.793 357.202 0.000 406.819 0.000 0.000 0.000
0.000 866.196 0.000 0.000 0.000 751.516 0.000 541.427
736.522 557.350 0.000 0.000 0.000 0.000 0.000 977.442
0.000 0.000 648.134 0.000 0.000 0.000 0.000 0.000
0.000 581.186 0.000 0.000 0.000 0.000 330.096 687.622
0.000 763.000 0.000 0.000 680.995 653.716 497.926 0.000
312.568 0.000 695.863 0.000 947.409 947.892 0.000 990.737
724.965 0.000 688.606 965.928 0.000 890.700 598.974 957.743
914.291 0.000 0.000 0.000 0.000 660.308 372.136 0.000
455.601 630.853 885.838 816.357 741.044 0.000 0.000 315.010
0.000 440.989 0.000 556.588 649.325 341.873 666.599 468.495
0.000 524.165 0.000 0.000 0.000 590.938 0.000 987.260
307.374 0.000 931.714 513.131 0.000 0.000 994.177 993.959
549.826 0.000 836.345 0.000 0.000 0.000 640.907 0.000
670.036 844.213 0.000 593.542 0.000 512.742 0.000 0.000
828.183 0.000 0.000 0.000 0.000 483.519 0.000 522.014
0.000 0.000 0.000 730.356 396.475 0.000 809.623 0.000
0.000 783.444 0.000 868.096 483.408 541.685 467.465 0.000
839.570 0.000 706.285 0.000 0.000 719.632 0.000 432.402
0.000 0.000 0.000 0.000 0.000 0.000 514.839 0.000
752.568 0.000 0.000 670.269 760.444 575.001 831.998 748.307
334.227 0.000 0.000 0.000 934.947 729.622 334.152 340.130
0.000 434.707 608.046 859.556 0.000 0.000 757.979 853.627
815.682 389.502 0.000 0.000 390.614 0.000 873.415 0.000
706.131 0.000 453.466 0.000 0.000 552.403 346.185 643.920
547.290 840.995 0.000 0.000 748.560 911.331 982.071 896.607
380.468 0.000 957.961 674.290 0.000 0.000 929.555 0.000
0.000 0.000 912.802 0.000 935.361 428.951 694.875 0.000
418.601 662.915 954.311 606.107 0.000 0.000 0.000 722.981
0.000 772.264 664.586 937.058 885.823 350.189 0.000 0.000
882.038 0.000 943.403 992.356 854.241 0.000 0.000 0.000
0.000 0.000 584.046 772.160 645.372 0.000 740.650 657.013
712.696 732.479 516.423 385.334 0.000 0.000 494.000 0.000
0.000 0.000 616.754 397.137 0.000 606.152 0.000 0.000
831.329 0.000 393.120 591.491 0.000 0.000 0.000 699.427
0.000 585.526 0.000 980.725 0.000 0.000 0.000 0.000
955.400 0.000 0.000 0.000 0.000 0.000 452.322 745.289
550.990 0.000 644.776 0.000 0.000 737.406 0.000 0.000
0.000 884.748 758.079 769.803 346.265 0.000 745.291 533.767
645.849 678.413 0.000 764.820 745.689 0.000 0.000 674.625
0.000 0.000 839.381 0.000 860.660 0.000 0.000 0.000
0.000 0.000 0.000 0.000 550.982 481.450 940.885 487.288
0.000 0.000 565.239 631.883 640.182 466.847 511.348 926.207
870.286 0.000 0.000 0.000 556.167 772.903 0.000 0.000
408.467 0.000 611.893 375.829 0.000 324.565 478.648 315.456
0.000 0.000 783.255 0.000 745.918 694.556 0.000 0.000
0.000 945.081 0.000 512.517 0.000 0.000 0.000 327.002
344.045 809.669 0.000 431.782 317.885 648.988 0.000 0.000
850.374 426.701 0.000 0.000 749.203 484.584 426.103 985.950
0.000 0.000 0.000 535.669 789.047 0.000 0.000 0.000
835.903 688.796 0.000 840.990 0.000 522.648 0.000 972.245
758.609 988.905 370.486 304.686 452.993 0.000 786.520 401.962
324.211 687.295 0.000 0.000 962.224 617.446 0.000 843.899
0.000 909.926 612.344 0.000 545.803 877.526 0.000 927.112
0.000 0.000 409.603 636.914 0.000 798.739 815.762 0.000
579.350 0.000 0.000 0.000 934.884 699.340 0.000 0.000
0.000 0.000 418.576 0.000 667.736 0.000 421.651 0.000
0.000 627.016 673.112 855.246 636.356 607.238 318.427 837.668
301.303 642.430 0.000 0.000 0.000 560.191 417.767 995.439
836.508 0.000 0.000 0.000 0.000 0.000 744.915 646.506
0.000 827.988 409.448 0.000 497.197 0.000 0.000 421.520
0.000 0.000 943.369 0.000 653.390 698.815 987.941 338.036
0.000 0.000 0.000 319.441 958.681 0.000 579.257 0.000
611.400 0.000 957.410 0.000 508.160 508.001 822.380 0.000
0.000 0.000 0.000 0.000 410.098 666.200 504.376 828.407
0.000 0.000 859.823 702.712 884.345 0.000 634.449 0.000
0.000 474.314 471.815 386.390 0.000 413.155 0.000 444.172
661.365 0.000 885.980 689.695 731.149 0.000 0.000 0.000
887.474 0.000 390.310 0.000 813.324 468.538 806.163 751.906
816.290 889.742 0.000 406.330 0.000 0.000 0.000 0.000
0.000 798.129 0.000 835.761 0.000 0.000 0.000 0.000
0.000 614.828 0.000 528.204 0.000 788.194 865.636 499.183
989.454 0.000 897.363 847.658 809.334 785.994 0.000 0.000
0.000 0.000 0.000 782.619 916.515 622.067 0.000 0.000
0.000 0.000 0.000 608.771 0.000 0.000 740.821 503.404
628.147 0.000 623.346 0.000 934.964 0.000 0.000 547.789
0.000 593.664 0.000 0.000 789.151 466.183 871.617 0.000
722.877 320.487 0.000 0.000 636.004 403.820 904.613 338.981
0.000 0.000 0.000 444.742 0.000 882.180 0.000 0.000
805.445 611.286 0.000 0.000 0.000 0.000 620.932 0.000
946.999 440.774 0.000 673.740 496.328 918.539 515.331 682.690
0.000 0.000 0.000 942.386 0.000 646.241 0.000 0.000
596.923 0.000 914.445 400.186 317.862 493.177 497.519 763.815
0.000 959.828 0.000 514.853 0.000 658.467 0.000 811.392
0.000 612.650 320.819 0.000 0.000 0.000 706.998 435.924
376.292 713.606 0.000 433.042 441.482 0.000 548.659 0.000
0.000 0.000 0.000 0.000 835.647 0.000 306.807 0.000
0.000 0.000 778.573 359.584 0.000 998.753 309.462 0.000
0.000 680.185 912.602 0.000 708.984 892.357 492.563 750.665
0.000 738.349 960.075 0.000 0.000 0.000 413.787 548.193
587.667 0.000 0.000 0.000 0.000 0.000 581.074 547.781
0.000 0.000 930.643 0.000 911.057 785.629 0.000 831.371
317.468 667.258 0.000 386.349 748.366 0.000 0.000 0.000
862.798 0.000 936.856 846.749 343.768 961.715 0.000 639.016
799.215 0.000 728.330 345.230 0.000 0.000 389.150 937.121
0.000 0.000 470.967 663.833 0.000 530.620 358.307 0.000
583.256 0.000 641.408 912.743 933.514 0.000 359.239 0.000
0.000 0.000 340.172 397.654 0.000 0.000 0.000 540.564
304.504 0.000 652.362 0.000 0.000 840.069 497.715 594.087
480.457 941.131 685.385 0.000 396.828 0.000 0.000 0.000
717.737 0.000 852.289 0.000 952.417 0.000 564.747 659.273
0.000 0.000 0.000 601.921 388.399 0.000 0.000 678.871
329.433 452.847 0.000 550.471 757.857 0.000 410.835 416.152
446.229 595.623 0.000 631.087 398.678 677.012 0.000 604.092
880.333 0.000 0.000 582.965 588.761 358.312 815.157 669.847
0.000 315.937 724.397 0.000 810.226 832.278 0.000 940.364
0.000 0.000 0.000 0.000 434.947 580.678 0.000 0.000
0.000 703.550 0.000 958.672 0.000 0.000 827.311 715.169
0.000 824.938 0.000 0.000 320.815 475.038 0.000 0.000
0.000 0.000 679.770 0.000 483.198 0.000 488.649 689.552
905.331 0.000 0.000 0.000 0.000 478.256 0.000 0.000
0.000 0.000 0.000 369.659 335.639 931.969 784.673 653.276
431.531 0.000 0.000 0.000 363.742 332.887 0.000 0.000
0.000 896.089 874.646 0.000 492.992 0.000 724.522 0.000
0.000 0.000 492.187 528.491 477.818 0.000 316.953 0.000
983.326 0.000 478.378 932.575 441.211 502.051 699.479 0.000
0.000 849.231 492.206 0.000 0.000 0.000 572.838 747.454
0.000 697.275 420.599 692.765 0.000 860.233 595.154 0.000
0.000 0.000 601.143 0.000 626.825 356.905 867.442 869.025
464.075 0.000 423.396 0.000 0.000 0.000 0.000 708.143
0.000 0.000 414.064 956.075 947.828 0.000 0.000 0.000
0.000 0.000 0.000 486.766 0.000 535.452 0.000 0.000
948.531 0.000 0.000 0.000 350.445 0.000 0.000 0.000
582.289 624.735 361.202 0.000 0.000 0.000 0.000 0.000
643.079 0.000 0.000 332.452 638.170 497.737 0.000 0.000
0.000 628.932 942.210 0.000 423.375 0.000 0.000 0.000
0.000 0.000 0.000 677.453 722.114 787.149 0.000 0.000
554.589 639.402 854.783 0.000 610.126 613.020 827.490 0.000
0.000 407.981 0.000 344.569 0.000 421.452 0.000 0.000
303.522 670.075 0.000 575.484 777.478 0.000 477.507 0.000
0.000 387.973 387.626 0.000 0.000 0.000 0.000 478.697
461.407 0.000 0.000 0.000 0.000 0.000 0.000 939.424
0.000 0.000 576.469 447.948 505.643 0.000 516.139 0.000
629.352 0.000 0.000 0.000 330.877 327.388 0.000 0.000
323.256 0.000 639.665 379.736 0.000 765.685 0.000 0.000
418.265 342.241 0.000 0.000 907.547 538.019 491.883 602.848
335.909 751.315 0.000 579.973 552.208 305.458 0.000 763.289
688.812 840.911 0.000 0.000 490.582 890.932 0.000 0.000
627.926 0.000 0.000 0.000 421.288 0.000 0.000 662.984
414.374 429.217 0.000 0.000 352.216 0.000 823.822 366.104
0.000 0.000 733.106 0.000 614.149 0.000 0.000 651.203
681.777 0.000 580.903 345.644 0.000 0.000 661.039 369.292
0.000 0.000 0.000 0.000 0.000 0.000 881.637 445.036
0.000 0.000 0.000 373.242 0.000 0.000 899.995 0.000
992.401 802.233 471.640 471.916 359.770 830.993 0.000 0.000
580.138 0.000 0.000 852.741 665.858 923.926 958.581 764.982
307.261 882.297 0.000 0.000 0.000 0.000 0.000 0.000
484.937 0.000 405.045 0.000 0.000 0.000 0.000 811.193
0.000 529.816 684.470 0.000 362.566 852.186 0.000 975.475
0.000 0.000 986.744 738.529 0.000 0.000 955.739 900.525
312.481 0.000 0.000 581.752 901.422 592.691 0.000 542.213
778.801 0.000 0.000 0.000 0.000 753.055 889.508 871.072
558.384 822.047 866.331 728.047 0.000 0.000 0.000 695.516
613.031 0.000 0.000 0.000 823.204 0.000 0.000 353.144
428.981 638.579 423.644 946.013 718.159 0.000 992.616 0.000
532.178 0.000 0.000 384.473 572.932 809.640 777.371 0.000
355.195 557.748 448.675 524.987 0.000 850.387 328.411 0.000
0.000 301.066 638.869 959.270 0.000 0.000 416.887 545.494
709.998 436.438 0.000 994.565 0.000 714.409 0.000 306.305
0.000 0.000 0.000 627.050 0.000 0.000 418.736 803.087
660.308 479.130 932.966 0.000 990.421 0.000 0.000 635.279
0.000 523.429 399.713 0.000 0.000 996.519 0.000 0.000
0.000 0.000 482.060 0.000 0.000 0.000 384.319 0.000
370.505 609.011 0.000 963.824 0.000 0.000 410.956 0.000
559.709 309.760 398.723 702.823 0.000 0.000 0.000 770.454
0.000 0.000 367.122 0.000 0.000 0.000 706.348 0.000
598.947 0.000 0.000 0.000 0.000 996.498 0.000 977.586
0.000 0.000 0.000 693.366 0.000 0.000 392.026 737.564
0.000 461.577 0.000 0.000 745.525 429.150 872.593 0.000
738.571 0.000 402.717 0.000 0.000 759.410 0.000 317.900
0.000 590.523 563.576 0.000 379.139 0.000 0.000 0.000
999.918 818.498 416.889 766.128 0.000 738.082 0.000 0.000
0.000 594.292 0.000 0.000 0.000 0.000 389.543 0.000
451.777 475.602 0.000 853.057 688.601 826.824 0.000 0.000
525.645 746.877 0.000 360.338 792.748 0.000 789.073 0.000
607.688 540.142 463.262 395.680 488.315 615.404 0.000 946.786
0.000 880.228 0.000 509.220 395.773 933.043 868.907 0.000
718.508 974.719 832.521 427.215 0.000 689.809 0.000 0.000
0.000 0.000 0.000 584.633 0.000 0.000 0.000 0.000
789.179 523.030 333.867 0.000 0.000 652.759 0.000 950.529
0.000 315.339 637.463 0.000 0.000 0.000 0.000 0.000
307.108 709.325 0.000 353.702 0.000 616.148 816.824 388.618
609.103 977.755 0.000 838.712 0.000 710.773 402.053 721.559
0.000 322.354 626.392 723.312 0.000 830.738 0.000 510.177
743.719 0.000 877.439 0.000 0.000 0.000 560.826 0.000
666.609 0.000 962.289 434.392 0.000 788.297 0.000 0.000
0.000 0.000 0.000 0.000 0.000 798.864 0.000 0.000
702.444 834.723 0.000 0.000 438.315 0.000 775.206 0.000
529.029 579.364 862.345 0.000 0.000 687.579 469.933 0.000
941.041 0.000 877.664 0.000 0.000 705.857 737.711 0.000
0.000 508.998 0.000 479.464 964.002 0.000 0.000 0.000
316.786 0.000 0.000 893.138 0.000 0.000 433.676 722.263
0.000 810.630 0.000 0.000 0.000 0.000 734.324 0.000
0.000 990.875 395.117 463.638 849.927 307.160 0.000 0.000
373.697 0.000 835.473 341.802 0.000 0.000 0.000 0.000
602.403 933.882 589.038 0.000 0.000 0.000 528.135 575.921
882.177 968.437 0.000 0.000 479.465 930.111 474.358 0.000
680.055 0.000 363.592 0.000 971.200 0.000 845.208 509.444
0.000 312.034 539.888 778.102 823.230 0.000 883.644 592.176
0.000 0.000 400.639 419.359 497.532 0.000 0.000 782.580
765.041 320.273 0.000 0.000 553.846 0.000 0.000 0.000
517.843 0.000 340.702 0.000 807.521 469.124 0.000 0.000
741.872 662.677 449.540 916.249 0.000 630.232 622.249 0.000
0.000 371.318 0.000 0.000 318.172 347.307 685.880 0.000
0.000 371.355 0.000 692.959 0.000 902.088 717.357 0.000
976.405 0.000 0.000 0.000 0.000 0.000 694.768 0.000
345.817 465.558 845.229 522.127 652.264 886.522 528.997 783.119
927.689 0.000 441.867 549.995 541.425 392.571 0.000 0.000
703.884 311.563 726.870 613.562 0.000 789.854 0.000 659.536
0.000 0.000 372.775 737.616 0.000 0.000 0.000 0.000
0.000 0.000 985.717 677.334 0.000 0.000 881.688 556.723
0.000 373.744 502.336 0.000 615.813 959.154 809.973 772.425
0.000 0.000 0.000 0.000 0.000 886.155 864.321 509.299
917.081 869.560 0.000 0.000 772.937 507.168 618.809 330.691
909.994 436.012 0.000 0.000 0.000 337.611 0.000 787.809
0.000 461.600 337.290 832.301 0.000 0.000 860.895 0.000
0.000 0.000 715.131 630.299 344.532 0.000 620.211 415.627
0.000 0.000 479.521 0.000 605.301 708.735 0.000 0.000
0.000 654.097 918.171 970.943 0.000 363.058 810.153 697.075
0.000 882.207 0.000 0.000 0.000 854.037 0.000 0.000
980.458 812.834 362.364 0.000 337.891 317.663 0.000 792.712
313.628 0.000 778.923 539.649 860.680 0.000 469.074 435.528
463.344 728.235 702.929 843.969 0.000 757.665 359.010 0.000
0.000 464.915 0.000 790.602 0.000 931.570 0.000 0.000
0.000 0.000 822.165 482.290 0.000 0.000 0.000 827.506
0.000 907.004 0.000 0.000 434.929 0.000 964.094 0.000
610.976 549.138 0.000 525.537 0.000 833.411 829.961 0.000
0.000 417.212 0.000 851.323 0.000 697.709 0.000 0.000
729.697 373.053 0.000 972.758 0.000 417.812 649.837 0.000
550.106 0.000 0.000 787.034 731.284 0.000 901.637 308.292
0.000 0.000 316.629 895.393 543.620 675.960 0.000 951.843
965.946 513.433 0.000 0.000 0.000 639.244 0.000 0.000
0.000 0.000 300.190 794.266 524.157 0.000 0.000 0.000
867.353 732.831 0.000 0.000 0.000 622.096 0.000 847.035
828.148 0.000 710.806 0.000 805.228 0.000 0.000 0.000
467.244 0.000 0.000 732.711 0.000 750.443 0.000 593.691
0.000 501.062 0.000 359.410 694.275 0.000 0.000 962.818
711.170 0.000 411.362 792.428 0.000 0.000 0.000 702.816
0.000 0.000 0.000 0.000 497.085 0.000 534.447 526.433
0.000 0.000 834.377 0.000 871.003 825.490 511.024 845.343
0.000 0.000 451.054 0.000 960.503 0.000 0.000 947.333
0.000 0.000 0.000 0.000 0.000 356.902 642.416 302.779
887.406 0.000 0.000 472.484 0.000 0.000 0.000 0.000
301.396 826.379 802.856 602.072 520.370 0.000 446.297 0.000
0.000 0.000 0.000 0.000 330.871 861.514 378.129 0.000
0.000 0.000 0.000 0.000 0.000 0.000 0.000 689.367
833.940 0.000 580.181 0.000 0.000 925.124 0.000 0.000
0.000 0.000 0.000 504.260 644.895 0.000 555.288 0.000
379.671 0.000 0.000 0.000 0.000 0.000 0.000 0.000
0.000 0.000 906.242 307.482 0.000 427.442 338.980 350.113
0.000 475.673 0.000 0.000 0.000 0.000 0.000 0.000
0.000 825.263 861.243 301.844 0.000 0.000 0.000 0.000
982.088 711.668 0.000 543.934 999.210 0.000 0.000 490.121
848.319 511.230 552.970 0.000 0.000 673.421 721.810 0.000
324.498 0.000 0.000 947.264 0.000 663.024 0.000 515.926
454.711 913.183 0.000 868.326 424.039 0.000 0.000 467.817
0.000 0.000 0.000 0.000 0.000 0.000 668.046 865.195
0.000 0.000 0.000 0.000 772.950 680.216 0.000 697.044
635.005 0.000 0.000 625.073 357.469 608.489 0.000 0.000
0.000 456.268 0.000 0.000 380.962 603.050 604.507 0.000
886.049 0.000 832.757 0.000 673.725 460.239 0.000 0.000
0.000 0.000 576.883 0.000 620.180 644.411 711.265 845.257
0.000 452.290 390.360 832.942 0.000 784.888 596.358 0.000
411.014 631.515 0.000 837.801 0.000 0.000 0.000 478.902
0.000 0.000 648.976 0.000 0.000 938.263 452.518 0.000
0.000 409.522 569.635 679.380 472.621 708.026 0.000 635.103
0.000 824.409 0.000 0.000 615.191 498.333 0.000 0.000
981.492 0.000 522.352 903.099 0.000 952.315 0.000 0.000
0.000 823.910 821.261 0.000 0.000 0.000 485.621 734.954
831.870 793.464 889.323 907.995 0.000 599.200 0.000 732.103
840.011 0.000 599.357 0.000 998.444 0.000 0.000 0.000
0.000 0.000 327.637 0.000 818.386 0.000 0.000 0.000
0.000 0.000 847.317 0.000 0.000 0.000 947.181 0.000
937.517 0.000 0.000 656.984 0.000 0.000 407.480 0.000
0.000 636.873 0.000 0.000 0.000 0.000 0.000 0.000
0.000 617.625 793.836 0.000 487.882 408.873 0.000 872.575
460.860 895.601 0.000 0.000 663.810 464.799 0.000 617.430
0.000 357.201 902.855 0.000 0.000 0.000 0.000 0.000
0.000 680.241 0.000 591.645 557.255 0.000 992.593 0.000
314.099 0.000 0.000 0.000 0.000 688.389 0.000 880.836
0.000 674.009 0.000 673.191 0.000 378.271 0.000 0.000
0.000 0.000 568.344 0.000 0.000 977.735 627.439 505.085
343.832 0.000 899.410 0.000 0.000 0.000 614.236 539.006
354.544 0.000 319.658 0.000 411.893 0.000 688.505 0.000
0.000 0.000 0.000 982.182 0.000 590.216 593.130 842.679
0.000 321.262 854.014 0.000 0.000 871.934 701.874 405.377
656.081 0.000 463.672 0.000 885.389 324.238 0.000 710.129
625.420 941.787 490.626 0.000 0.000 362.195 985.140 498.170
0.000 0.000 0.000 0.000 0.000 0.000 599.414 0.000
0.000 538.628 0.000 989.540 446.395 0.000 0.000 0.000
703.379 795.979 851.662 0.000 0.000 0.000 0.000 686.393
0.000 0.000 0.000 755.147 0.000 0.000 0.000 0.000
0.000 0.000 575.685 370.406 0.000 0.000 812.820 679.449
0.000 0.000 0.000 638.856 0.000 871.768 464.463 0.000
651.459 0.000 0.000 0.000 0.000 563.255 0.000 0.000
364.252 924.969 0.000 0.000 947.413 907.073 985.368 0.000
377.349 563.204 0.000 767.771 824.934 0.000 950.001 0.000
938.713 978.189 407.719 605.001 0.000 682.945 0.000 497.775
609.763 773.205 0.000 0.000 0.000 0.000 736.332 648.986
0.000 886.998 0.000 992.943 0.000 663.953 358.645 0.000
0.000 0.000 0.000 0.000 835.139 721.605 953.610 0.000
902.947 0.000 880.273 811.925 0.000 0.000 0.000 801.475
0.000 0.000 381.762 793.209 711.938 500.863 0.000 388.098
0.000 575.774 332.653 715.764 0.000 885.555 822.667 350.258
0.000 954.928 0.000 820.188 432.432 0.000 565.923 0.000
739.954 375.818 523.126 896.106 761.368 964.553 438.859 0.000
510.762 0.000 0.000 491.971 0.000 0.000 985.511 0.000
0.000 0.000 0.000 0.000 935.105 0.000 0.000 0.000
0.000 323.815 0.000 0.000 835.776 626.965 883.337 378.166
460.246 0.000 0.000 0.000 0.000 649.065 931.270 0.000
0.000 0.000 792.609 0.000 975.185 0.000 0.000 662.172
876.051 585.452 508.710 373.979 350.390 0.000 0.000 0.000
500.507 0.000 0.000 0.000 0.000 0.000 0.000 317.262
0.000 0.000 759.763 682.235 0.000 742.804 0.000 687.585
0.000 918.897 0.000 836.798 0.000 803.860 0.000 845.354
0.000 0.000 989.632 867.782 0.000 611.894 0.000 653.263
881.274 895.951 960.211 0.000 745.602 0.000 678.682 860.345
753.610 458.832 0.000 0.000 0.000 317.165 0.000 395.197
0.000 381.723 899.243 917.798 615.019 0.000 0.000 559.416
0.000 839.020 667.928 0.000 0.000 894.355 379.012 340.960
493.403 0.000 828.930 707.894 947.260 0.000 0.000 489.411
0.000 0.000 974.741 0.000 0.000 970.999 0.000 0.000
0.000 978.857 0.000 0.000 962.354 486.048 0.000 828.405
0.000 0.000 0.000 664.303 489.484 399.758 0.000 0.000
0.000 0.000 0.000 0.000 623.538 0.000 0.000 486.959
698.265 949.598 0.000 965.679 0.000 901.795 0.000 0.000
0.000 835.111 566.460 0.000 459.417 0.000 0.000 358.746
0.000 0.000 0.000 591.698 0.000 0.000 0.000 0.000
0.000 786.330 0.000 457.509 345.578 867.160 669.325 0.000
686.036 892.337 407.392 488.658 800.986 525.629 784.576 963.264
833.928 716.678 0.000 399.739 0.000 537.238 0.000 817.027
0.000 0.000 448.486 0.000 326.063 0.000 681.044 0.000
0.000 0.000 344.957 0.000 606.514 655.895 0.000 521.053
0.000 986.850 0.000 0.000 330.729 0.000 0.000 0.000
644.813 0.000 552.243 764.130 538.704 762.371 0.000 900.415
461.176 0.000 0.000 571.899 0.000 0.000 771.581 863.266
581.194 841.971 0.000 304.935 549.557 938.650 0.000 0.000
999.495 352.261 653.583 974.506 0.000 0.000 0.000 0.000
637.342 601.846 0.000 0.000 706.407 0.000 968.027 840.256
921.974 0.000 0.000 431.917 0.000 0.000 619.188 0.000
856.079 0.000 0.000 903.864 0.000 0.000 584.636 0.000
965.654 0.000 0.000 0.000 341.371 0.000 476.355 0.000
409.413 405.713 0.000 0.000 0.000 893.042 0.000 302.308
0.000 0.000 0.000 998.898 0.000 0.000 956.649 884.673
0.000 0.000 0.000 0.000 932.330 0.000 0.000 460.863
0.000 0.000 0.000 0.000 0.000 502.860 571.221 0.000
0.000 935.939 631.615 0.000 0.000 355.272 0.000 0.000
0.000 0.000 0.000 450.888 970.221 939.598 0.000 451.812
0.000 607.389 0.000 856.676 0.000 0.000 612.399 0.000
573.690 0.000 338.695 0.000 0.000 677.080 971.308 520.514
447.568 0.000 335.740 924.868 601.375 0.000 497.519 652.812
619.854 0.000 895.768 835.164 626.895 0.000 382.040 0.000
0.000 411.555 624.073 0.000 0.000 0.000 0.000 699.068
356.497 623.711 0.000 960.074 345.719 401.761 337.368 787.994
694.913 0.000 0.000 0.000 748.883 542.553 0.000 878.414
870.026 0.000 412.685 0.000 0.000 0.000 704.677 0.000
0.000 521.986 402.367 619.129 0.000 300.310 0.000 629.442
0.000 0.000 315.648 761.182 380.476 0.000 0.000 728.003
0.000 0.000 887.735 0.000 0.000 892.268 556.104 458.780
772.263 0.000 491.792 0.000 0.000 465.457 746.713 0.000
0.000 0.000 0.000 0.000 429.798 702.685 0.000 532.059
0.000 0.000 975.614 598.504 810.747 0.000 0.000 0.000
549.055 594.592 703.410 377.553 849.968 516.409 791.178 468.369
0.000 321.962 0.000 0.000 0.000 667.985 748.327 476.781
0.000 949.106 410.005 0.000 0.000 0.000 0.000 0.000
0.000 803.295 0.000 0.000 0.000 0.000 505.327 541.277
878.739 758.691 716.155 0.000 720.497 798.116 0.000 0.000
465.746 0.000 0.000 0.000 718.872 0.000 792.757 0.000
0.000 0.000 0.000 0.000 950.803 0.000 0.000 742.318
0.000 0.000 837.426 545.190 477.887 0.000 0.000 0.000
0.000 0.000 0.000 0.000 0.000 0.000 0.000 520.501
0.000 0.000 0.000 0.000 872.272 0.000 453.379 0.000
839.584 875.377 549.875 867.427 983.265 699.772 539.694 499.472
