716.270 589.226 773.736 0.000 418.903 341.504 0.000 871.112
741.797 0.000 0.000 343.571 0.000 0.000 801.590 744.976
0.000 361.884 825.743 461.773 0.000 0.000 0.000 0.000
0.000 386.180 0.000 842.492 514.270 0.000 0.000 358.278
0.000 380.271 0.000 762.659 786.962 304.709 639.274 643.761
0.000 870.485 452.555 0.000 0.000 667.652 781.713 0.000
981.351 522.284 662.854 0.000 696.288 0.000 0.000 0.000
372.557 895.541 0.000 891.556 501.117 722.135 0.000 0.000
0.000 0.000 0.000 0.000 764.660 461.754 0.000 0.000
736.891 805.411 0.000 712.238 0.000 652.525 457.572 0.000
647.156 0.000 926.583 916.499 0.000 720.656 0.000 547.317
0.000 0.000 304.648 0.000 457.236 614.495 596.323 931.738
621.807 933.499 822.192 0.000 860.535 394.833 494.888 0.000
0.000 0.000 550.765 932.073 0.000 328.283 678.188 0.000
729.184 787.083 347.337 452.208 0.000 0.000 0.000 968.831
851.331 955.259 0.000 0.000 0.000 0.000 634.675 953.564
0.000 0.000 960.287 0.000 887.958 313.858 637.452 0.000
726.600 0.000 940.590 606.468 0.000 0.000 0.000 811.713
0.000 0.000 341.430 479.627 0.000 0.000 455.959 751.618
872.895 861.362 835.808 674.630 749.992 0.000 0.000 0.000
846.760 0.000 635.292 687.924 886.363 968.994 0.000 0.000
519.785 0.000 0.000 619.341 0.000 885.394 524.325 645.456
0.000 0.000 553.998 0.000 0.000 0.000 566.343 0.000
555.288 0.000 0.000 0.000 701.340 0.000 416.279 463.452
488.535 675.010 0.000 0.000 0.000 0.000 390.983 0.000
331.278 0.000 312.115 0.000 0.000 0.000 475.133 0.000
430.812 0.000 0.000 0.000 0.000 0.000 0.000 0.000
387.599 436.021 0.000 0.000 902.842 0.000 580.622 401.004
789.247 468.334 0.000 0.000 970.174 0.000 0.000 949.035
0.000 555.999 985.727 368.696 0.000 0.000 0.000 0.000
0.000 655.933 548.781 893.664 410.687 794.741 475.379 919.180
746.702 0.000 756.948 0.000 0.000 899.538 399.155 515.651
0.000 678.090 781.717 554.848 0.000 0.000 674.972 944.795
0.000 485.926 587.352 0.000 748.666 707.259 798.380 825.717
0.000 0.000 0.000 0.000 0.000 520.478 564.214 0.000
0.000 588.801 0.000 682.370 0.000 0.000 0.000 0.000
0.000 393.150 0.000 502.073 480.440 0.000 0.000 419.535
0.000 0.000 726.928 502.837 0.000 0.000 0.000 902.959
0.000 645.944 0.000 935.344 0.000 942.260 0.000 768.826
569.103 0.000 0.000 0.000 620.278 0.000 0.000 0.000
0.000 392.521 519.747 0.000 348.556 530.433 0.000 0.000
301.328 562.627 742.762 892.388 763.769 675.814 505.786 823.347
0.000 393.732 0.000 0.000 0.000 0.000 787.580 0.000
305.083 645.390 0.000 450.552 0.000 0.000 0.000 980.232
0.000 0.000 846.686 646.815 790.967 0.000 0.000 694.584
518.896 0.000 0.000 0.000 419.530 860.113 0.000 555.430
384.255 0.000 0.000 363.416 0.000 0.000 313.547 891.404
652.569 416.352 719.564 0.000 711.230 449.291 555.375 0.000
437.574 824.126 914.712 0.000 0.000 0.000 445.241 994.845
0.000 0.000 0.000 0.000 514.746 971.571 0.000 671.698
595.039 0.000 0.000 922.443 560.433 0.000 394.696 532.963
883.607 884.202 0.000 752.280 354.571 0.000 845.272 819.352
334.613 0.000 617.305 0.000 0.000 784.555 0.000 806.578
437.155 0.000 0.000 0.000 0.000 674.938 411.194 0.000
0.000 677.826 0.000 0.000 0.000 0.000 846.151 0.000
0.000 0.000 0.000 0.000 0.000 524.756 0.000 842.509
0.000 0.000 559.549 591.542 753.246 984.963 556.529 0.000
813.212 0.000 0.000 602.217 964.211 0.000 580.940 0.000
452.308 573.343 0.000 514.337 769.394 694.803 0.000 765.909
0.000 0.000 0.000 0.000 0.000 537.743 0.000 0.000
538.643 0.000 939.265 895.535 850.061 0.000 0.000 0.000
0.000 366.746 938.285 0.000 0.000 656.675 0.000 0.000
373.624 370.839 0.000 0.000 676.629 809.325 0.000 0.000
0.000 0.000 0.000 0.000 658.119 0.000 0.000 632.914
552.444 364.573 602.336 0.000 497.171 941.731 325.748 0.000
0.000 340.451 0.000 0.000 607.099 0.000 313.763 910.003
0.000 0.000 752.064 0.000 0.000 831.657 0.000 499.709
0.000 599.745 779.977 0.000 930.243 0.000 779.336 0.000
691.783 680.321 602.982 338.851 711.391 713.624 0.000 0.000
395.747 948.274 0.000 404.136 0.000 544.343 646.656 731.862
321.498 0.000 561.969 620.400 877.923 0.000 869.549 403.915
0.000 0.000 484.095 0.000 0.000 537.867 0.000 375.208
0.000 0.000 0.000 0.000 915.746 0.000 0.000 712.148
368.917 626.454 0.000 0.000 724.222 0.000 0.000 0.000
721.266 343.154 717.807 632.720 0.000 414.547 0.000 0.000
0.000 0.000 453.703 0.000 0.000 0.000 783.944 0.000
0.000 0.000 820.825 558.183 0.000 0.000 541.800 0.000
595.425 0.000 930.692 0.000 0.000 989.197 525.933 0.000
0.000 836.147 371.594 0.000 0.000 0.000 0.000 702.499
0.000 589.784 630.177 0.000 0.000 936.070 389.475 678.876
624.139 785.724 795.366 0.000 444.184 0.000 498.341 0.000
0.000 429.746 342.472 693.601 955.756 0.000 866.674 971.988
465.655 807.060 0.000 0.000 501.404 0.000 702.233 529.070
334.337 0.000 863.147 741.557 0.000 0.000 877.357 0.000
0.000 605.436 684.987 0.000 0.000 563.092 704.705 974.829
0.000 532.835 0.000 794.296 0.000 411.081 529.658 0.000
0.000 728.687 0.000 0.000 466.728 0.000 567.928 0.000
0.000 0.000 512.404 0.000 936.199 0.000 0.000 946.358
911.792 0.000 735.027 0.000 0.000 0.000 737.192 0.000
0.000 795.733 0.000 417.345 0.000 0.000 0.000 0.000
659.718 0.000 0.000 806.283 0.000 813.298 0.000 0.000
846.119 0.000 0.000 988.989 920.585 949.597 0.000 0.000
965.292 391.212 0.000 0.000 0.000 0.000 0.000 601.456
0.000 939.377 557.523 0.000 614.484 0.000 0.000 526.220
0.000 801.056 0.000 0.000 0.000 0.000 0.000 300.135
543.442 557.927 0.000 467.763 0.000 531.314 593.973 447.638
0.000 0.000 0.000 612.630 0.000 0.000 883.435 463.498
685.538 357.151 0.000 831.020 829.263 408.462 958.166 984.074
0.000 472.459 823.530 335.975 514.652 924.234 637.927 565.446
0.000 502.462 0.000 485.086 715.835 0.000 0.000 0.000
465.559 0.000 644.961 874.883 0.000 0.000 470.440 0.000
0.000 0.000 783.197 0.000 0.000 786.639 0.000 0.000
989.738 549.807 0.000 871.635 589.301 0.000 0.000 0.000
0.000 0.000 0.000 336.883 342.287 0.000 0.000 0.000
0.000 0.000 752.600 445.711 437.874 0.000 0.000 0.000
973.791 0.000 0.000 683.905 529.674 433.474 0.000 665.389
798.160 0.000 0.000 0.000 602.832 313.550 341.733 0.000
535.643 519.363 0.000 0.000 857.258 982.367 401.989 341.920
317.777 727.980 0.000 0.000 637.086 375.528 0.000 823.827
795.810 310.621 0.000 447.221 0.000 0.000 0.000 0.000
0.000 498.986 0.000 0.000 0.000 383.569 804.527 902.459
0.000 722.443 922.230 0.000 0.000 0.000 546.146 360.181
794.273 886.784 0.000 0.000 720.993 0.000 599.682 0.000
0.000 0.000 504.012 0.000 649.445 0.000 869.024 0.000
662.523 975.205 350.782 367.855 467.665 0.000 787.579 897.601
0.000 985.405 0.000 690.988 0.000 415.877 0.000 0.000
0.000 0.000 0.000 0.000 447.051 0.000 394.967 0.000
0.000 639.965 446.254 0.000 713.272 0.000 0.000 0.000
0.000 481.195 0.000 0.000 595.613 317.326 541.857 776.012
759.456 0.000 365.754 683.359 0.000 0.000 922.957 0.000
975.278 972.292 0.000 426.561 0.000 0.000 483.442 0.000
386.728 0.000 734.500 606.843 950.839 984.072 805.394 0.000
0.000 838.463 706.772 928.122 435.074 825.062 569.715 0.000
940.914 0.000 532.791 0.000 979.418 985.597 0.000 413.426
0.000 0.000 0.000 361.621 889.206 0.000 0.000 0.000
677.420 677.711 0.000 0.000 456.705 368.000 723.226 702.544
0.000 451.559 648.981 0.000 0.000 902.285 390.938 760.489
461.812 645.352 0.000 706.659 0.000 955.135 0.000 824.783
965.965 390.473 491.586 311.869 720.833 0.000 970.537 0.000
771.755 789.435 0.000 445.708 768.203 0.000 711.133 0.000
556.037 0.000 585.867 0.000 0.000 0.000 0.000 490.790
547.936 0.000 418.975 568.810 303.925 0.000 0.000 0.000
931.401 0.000 0.000 558.790 0.000 601.074 395.207 0.000
642.052 0.000 548.324 541.056 0.000 0.000 349.148 0.000
0.000 0.000 903.992 412.591 0.000 0.000 804.864 0.000
0.000 658.987 319.399 0.000 0.000 757.356 0.000 0.000
836.791 0.000 340.515 908.161 560.854 0.000 455.478 623.287
632.949 0.000 0.000 457.555 0.000 802.779 0.000 0.000
612.365 751.695 0.000 540.071 846.296 935.754 0.000 801.365
633.969 918.685 923.602 432.882 0.000 0.000 915.851 0.000
601.550 823.971 946.033 0.000 924.944 803.377 997.167 0.000
703.686 0.000 0.000 593.098 957.999 0.000 755.809 796.814
737.112 0.000 584.359 752.516 0.000 440.657 777.041 0.000
383.378 734.521 865.152 468.350 0.000 350.791 608.315 0.000
0.000 0.000 891.214 670.724 0.000 0.000 300.878 0.000
615.288 0.000 0.000 487.480 614.427 0.000 731.765 878.829
0.000 708.132 0.000 937.494 0.000 0.000 0.000 0.000
0.000 0.000 670.013 0.000 579.999 590.847 518.887 616.036
708.697 0.000 646.256 0.000 0.000 816.018 555.890 0.000
445.874 409.460 0.000 0.000 529.178 0.000 649.067 360.350
0.000 622.589 331.566 0.000 0.000 562.719 0.000 664.769
440.789 751.750 667.885 892.145 419.899 447.706 710.202 0.000
565.642 983.100 535.448 977.865 383.847 0.000 742.219 903.880
520.043 0.000 0.000 630.739 729.790 0.000 0.000 464.830
819.449 0.000 0.000 0.000 475.021 0.000 419.841 619.211
0.000 972.503 0.000 971.005 0.000 524.916 0.000 983.062
0.000 0.000 952.196 663.921 905.366 0.000 0.000 0.000
0.000 0.000 0.000 393.692 827.769 441.612 0.000 0.000
0.000 621.091 670.883 0.000 429.746 0.000 436.668 839.993
0.000 321.187 0.000 0.000 441.067 455.209 788.284 894.406
869.466 354.007 734.076 633.854 0.000 0.000 974.948 397.656
0.000 579.147 0.000 408.079 0.000 666.412 0.000 394.998
0.000 0.000 0.000 505.698 0.000 384.167 0.000 0.000
884.722 665.467 0.000 0.000 740.546 414.902 494.899 0.000
0.000 526.601 0.000 581.829 813.089 702.196 726.591 0.000
342.919 855.950 658.962 892.257 719.995 0.000 0.000 0.000
348.382 583.363 793.058 0.000 0.000 420.966 0.000 0.000
0.000 0.000 0.000 992.227 0.000 0.000 0.000 0.000
0.000 0.000 750.730 0.000 0.000 536.325 0.000 736.665
0.000 0.000 0.000 0.000 0.000 0.000 0.000 974.211
0.000 828.455 0.000 0.000 860.779 889.071 492.498 635.860
0.000 354.360 375.418 0.000 0.000 817.258 0.000 557.634
0.000 932.740 450.168 0.000 648.077 529.698 0.000 865.909
444.956 494.769 777.127 0.000 0.000 863.716 447.143 326.015
0.000 0.000 0.000 0.000 0.000 319.920 0.000 0.000
399.243 671.559 0.000 0.000 0.000 0.000 390.234 527.560
427.933 767.695 746.291 0.000 842.944 0.000 0.000 0.000
814.669 449.770 0.000 851.414 0.000 0.000 410.450 0.000
721.715 639.661 779.288 453.119 516.397 690.283 873.708 979.618
812.590 0.000 698.470 486.169 0.000 0.000 0.000 0.000
913.253 458.737 309.306 0.000 836.243 0.000 0.000 0.000
342.421 691.643 985.830 506.611 617.573 396.707 375.887 0.000
315.098 0.000 926.298 0.000 884.165 452.762 0.000 770.374
841.753 916.504 0.000 764.077 0.000 0.000 0.000 0.000
584.783 0.000 0.000 999.456 0.000 483.146 877.823 0.000
777.108 839.221 0.000 648.103 919.190 574.589 0.000 825.379
532.545 871.737 0.000 0.000 640.744 766.580 894.067 895.441
0.000 0.000 0.000 0.000 0.000 0.000 0.000 963.057
0.000 0.000 0.000 0.000 0.000 546.527 0.000 458.105
615.676 0.000 834.063 917.180 403.925 0.000 867.722 0.000
421.257 0.000 0.000 0.000 827.202 0.000 0.000 357.997
0.000 0.000 0.000 0.000 0.000 425.920 0.000 0.000
0.000 0.000 0.000 0.000 350.733 356.869 0.000 425.488
381.865 586.357 735.871 0.000 0.000 588.784 0.000 682.624
776.742 0.000 0.000 0.000 0.000 0.000 978.299 627.033
340.827 0.000 0.000 0.000 0.000 677.212 0.000 377.285
0.000 0.000 0.000 563.265 0.000 0.000 793.861 587.108
512.269 0.000 0.000 732.492 0.000 654.946 772.199 864.929
0.000 0.000 670.300 312.029 0.000 993.110 908.719 0.000
836.472 0.000 0.000 0.000 0.000 0.000 886.981 877.719
432.583 845.907 353.633 0.000 0.000 543.863 0.000 0.000
0.000 638.767 0.000 779.942 938.314 0.000 902.562 712.010
925.904 0.000 0.000 877.562 0.000 0.000 428.040 0.000
0.000 0.000 943.862 972.528 0.000 356.046 971.305 753.878
674.057 0.000 0.000 0.000 0.000 0.000 0.000 0.000
0.000 0.000 0.000 810.949 0.000 447.763 390.931 925.168
492.485 0.000 0.000 0.000 756.113 0.000 0.000 0.000
0.000 0.000 0.000 0.000 571.558 900.620 449.547 617.901
0.000 761.392 696.033 0.000 0.000 0.000 0.000 403.841
0.000 648.956 573.727 696.382 552.210 581.375 967.621 555.375
386.948 0.000 478.034 0.000 0.000 0.000 0.000 0.000
0.000 498.083 0.000 711.862 0.000 0.000 0.000 614.349
932.307 0.000 886.214 0.000 0.000 0.000 500.519 919.957
0.000 0.000 0.000 0.000 865.672 553.787 0.000 0.000
692.621 667.824 833.925 0.000 433.643 0.000 0.000 644.572
0.000 863.161 367.600 348.870 0.000 583.841 920.816 517.300
452.526 714.058 0.000 911.243 665.532 0.000 657.366 0.000
0.000 0.000 573.738 958.922 0.000 912.123 0.000 0.000
517.360 464.122 0.000 896.471 430.541 570.474 0.000 0.000
0.000 0.000 976.195 862.542 0.000 987.727 706.375 679.018
0.000 902.075 0.000 0.000 502.787 0.000 0.000 0.000
308.321 409.014 649.210 0.000 799.426 506.988 0.000 522.683
0.000 523.215 0.000 936.083 886.717 0.000 992.682 698.977
0.000 0.000 401.769 584.118 0.000 0.000 0.000 782.290
0.000 922.821 0.000 614.024 0.000 922.111 0.000 0.000
0.000 771.064 0.000 0.000 810.661 567.655 0.000 972.161
441.074 375.946 982.248 528.178 0.000 0.000 969.079 0.000
871.335 0.000 705.610 0.000 0.000 0.000 748.761 0.000
0.000 748.225 0.000 0.000 0.000 359.821 980.533 311.890
0.000 905.385 929.639 779.089 992.043 0.000 659.995 388.041
0.000 717.190 976.341 559.961 0.000 0.000 0.000 0.000
0.000 460.988 0.000 811.182 376.938 863.543 0.000 0.000
766.479 957.903 0.000 953.551 0.000 949.234 829.224 0.000
0.000 0.000 0.000 425.577 0.000 0.000 0.000 763.337
0.000 0.000 459.174 758.761 0.000 564.875 443.254 0.000
0.000 957.003 0.000 0.000 0.000 367.236 0.000 0.000
0.000 461.358 0.000 556.079 0.000 844.160 645.176 0.000
0.000 840.501 713.566 762.824 948.539 0.000 381.822 0.000
405.413 978.686 788.244 436.776 0.000 0.000 0.000 0.000
0.000 547.736 0.000 0.000 0.000 956.877 631.177 0.000
799.475 500.926 950.561 0.000 747.887 419.261 444.574 0.000
995.819 0.000 0.000 0.000 0.000 0.000 656.194 0.000
831.495 625.209 0.000 812.783 591.827 0.000 683.587 567.000
0.000 942.422 0.000 0.000 788.046 723.914 868.696 0.000
364.868 642.287 972.944 876.980 0.000 715.520 0.000 0.000
0.000 0.000 0.000 726.031 431.728 0.000 333.108 0.000
462.609 617.666 850.059 819.616 914.090 0.000 747.732 0.000
0.000 753.808 355.027 744.198 306.620 0.000 0.000 841.461
0.000 0.000 604.445 354.481 0.000 931.113 769.981 525.663
0.000 0.000 0.000 0.000 939.391 894.310 716.831 0.000
320.013 0.000 590.249 0.000 0.000 839.284 533.859 657.685
592.042 562.693 0.000 317.909 0.000 780.846 0.000 0.000
0.000 0.000 0.000 0.000 0.000 364.646 0.000 0.000
0.000 0.000 0.000 911.054 0.000 0.000 0.000 752.235
868.569 345.390 0.000 571.902 0.000 0.000 0.000 0.000
0.000 922.920 737.680 0.000 0.000 349.601 813.445 0.000
642.955 0.000 0.000 445.614 0.000 845.293 0.000 587.695
0.000 0.000 0.000 766.262 0.000 0.000 0.000 858.222
484.195 0.000 919.217 0.000 0.000 0.000 362.296 0.000
541.140 0.000 432.647 587.320 711.672 304.335 0.000 317.417
0.000 674.650 746.210 919.155 0.000 0.000 0.000 605.586
0.000 564.314 0.000 636.870 400.655 698.127 567.452 410.291
697.139 0.000 0.000 0.000 0.000 335.112 0.000 0.000
390.203 0.000 0.000 0.000 0.000 887.069 0.000 732.037
0.000 0.000 0.000 0.000 955.821 0.000 512.739 0.000
778.356 0.000 0.000 540.521 0.000 450.778 0.000 646.894
873.587 531.112 0.000 809.245 743.043 0.000 544.092 870.430
751.717 0.000 498.306 563.774 580.659 594.161 0.000 496.063
970.486 0.000 307.764 682.679 997.738 709.554 827.382 724.571
0.000 0.000 473.151 0.000 595.611 452.674 714.119 0.000
483.983 307.487 811.991 587.356 0.000 884.082 776.294 0.000
0.000 0.000 771.718 0.000 785.267 408.792 823.372 0.000
0.000 0.000 0.000 734.240 0.000 756.651 0.000 0.000
992.957 405.374 460.030 0.000 0.000 977.126 776.263 314.757
0.000 549.110 965.074 0.000 0.000 933.514 0.000 570.346
0.000 0.000 371.484 0.000 0.000 0.000 403.057 0.000
0.000 0.000 681.079 0.000 657.383 0.000 0.000 0.000
935.843 0.000 780.217 0.000 0.000 482.463 514.922 0.000
847.419 960.431 305.413 310.248 0.000 864.521 0.000 595.857
352.323 370.254 436.633 778.413 324.253 0.000 825.411 468.973
430.308 439.303 0.000 0.000 0.000 0.000 0.000 0.000
0.000 703.705 563.723 0.000 0.000 387.397 0.000 986.978
0.000 796.015 0.000 0.000 916.556 0.000 0.000 707.924
328.146 306.002 0.000 0.000 584.852 568.655 0.000 483.728
832.072 0.000 539.733 0.000 737.902 0.000 959.006 0.000
980.301 727.294 693.563 0.000 0.000 798.445 0.000 0.000
645.004 831.690 343.675 774.401 0.000 0.000 0.000 902.652
986.391 0.000 766.063 565.367 0.000 0.000 465.006 0.000
0.000 536.704 0.000 554.747 978.162 895.428 0.000 0.000
0.000 496.821 0.000 0.000 0.000 971.416 666.003 738.376
0.000 759.963 322.174 667.284 568.834 0.000 564.125 0.000
0.000 615.866 722.656 0.000 411.796 0.000 0.000 0.000
0.000 0.000 507.353 302.288 665.781 882.515 465.742 784.887
302.943 911.520 0.000 0.000 0.000 766.453 0.000 0.000
0.000 0.000 679.051 0.000 0.000 339.613 746.302 0.000
608.333 0.000 0.000 733.921 0.000 0.000 612.331 0.000
406.238 0.000 981.582 0.000 0.000 0.000 369.715 0.000
0.000 0.000 0.000 0.000 0.000 311.103 0.000 537.497
0.000 0.000 0.000 0.000 0.000 960.982 0.000 0.000
602.400 0.000 0.000 0.000 0.000 843.964 798.477 696.887
0.000 614.950 571.307 0.000 0.000 0.000 0.000 405.043
0.000 0.000 587.409 406.938 0.000 0.000 0.000 944.389
759.805 0.000 0.000 512.017 581.225 0.000 0.000 852.560
0.000 726.735 0.000 512.558 0.000 0.000 979.581 0.000
0.000 773.002 590.437 562.222 362.701 746.667 0.000 0.000
344.481 0.000 855.758 0.000 0.000 0.000 0.000 0.000
0.000 0.000 413.025 0.000 0.000 0.000 0.000 0.000
0.000 945.351 931.132 0.000 0.000 913.062 0.000 592.097
0.000 0.000 777.990 0.000 0.000 882.328 0.000 0.000
501.149 572.531 755.418 630.811 0.000 998.874 703.903 872.537
475.966 885.874 0.000 0.000 0.000 0.000 0.000 770.437
981.362 351.068 0.000 493.673 0.000 577.138 728.064 0.000
707.167 948.267 0.000 0.000 0.000 0.000 0.000 0.000
523.794 528.101 0.000 0.000 0.000 0.000 649.791 0.000
436.000 596.830 0.000 358.058 626.954 0.000 0.000 478.179
0.000 0.000 954.851 792.660 0.000 0.000 774.499 0.000
766.854 620.263 0.000 403.893 0.000 0.000 673.129 672.206
0.000 751.270 837.048 555.564 623.007 0.000 927.667 706.879
916.766 0.000 0.000 0.000 0.000 967.180 516.607 0.000
571.498 0.000 315.383 0.000 617.461 0.000 300.985 0.000
584.768 0.000 809.243 0.000 705.690 0.000 827.561 0.000
0.000 0.000 728.292 0.000 552.634 657.490 788.050 0.000
0.000 679.328 0.000 862.751 721.382 0.000 322.996 0.000
0.000 0.000 0.000 978.479 0.000 976.167 0.000 0.000
552.222 0.000 0.000 0.000 787.010 871.873 795.258 0.000
0.000 0.000 923.431 809.156 0.000 0.000 0.000 0.000
0.000 0.000 0.000 0.000 811.455 0.000 0.000 0.000
0.000 0.000 568.059 0.000 424.815 913.142 0.000 371.920
0.000 0.000 347.427 403.040 0.000 554.982 622.944 0.000
0.000 0.000 0.000 463.502 449.307 709.428 417.414 661.610
0.000 566.530 0.000 0.000 0.000 0.000 548.238 571.652
593.951 0.000 852.232 0.000 848.512 687.874 898.644 0.000
0.000 0.000 0.000 0.000 318.263 0.000 897.349 626.292
398.455 0.000 0.000 0.000 933.344 0.000 0.000 0.000
638.083 0.000 877.864 816.482 0.000 833.902 854.069 974.790
375.753 819.765 0.000 0.000 688.206 0.000 321.770 711.407
0.000 427.414 0.000 473.807 0.000 823.998 0.000 0.000
0.000 0.000 534.611 387.494 392.037 0.000 0.000 0.000
942.219 414.707 0.000 910.067 646.294 0.000 344.922 0.000
832.845 874.166 0.000 0.000 0.000 518.273 0.000 0.000
0.000 0.000 406.917 0.000 784.484 489.325 0.000 676.061
0.000 867.956 629.669 0.000 619.003 0.000 559.497 769.786
0.000 0.000 549.191 0.000 0.000 571.715 0.000 591.834
357.216 377.694 362.653 869.101 0.000 361.848 0.000 0.000
0.000 822.795 695.766 0.000 314.457 385.454 785.618 599.605
824.481 0.000 654.386 599.974 379.338 0.000 0.000 0.000
0.000 372.377 807.401 0.000 489.781 0.000 865.474 861.480
753.877 0.000 0.000 893.525 546.219 0.000 0.000 0.000
638.583 675.176 546.429 836.916 580.566 420.059 493.838 750.702
561.541 912.251 0.000 953.117 833.688 807.885 909.282 905.008
955.535 0.000 755.778 483.899 0.000 605.766 691.796 617.381
0.000 568.056 0.000 0.000 627.834 499.880 528.156 0.000
0.000 707.896 0.000 557.773 0.000 531.592 0.000 0.000
445.167 971.829 739.971 940.017 0.000 0.000 989.129 615.501
875.962 0.000 0.000 896.970 0.000 0.000 0.000 517.217
423.492 876.515 989.744 475.021 0.000 0.000 968.219 914.386
0.000 412.073 528.521 0.000 549.630 880.346 0.000 837.459
0.000 0.000 0.000 808.957 376.200 0.000 0.000 335.458
785.030 0.000 632.857 931.029 422.700 0.000 599.885 719.135
0.000 0.000 966.947 0.000 315.503 665.386 508.093 0.000
0.000 0.000 354.722 0.000 926.460 962.286 0.000 0.000
0.000 0.000 957.549 0.000 815.406 0.000 0.000 591.573
0.000 330.530 908.061 0.000 0.000 855.605 0.000 777.094
0.000 751.776 0.000 787.430 673.734 411.121 0.000 530.347
674.720 0.000 757.335 985.411 431.963 846.680 0.000 999.075
0.000 0.000 0.000 705.646 660.055 0.000 573.857 640.599
552.351 393.844 351.896 0.000 0.000 0.000 0.000 0.000
0.000 0.000 905.941 712.737 0.000 0.000 0.000 340.437
881.346 0.000 0.000 886.450 0.000 0.000 312.555 0.000
0.000 0.000 375.024 0.000 0.000 0.000 0.000 0.000
0.000 0.000 0.000 0.000 0.000 0.000 986.141 797.812
523.797 0.000 0.000 685.458 0.000 798.766 0.000 654.326
869.048 0.000 0.000 577.434 0.000 0.000 0.000 0.000
884.960 0.000 0.000 0.000 0.000 852.990 0.000 697.228
0.000 611.298 0.000 0.000 0.000 0.000 0.000 992.160
0.000 0.000 0.000 721.773 0.000 0.000 0.000 948.979
0.000 0.000 909.737 677.776 0.000 549.673 544.863 0.000
684.254 0.000 0.000 0.000 0.000 0.000 0.000 0.000
0.000 0.000 0.000 0.000 570.345 0.000 511.624 388.336
441.539 0.000 0.000 0.000 655.585 0.000 385.172 0.000
0.000 579.692 0.000 0.000 0.000 0.000 379.769 0.000
456.354 0.000 0.000 0.000 925.671 916.880 0.000 0.000
683.191 894.573 840.796 0.000 0.000 0.000 0.000 0.000
0.000 361.403 0.000 886.725 0.000 0.000 968.109 312.942
460.713 0.000 0.000 698.844 0.000 0.000 970.523 906.677
929.594 0.000 0.000 0.000 536.168 960.155 323.146 0.000
453.087 0.000 358.998 929.039 696.049 0.000 0.000 0.000
490.305 623.452 0.000 856.133 0.000 542.222 906.432 468.147
662.131 0.000 360.074 981.980 825.515 936.453 675.489 0.000
468.299 0.000 0.000 592.766 0.000 0.000 682.401 790.237
0.000 952.775 0.000 0.000 0.000 0.000 0.000 0.000
431.265 981.853 967.041 342.009 0.000 443.455 320.123 0.000
743.365 0.000 0.000 0.000 0.000 316.431 890.662 0.000
866.251 831.703 0.000 0.000 980.606 0.000 885.924 438.614
594.243 365.273 455.755 0.000 0.000 0.000 684.869 0.000
0.000 951.241 802.524 884.624 0.000 786.223 0.000 0.000
0.000 607.947 0.000 0.000 595.787 457.444 429.189 761.556
305.470 308.042 323.342 603.578 703.912 723.618 0.000 0.000
0.000 0.000 894.140 647.467 865.253 463.883 0.000 0.000
835.548 0.000 0.000 0.000 0.000 0.000 364.548 986.761
442.927 0.000 0.000 0.000 0.000 0.000 0.000 0.000
0.000 945.197 829.559 0.000 359.049 908.980 0.000 473.619
0.000 577.613 988.575 581.679 319.345 886.601 0.000 0.000
0.000 0.000 919.386 0.000 692.167 0.000 0.000 0.000
0.000 0.000 730.114 0.000 0.000 0.000 353.801 663.082
605.690 553.207 0.000 0.000 355.547 0.000 0.000 0.000
992.797 0.000 0.000 0.000 0.000 532.887 795.129 413.065
683.488 660.747 975.023 695.766 677.883 0.000 438.704 0.000
838.711 561.899 0.000 0.000 379.653 800.621 0.000 0.000
630.163 426.159 386.037 0.000 0.000 493.171 0.000 886.778
0.000 904.493 711.764 605.593 785.416 636.604 605.325 342.005
720.657 526.823 601.067 400.183 833.906 713.305 0.000 0.000
968.052 544.399 0.000 0.000 506.211 0.000 0.000 0.000
761.005 0.000 0.000 914.684 524.488 498.941 660.131 0.000
890.683 522.259 0.000 0.000 742.370 0.000 0.000 0.000
0.000 0.000 375.781 326.922 826.780 536.349 474.379 0.000
0.000 0.000 436.803 0.000 841.595 0.000 0.000 510.707
0.000 0.000 0.000 630.736 0.000 0.000 0.000 534.325
599.068 0.000 314.307 563.106 0.000 505.827 656.118 0.000
758.105 0.000 782.686 483.035 0.000 0.000 733.798 0.000
0.000 795.136 638.466 634.914 0.000 622.231 0.000 336.328
0.000 739.878 476.945 0.000 0.000 0.000 0.000 371.408
367.376 0.000 880.750 0.000 0.000 498.290 305.443 353.988
0.000 721.460 329.663 0.000 0.000 0.000 352.260 0.000
479.702 958.789 440.176 0.000 884.801 869.384 533.598 0.000
0.000 345.898 869.048 0.000 507.864 0.000 0.000 708.869
0.000 859.812 0.000 0.000 393.981 969.445 866.749 0.000
750.020 0.000 437.156 364.919 481.260 0.000 549.929 0.000
961.689 358.928 527.467 0.000 325.344 0.000 0.000 0.000
476.679 404.439 381.614 0.000 809.500 0.000 551.099 509.495
427.775 0.000 0.000 762.580 471.421 0.000 0.000 787.126
0.000 0.000 366.622 683.433 0.000 0.000 0.000 0.000
399.401 0.000 0.000 0.000 0.000 467.017 984.570 313.400
0.000 825.982 388.288 0.000 733.895 0.000 0.000 0.000
551.494 404.817 0.000 947.626 0.000 0.000 791.907 549.470
0.000 987.516 338.965 0.000 508.876 974.335 0.000 0.000
0.000 592.502 0.000 348.513 525.640 417.884 486.835 0.000
0.000 0.000 0.000 0.000 0.000 0.000 570.184 0.000
680.433 898.887 598.883 0.000 0.000 0.000 416.715 408.460
0.000 0.000 604.048 451.286 0.000 0.000 0.000 0.000
456.406 430.256 830.885 656.273 0.000 663.730 941.374 0.000
799.263 0.000 331.251 502.671 300.947 859.218 0.000 671.456
0.000 0.000 0.000 0.000 360.511 0.000 794.840 770.337
0.000 413.750 0.000 0.000 958.659 374.282 775.119 0.000
0.000 0.000 979.911 742.909 0.000 0.000 441.598 798.685
0.000 0.000 0.000 0.000 0.000 443.075 323.884 871.774
353.226 0.000 0.000 0.000 468.467 364.097 606.584 409.763
893.240 0.000 0.000 0.000 0.000 0.000 0.000 307.675
658.950 0.000 927.672 0.000 614.550 391.371 0.000 0.000
0.000 820.332 0.000 0.000 872.624 0.000 737.648 981.708
0.000 872.077 0.000 0.000 0.000 0.000 0.000 0.000
714.910 0.000 0.000 0.000 369.129 0.000 568.648 0.000
0.000 677.597 360.894 0.000 0.000 0.000 0.000 545.048
0.000 0.000 0.000 636.289 646.813 621.063 757.622 0.000
0.000 0.000 408.126 0.000 718.534 308.536 791.878 403.870
973.735 0.000 476.202 489.347 0.000 0.000 0.000 772.888
581.137 930.065 0.000 0.000 0.000 0.000 596.203 670.598
866.735 0.000 0.000 0.000 318.506 0.000 0.000 0.000
0.000 0.000 382.693 724.720 0.000 0.000 0.000 831.044
367.492 0.000 0.000 852.212 0.000 0.000 778.932 753.228
825.557 0.000 0.000 823.841 701.533 0.000 0.000 0.000
800.517 350.091 714.700 910.469 709.290 619.105 487.372 0.000
0.000 0.000 0.000 801.948 716.807 0.000 935.586 613.324
582.478 637.828 0.000 977.635 0.000 613.402 0.000 0.000
0.000 0.000 0.000 0.000 0.000 335.416 0.000 764.430
0.000 432.999 0.000 0.000 773.392 0.000 327.433 0.000
0.000 0.000 0.000 0.000 801.232 424.425 391.602 527.097
0.000 0.000 0.000 0.000 439.034 0.000 0.000 0.000
0.000 0.000 0.000 931.259 635.782 477.135 760.699 0.000
722.235 891.513 0.000 510.661 822.969 0.000 307.292 579.376
0.000 310.807 0.000 0.000 754.009 301.173 0.000 0.000
0.000 0.000 678.188 365.041 0.000 734.118 710.978 746.664
779.226 605.411 0.000 372.890 993.318 880.918 0.000 0.000
0.000 701.497 366.297 364.353 0.000 0.000 323.667 0.000
744.769 626.527 623.282 984.914 0.000 0.000 0.000 0.000
0.000 954.231 871.591 406.460 733.757 963.213 409.047 944.101
0.000 0.000 0.000 764.148 0.000 702.652 980.938 0.000
338.832 852.664 455.906 0.000 704.082 514.037 0.000 0.000
913.455 330.516 0.000 483.835 0.000 865.984 0.000 0.000
540.222 0.000 774.615 0.000 712.481 0.000 0.000 0.000
530.995 429.795 0.000 0.000 0.000 792.762 385.141 930.042
0.000 0.000 0.000 0.000 0.000 0.000 496.407 604.228
872.414 494.018 0.000 418.895 727.716 0.000 539.003 0.000
356.034 0.000 685.446 0.000 779.528 975.291 563.219 986.332
636.304 0.000 0.000 785.845 404.413 501.908 0.000 0.000
431.521 0.000 735.050 903.998 0.000 0.000 942.874 816.031
662.776 912.011 482.605 850.691 966.158 647.312 342.684 0.000
0.000 0.000 950.516 465.225 0.000 872.312 707.144 0.000
0.000 834.776 472.043 0.000 0.000 0.000 608.644 0.000
943.561 0.000 0.000 0.000 623.175 0.000 0.000 392.193
541.729 904.312 346.787 739.525 366.630 0.000 0.000 0.000
0.000 308.952 0.000 722.456 894.063 0.000 633.650 0.000
0.000 0.000 0.000 703.702 0.000 903.256 484.510 962.772
938.007 426.906 812.940 876.849 921.456 432.034 855.358 421.239
624.374 0.000 0.000 932.453 0.000 316.619 0.000 838.849
679.543 0.000 328.389 0.000 687.098 516.338 752.455 953.476
0.000 0.000 0.000 557.443 0.000 0.000 704.275 668.547
0.000 925.469 712.235 325.685 675.478 0.000 873.129 0.000
420.994 0.000 0.000 865.514 0.000 301.144 657.498 962.909
632.039 942.578 325.560 740.919 0.000 511.115 0.000 0.000
