989.627 0.000 0.000 0.000 699.379 369.230 0.000 0.000
0.000 0.000 0.000 673.359 589.190 865.776 594.175 839.252
0.000 508.829 628.343 557.959 0.000 761.572 0.000 0.000
0.000 430.031 520.314 0.000 0.000 719.263 0.000 440.895
524.372 0.000 448.928 0.000 0.000 339.196 726.278 339.773
0.000 0.000 0.000 0.000 0.000 0.000 0.000 527.242
0.000 567.448 0.000 0.000 495.409 628.778 0.000 0.000
0.000 0.000 891.941 830.583 311.163 786.809 0.000 0.000
769.588 386.936 745.463 657.941 606.076 590.783 741.230 0.000
0.000 0.000 810.903 631.703 0.000 0.000 726.143 387.802
0.000 917.026 0.000 0.000 573.682 0.000 0.000 0.000
0.000 0.000 0.000 0.000 991.919 0.000 0.000 617.481
0.000 470.993 329.209 0.000 964.926 0.000 0.000 660.491
480.943 0.000 0.000 456.450 0.000 538.680 0.000 0.000
0.000 375.149 0.000 579.480 330.149 802.832 974.513 744.523
0.000 0.000 953.479 432.453 493.667 0.000 0.000 313.888
0.000 0.000 0.000 990.223 887.229 0.000 0.000 481.215
813.509 0.000 984.280 321.584 331.689 0.000 636.798 0.000
473.471 514.709 846.187 0.000 445.379 0.000 0.000 442.409
0.000 904.514 615.588 446.382 0.000 985.510 853.048 320.073
0.000 561.261 471.296 0.000 472.463 377.125 0.000 684.161
616.886 0.000 0.000 804.305 882.246 0.000 326.332 0.000
0.000 0.000 0.000 408.197 313.469 822.665 869.520 0.000
825.702 0.000 0.000 0.000 722.089 969.256 574.385 358.348
0.000 0.000 365.601 0.000 0.000 893.539 334.698 0.000
806.443 373.624 0.000 571.912 0.000 0.000 0.000 666.152
865.380 962.114 0.000 0.000 873.508 809.905 0.000 0.000
0.000 975.174 0.000 0.000 396.563 824.424 738.032 0.000
937.540 305.846 940.750 304.481 481.620 0.000 0.000 0.000
772.567 798.329 632.216 785.138 746.209 583.470 0.000 980.852
564.133 0.000 705.294 676.940 0.000 0.000 0.000 0.000
505.825 0.000 598.328 0.000 0.000 977.890 0.000 689.406
0.000 0.000 560.762 464.492 0.000 0.000 930.485 0.000
0.000 0.000 654.543 0.000 0.000 726.693 820.514 0.000
0.000 983.663 645.030 495.732 420.860 0.000 0.000 0.000
803.030 678.076 703.462 0.000 477.240 0.000 787.744 652.511
699.652 0.000 0.000 0.000 595.396 641.719 925.915 0.000
969.204 804.123 547.873 0.000 0.000 981.169 0.000 0.000
577.349 705.053 672.350 0.000 0.000 937.978 0.000 508.777
0.000 504.307 339.963 833.064 478.814 0.000 994.121 0.000
921.862 0.000 400.790 0.000 759.246 0.000 0.000 844.862
0.000 675.858 909.280 0.000 0.000 496.700 0.000 937.303
0.000 831.287 0.000 352.147 449.414 665.840 471.918 0.000
0.000 742.031 0.000 0.000 960.023 0.000 580.998 0.000
0.000 0.000 368.600 0.000 0.000 927.685 827.812 0.000
0.000 0.000 581.248 371.493 0.000 0.000 0.000 370.971
0.000 0.000 995.137 0.000 481.095 0.000 0.000 0.000
0.000 0.000 942.926 513.384 577.045 901.160 882.519 950.882
849.218 0.000 0.000 0.000 0.000 365.118 947.366 961.951
0.000 672.592 564.127 0.000 377.931 0.000 820.362 0.000
0.000 0.000 0.000 806.906 754.194 0.000 606.604 0.000
396.208 855.103 0.000 0.000 0.000 0.000 0.000 0.000
980.658 990.319 0.000 820.421 0.000 504.849 527.012 0.000
872.437 0.000 0.000 615.093 0.000 910.106 522.034 943.569
0.000 499.570 916.633 527.118 0.000 540.943 423.161 414.137
0.000 0.000 842.610 0.000 0.000 0.000 0.000 459.583
0.000 0.000 0.000 461.304 0.000 0.000 0.000 0.000
943.224 0.000 0.000 0.000 0.000 0.000 0.000 0.000
809.807 818.609 400.658 875.776 996.703 0.000 0.000 795.509
813.468 486.389 0.000 511.496 440.466 945.125 391.801 883.293
0.000 0.000 0.000 0.000 382.736 739.350 0.000 352.027
468.844 0.000 0.000 581.941 0.000 0.000 0.000 0.000
391.887 511.626 0.000 0.000 0.000 0.000 0.000 333.017
0.000 683.605 0.000 0.000 0.000 0.000 793.585 0.000
748.085 0.000 315.594 0.000 0.000 741.451 0.000 386.376
363.749 0.000 0.000 0.000 711.756 380.123 829.442 601.440
0.000 342.650 312.577 371.961 0.000 470.260 0.000 976.428
0.000 0.000 664.386 0.000 982.819 0.000 435.477 311.023
546.538 682.011 442.102 940.435 0.000 0.000 747.838 0.000
0.000 0.000 389.756 443.868 0.000 0.000 447.380 0.000
645.643 0.000 0.000 917.877 0.000 0.000 461.239 0.000
411.522 0.000 0.000 0.000 957.424 500.041 0.000 559.177
0.000 0.000 0.000 0.000 939.752 0.000 0.000 0.000
0.000 567.098 379.674 0.000 0.000 0.000 0.000 0.000
0.000 0.000 483.257 0.000 815.791 584.587 0.000 0.000
861.068 721.032 382.418 0.000 859.236 0.000 951.891 392.051
0.000 834.221 459.980 845.204 893.696 673.686 0.000 370.384
0.000 581.218 490.275 0.000 0.000 0.000 0.000 0.000
480.871 841.180 627.428 597.717 0.000 430.799 480.060 0.000
0.000 804.731 884.448 0.000 0.000 0.000 853.840 0.000
695.273 0.000 0.000 0.000 0.000 577.069 0.000 0.000
0.000 538.654 684.229 428.303 0.000 0.000 362.234 0.000
756.515 365.910 796.349 642.699 0.000 0.000 0.000 314.029
0.000 0.000 950.311 724.942 0.000 687.515 725.606 351.071
0.000 456.409 0.000 716.684 914.792 948.009 0.000 0.000
0.000 0.000 954.890 666.533 521.245 851.202 0.000 990.913
720.432 0.000 0.000 674.345 0.000 0.000 404.330 0.000
418.836 350.495 0.000 0.000 0.000 956.187 0.000 704.433
585.287 0.000 0.000 0.000 0.000 0.000 0.000 677.937
882.800 0.000 0.000 0.000 494.680 522.824 0.000 901.314
0.000 938.210 557.244 0.000 0.000 565.071 877.518 597.809
0.000 625.681 0.000 0.000 792.500 903.356 480.144 0.000
632.322 588.355 629.349 0.000 0.000 0.000 0.000 0.000
672.974 742.432 356.957 0.000 987.959 0.000 0.000 0.000
943.230 0.000 988.159 0.000 520.549 996.626 463.561 361.543
0.000 0.000 0.000 0.000 0.000 0.000 0.000 993.184
0.000 835.389 0.000 0.000 0.000 0.000 0.000 0.000
899.669 0.000 713.829 0.000 0.000 909.190 0.000 879.675
770.988 886.054 456.886 705.793 902.713 0.000 0.000 0.000
548.490 412.947 971.286 697.096 0.000 448.548 439.024 927.545
0.000 613.389 760.393 393.761 440.728 465.726 557.016 624.420
0.000 0.000 847.200 974.950 711.378 0.000 369.056 0.000
363.903 379.006 0.000 864.971 0.000 0.000 821.362 0.000
959.370 0.000 0.000 647.858 857.877 0.000 734.083 0.000
0.000 0.000 446.332 875.731 0.000 515.667 0.000 740.704
374.752 539.629 757.830 0.000 0.000 0.000 490.935 806.492
906.313 0.000 805.141 0.000 0.000 0.000 0.000 0.000
526.527 0.000 700.910 0.000 591.998 908.591 0.000 0.000
0.000 986.063 0.000 0.000 369.713 0.000 873.948 550.692
316.730 0.000 0.000 526.166 441.800 952.809 418.708 0.000
0.000 0.000 675.704 722.216 0.000 649.078 0.000 649.716
0.000 431.130 0.000 591.450 0.000 0.000 0.000 858.971
0.000 695.559 495.906 332.291 880.069 944.470 0.000 0.000
0.000 906.960 0.000 0.000 752.066 0.000 853.620 0.000
0.000 0.000 0.000 965.884 0.000 0.000 0.000 0.000
0.000 452.589 0.000 874.427 985.867 952.027 809.905 0.000
0.000 0.000 0.000 0.000 743.582 519.776 0.000 0.000
983.257 0.000 0.000 962.201 536.668 0.000 445.848 0.000
0.000 0.000 0.000 0.000 512.896 935.517 332.331 594.496
467.220 0.000 0.000 641.175 360.387 825.175 0.000 0.000
0.000 949.096 0.000 0.000 353.102 0.000 0.000 776.802
617.071 855.756 0.000 0.000 0.000 806.123 0.000 0.000
0.000 933.991 0.000 962.227 0.000 0.000 455.012 986.497
676.153 0.000 703.113 472.053 0.000 781.203 914.690 0.000
416.969 0.000 0.000 751.125 0.000 0.000 770.944 326.346
730.561 0.000 0.000 0.000 0.000 0.000 449.185 953.502
0.000 0.000 0.000 0.000 0.000 547.651 726.256 0.000
0.000 472.528 0.000 598.142 740.913 0.000 0.000 0.000
763.718 0.000 0.000 934.121 546.913 0.000 0.000 0.000
908.245 611.800 569.381 0.000 640.441 0.000 308.114 452.493
0.000 359.142 653.943 921.638 0.000 0.000 839.010 478.542
0.000 0.000 654.754 853.461 482.781 836.169 971.516 0.000
561.674 0.000 498.058 0.000 550.756 0.000 0.000 0.000
678.825 0.000 681.104 938.806 539.954 403.801 0.000 0.000
433.835 697.907 0.000 750.869 0.000 0.000 897.359 517.100
0.000 0.000 0.000 478.902 0.000 0.000 0.000 522.652
0.000 0.000 312.661 699.460 0.000 579.934 0.000 859.309
832.613 0.000 991.507 324.240 866.515 625.326 723.947 453.466
0.000 933.804 348.503 914.324 710.474 428.918 670.376 641.019
460.388 311.596 0.000 0.000 0.000 506.624 915.731 0.000
0.000 0.000 0.000 659.978 469.460 0.000 680.493 384.782
0.000 978.158 0.000 0.000 638.940 0.000 705.063 778.165
0.000 0.000 971.167 355.140 722.404 674.672 688.499 900.190
682.778 651.156 548.957 448.076 676.636 0.000 0.000 0.000
423.607 0.000 692.802 0.000 905.291 0.000 869.668 0.000
0.000 0.000 678.342 788.555 0.000 0.000 358.880 0.000
477.723 730.285 0.000 516.499 595.994 0.000 519.472 858.707
0.000 422.713 0.000 0.000 0.000 0.000 0.000 0.000
0.000 0.000 334.613 948.829 478.725 662.824 0.000 566.459
438.706 0.000 0.000 719.308 0.000 599.815 453.308 756.091
0.000 707.019 0.000 0.000 529.664 0.000 0.000 940.715
0.000 488.746 627.439 733.727 0.000 914.724 589.515 0.000
339.092 989.945 0.000 915.377 0.000 0.000 753.179 0.000
632.685 0.000 0.000 0.000 0.000 571.033 0.000 769.383
0.000 0.000 493.910 857.900 0.000 0.000 689.395 473.558
702.159 619.211 0.000 0.000 0.000 808.886 0.000 769.407
732.352 774.034 554.667 0.000 0.000 915.572 958.100 0.000
333.143 0.000 0.000 525.065 656.327 561.782 385.040 321.826
556.245 966.326 0.000 0.000 0.000 506.088 624.088 0.000
863.812 0.000 323.336 889.039 368.417 811.149 0.000 314.841
422.707 0.000 449.229 0.000 493.197 880.861 931.783 827.348
591.193 0.000 949.132 0.000 0.000 0.000 0.000 0.000
0.000 0.000 0.000 335.204 0.000 889.660 0.000 624.084
0.000 483.534 405.812 0.000 0.000 0.000 0.000 808.081
909.349 704.509 0.000 0.000 0.000 938.300 0.000 680.344
980.014 0.000 472.057 418.201 0.000 0.000 795.320 333.092
452.820 0.000 653.686 984.196 0.000 0.000 0.000 0.000
0.000 0.000 0.000 0.000 746.037 881.813 630.603 425.171
0.000 540.926 0.000 0.000 858.033 0.000 742.528 0.000
0.000 0.000 825.658 0.000 0.000 0.000 0.000 323.962
0.000 0.000 515.653 0.000 0.000 392.668 601.014 742.294
0.000 661.304 0.000 888.842 413.818 664.376 544.235 749.342
0.000 0.000 849.776 859.102 848.044 0.000 0.000 0.000
482.533 910.967 973.894 0.000 0.000 0.000 0.000 976.271
926.117 944.486 0.000 0.000 305.544 0.000 345.847 0.000
0.000 681.755 638.456 0.000 0.000 0.000 944.909 0.000
0.000 779.127 0.000 782.489 394.456 625.396 0.000 346.371
455.798 0.000 427.177 0.000 0.000 0.000 485.203 0.000
316.179 934.355 719.441 0.000 508.692 0.000 570.259 0.000
0.000 0.000 704.199 766.488 523.881 811.335 0.000 0.000
0.000 0.000 0.000 819.471 0.000 398.281 785.756 804.597
975.277 602.338 0.000 678.770 690.492 467.528 578.105 0.000
0.000 0.000 0.000 0.000 704.624 0.000 0.000 0.000
0.000 0.000 0.000 0.000 0.000 554.200 0.000 307.265
0.000 921.983 529.487 0.000 0.000 718.360 408.574 0.000
0.000 0.000 308.651 406.161 676.777 347.251 0.000 0.000
0.000 0.000 0.000 738.000 0.000 0.000 561.666 0.000
496.527 444.728 0.000 539.842 786.889 0.000 0.000 388.396
0.000 630.813 516.571 0.000 0.000 0.000 0.000 642.287
0.000 0.000 850.963 0.000 810.722 897.038 0.000 946.394
0.000 0.000 491.516 522.230 0.000 767.573 0.000 893.000
0.000 0.000 995.538 484.292 771.851 0.000 476.185 905.441
631.878 0.000 445.438 789.750 744.985 755.562 938.669 645.780
469.168 897.864 0.000 0.000 655.805 912.483 0.000 521.233
0.000 0.000 0.000 0.000 679.505 0.000 492.089 746.030
457.044 0.000 0.000 901.383 0.000 358.191 679.486 626.117
0.000 875.170 0.000 743.865 643.672 0.000 396.351 747.701
0.000 554.708 0.000 575.212 0.000 708.402 0.000 902.292
345.385 0.000 0.000 655.393 0.000 368.194 0.000 0.000
0.000 950.595 0.000 0.000 0.000 0.000 843.954 0.000
654.360 884.737 731.998 775.272 380.505 325.468 0.000 378.751
376.610 903.518 917.453 523.866 770.770 0.000 0.000 712.335
0.000 583.261 0.000 566.117 404.649 0.000 0.000 0.000
386.319 482.337 978.259 0.000 0.000 672.770 0.000 551.368
0.000 949.694 832.382 0.000 347.870 521.306 0.000 559.666
0.000 0.000 439.796 0.000 0.000 614.016 0.000 986.488
0.000 0.000 0.000 710.987 467.413 0.000 0.000 0.000
0.000 767.154 0.000 0.000 570.389 0.000 0.000 0.000
690.480 0.000 701.624 946.557 0.000 511.521 0.000 667.978
682.264 0.000 411.851 490.367 661.655 0.000 566.508 410.141
675.663 472.063 839.791 0.000 309.180 732.296 0.000 0.000
525.045 0.000 572.201 0.000 0.000 528.429 936.018 0.000
353.103 0.000 898.991 733.228 0.000 0.000 0.000 0.000
0.000 0.000 0.000 481.777 0.000 689.084 608.546 582.664
723.606 0.000 0.000 0.000 568.826 0.000 0.000 768.277
0.000 729.328 314.871 417.044 0.000 0.000 0.000 577.662
0.000 828.467 0.000 0.000 0.000 0.000 0.000 0.000
446.141 0.000 0.000 746.124 0.000 329.487 513.633 944.241
308.469 904.990 460.419 0.000 0.000 769.611 0.000 0.000
885.703 0.000 0.000 0.000 475.103 0.000 394.520 558.558
556.752 0.000 536.490 389.648 618.867 0.000 0.000 0.000
0.000 541.215 553.366 0.000 0.000 769.205 414.635 0.000
0.000 0.000 857.760 394.233 0.000 0.000 852.965 0.000
772.637 916.223 0.000 0.000 701.629 971.399 448.076 808.421
822.510 451.639 644.751 0.000 0.000 0.000 682.167 0.000
600.064 676.705 0.000 696.098 381.061 513.824 0.000 0.000
0.000 725.162 0.000 0.000 934.531 0.000 0.000 320.182
0.000 0.000 0.000 0.000 0.000 0.000 0.000 372.053
0.000 0.000 427.764 735.867 0.000 953.443 733.468 874.198
0.000 765.180 0.000 655.339 924.368 992.520 0.000 894.395
0.000 0.000 0.000 0.000 702.120 951.126 761.719 791.776
0.000 0.000 0.000 550.349 0.000 557.571 542.577 0.000
451.905 719.320 0.000 0.000 0.000 0.000 324.873 0.000
634.687 0.000 0.000 977.245 839.700 728.271 413.699 721.711
662.699 0.000 393.389 749.017 876.997 449.383 667.680 0.000
0.000 0.000 439.853 384.461 623.130 0.000 0.000 416.445
931.117 303.288 965.708 0.000 368.904 0.000 0.000 0.000
0.000 433.442 0.000 724.680 803.880 0.000 0.000 794.230
0.000 0.000 0.000 624.606 331.925 0.000 0.000 806.837
858.465 0.000 500.904 0.000 0.000 0.000 0.000 0.000
0.000 0.000 462.145 0.000 825.043 995.752 457.238 445.661
722.089 0.000 0.000 0.000 0.000 962.683 0.000 0.000
0.000 0.000 474.179 910.133 0.000 0.000 0.000 0.000
832.514 0.000 0.000 637.531 0.000 674.158 0.000 694.546
815.080 0.000 358.700 0.000 483.535 467.099 514.992 0.000
0.000 570.999 0.000 387.431 0.000 0.000 868.994 0.000
0.000 493.834 0.000 430.610 930.551 397.164 0.000 782.435
0.000 0.000 0.000 0.000 0.000 372.065 0.000 0.000
901.069 0.000 0.000 0.000 0.000 940.378 0.000 856.692
0.000 408.388 553.377 0.000 441.262 633.731 0.000 621.857
411.510 476.651 386.720 0.000 307.640 0.000 925.654 0.000
838.444 717.153 0.000 0.000 0.000 0.000 0.000 0.000
0.000 0.000 0.000 889.942 380.187 635.493 0.000 0.000
0.000 0.000 562.318 881.067 0.000 0.000 0.000 690.354
0.000 722.444 626.945 416.693 688.054 0.000 0.000 493.862
990.787 374.312 0.000 0.000 368.634 820.181 0.000 0.000
504.993 809.322 384.498 0.000 508.678 0.000 576.059 456.217
974.999 720.820 611.487 461.178 0.000 0.000 415.751 0.000
0.000 0.000 0.000 857.121 0.000 502.541 302.349 345.692
0.000 0.000 871.039 454.142 0.000 0.000 973.709 825.757
0.000 916.869 332.797 0.000 0.000 0.000 0.000 511.340
658.578 0.000 877.022 997.055 815.944 992.328 951.798 0.000
828.391 0.000 896.015 0.000 774.290 0.000 0.000 474.552
0.000 834.175 763.888 0.000 0.000 0.000 911.412 978.265
769.904 958.256 373.167 526.234 768.391 0.000 369.504 0.000
0.000 0.000 387.614 0.000 0.000 679.050 361.236 0.000
0.000 0.000 808.827 0.000 614.287 770.229 804.784 0.000
0.000 770.427 0.000 0.000 447.538 480.457 948.122 0.000
502.272 0.000 0.000 756.343 955.626 934.198 0.000 0.000
0.000 884.285 668.929 481.390 0.000 0.000 967.277 0.000
0.000 632.694 982.246 343.878 807.152 0.000 507.339 948.234
0.000 0.000 0.000 707.029 752.139 0.000 980.694 0.000
305.165 0.000 0.000 0.000 0.000 0.000 731.737 0.000
647.437 0.000 0.000 0.000 0.000 0.000 0.000 0.000
413.949 0.000 418.977 725.074 0.000 0.000 0.000 0.000
952.425 311.158 411.434 828.913 837.029 0.000 0.000 349.287
815.765 708.009 0.000 0.000 0.000 0.000 0.000 579.666
417.403 0.000 514.253 944.664 325.951 0.000 486.603 0.000
0.000 0.000 568.777 0.000 0.000 683.483 0.000 752.558
965.610 0.000 0.000 793.078 0.000 704.214 875.499 461.855
0.000 957.799 713.325 0.000 0.000 0.000 356.993 0.000
908.693 0.000 0.000 0.000 0.000 0.000 564.612 0.000
0.000 935.566 0.000 0.000 815.033 0.000 746.284 0.000
0.000 646.162 515.126 0.000 408.410 445.724 0.000 0.000
975.247 0.000 0.000 356.268 0.000 0.000 493.772 0.000
0.000 0.000 0.000 710.948 0.000 0.000 869.462 739.483
377.528 509.432 0.000 503.025 604.687 0.000 991.108 898.288
0.000 559.689 933.214 0.000 0.000 459.164 612.959 727.880
0.000 606.136 377.170 333.975 0.000 0.000 0.000 0.000
744.325 0.000 0.000 431.866 761.393 474.401 0.000 0.000
0.000 590.384 0.000 0.000 597.872 475.138 0.000 0.000
364.423 0.000 0.000 417.691 0.000 468.429 805.881 0.000
660.449 826.268 529.245 0.000 0.000 0.000 680.618 0.000
489.629 0.000 0.000 0.000 0.000 334.924 0.000 630.377
0.000 610.231 938.973 0.000 0.000 495.013 0.000 851.883
866.978 0.000 753.795 0.000 503.520 0.000 489.748 0.000
0.000 617.218 0.000 649.992 0.000 0.000 0.000 0.000
0.000 0.000 0.000 553.109 752.651 746.610 623.227 952.803
0.000 685.735 924.826 929.844 476.015 0.000 0.000 0.000
616.085 0.000 818.023 0.000 747.952 0.000 0.000 817.658
0.000 349.321 0.000 0.000 0.000 0.000 0.000 0.000
603.419 0.000 0.000 528.763 986.042 492.436 0.000 0.000
0.000 0.000 0.000 0.000 859.766 352.474 398.291 703.724
331.500 0.000 0.000 0.000 0.000 561.229 0.000 491.511
0.000 502.540 365.169 0.000 0.000 670.569 698.804 0.000
0.000 0.000 469.975 916.218 0.000 422.656 0.000 0.000
333.272 0.000 963.777 0.000 510.870 473.867 0.000 836.277
925.325 968.915 911.788 0.000 0.000 656.598 0.000 0.000
0.000 0.000 0.000 0.000 702.791 633.654 345.689 0.000
0.000 359.422 741.627 484.761 422.017 0.000 376.385 0.000
0.000 0.000 938.214 0.000 876.240 0.000 786.032 482.039
423.745 0.000 621.762 587.707 683.082 704.086 0.000 0.000
0.000 464.654 665.598 0.000 0.000 0.000 0.000 669.565
0.000 0.000 0.000 741.802 896.273 0.000 0.000 0.000
0.000 800.578 0.000 915.396 500.795 0.000 0.000 0.000
688.059 0.000 729.685 0.000 994.236 0.000 754.836 0.000
0.000 0.000 0.000 355.947 506.645 0.000 307.965 0.000
0.000 0.000 0.000 328.887 0.000 562.547 526.043 781.905
817.929 627.751 960.022 0.000 398.067 799.497 0.000 778.326
0.000 405.992 420.862 514.489 0.000 567.046 0.000 0.000
0.000 0.000 0.000 0.000 400.354 0.000 448.430 476.346
0.000 302.256 574.681 0.000 500.456 0.000 369.058 0.000
0.000 523.350 0.000 645.468 0.000 658.877 0.000 881.491
0.000 0.000 0.000 0.000 605.322 486.263 0.000 864.753
329.131 821.247 549.454 0.000 0.000 307.154 426.947 0.000
957.873 0.000 0.000 0.000 465.924 0.000 0.000 863.517
0.000 0.000 882.133 746.776 0.000 605.685 0.000 810.617
651.270 426.700 0.000 0.000 0.000 0.000 0.000 0.000
353.807 829.169 0.000 0.000 360.180 0.000 0.000 0.000
0.000 931.116 0.000 0.000 811.013 0.000 709.490 376.006
456.501 592.977 534.858 0.000 0.000 0.000 0.000 820.639
0.000 0.000 0.000 0.000 0.000 409.060 0.000 775.870
897.506 859.225 938.893 506.813 0.000 0.000 855.551 879.796
620.614 0.000 808.305 0.000 0.000 543.747 0.000 0.000
0.000 0.000 0.000 511.705 790.205 0.000 328.398 872.471
0.000 837.392 987.575 0.000 698.471 342.750 0.000 312.556
0.000 0.000 670.835 337.677 575.341 0.000 790.874 0.000
0.000 0.000 0.000 960.980 0.000 0.000 0.000 971.614
993.725 0.000 913.405 531.828 670.302 0.000 0.000 0.000
743.641 403.538 0.000 0.000 0.000 916.491 371.514 0.000
0.000 0.000 506.580 670.450 454.669 555.318 0.000 0.000
636.581 409.349 0.000 589.631 0.000 911.180 858.016 366.715
0.000 686.383 605.531 695.513 0.000 919.166 0.000 757.129
349.237 360.922 304.053 0.000 739.112 727.287 710.155 456.613
900.142 0.000 617.979 0.000 875.392 758.506 444.142 0.000
707.021 673.762 804.914 0.000 0.000 657.767 394.830 442.969
0.000 526.776 0.000 788.248 0.000 900.929 0.000 485.194
0.000 0.000 0.000 0.000 972.298 0.000 351.437 0.000
869.736 514.812 0.000 0.000 0.000 592.214 966.878 0.000
427.999 315.750 862.654 944.170 0.000 343.407 687.748 0.000
0.000 0.000 311.439 0.000 960.011 680.598 0.000 510.648
0.000 567.569 0.000 423.383 0.000 445.993 598.442 0.000
0.000 759.392 766.555 662.288 459.984 0.000 991.356 0.000
0.000 506.366 0.000 0.000 553.917 0.000 518.686 573.152
831.641 596.199 0.000 0.000 432.451 710.939 0.000 0.000
0.000 0.000 0.000 958.934 662.059 645.723 767.105 433.029
0.000 592.661 0.000 712.962 0.000 545.231 420.001 0.000
0.000 0.000 468.865 375.634 0.000 0.000 700.885 786.546
0.000 0.000 945.457 312.205 0.000 588.092 0.000 827.380
566.690 821.358 0.000 0.000 712.709 889.556 0.000 0.000
839.571 819.519 478.164 401.986 307.347 886.536 942.951 0.000
0.000 959.976 0.000 0.000 0.000 842.576 485.130 0.000
568.115 986.330 520.565 0.000 0.000 0.000 945.766 514.832
0.000 0.000 466.903 466.659 558.734 0.000 0.000 308.449
0.000 0.000 560.799 0.000 0.000 0.000 312.542 0.000
736.584 358.684 393.357 405.681 0.000 795.875 862.716 748.737
0.000 472.053 658.836 0.000 0.000 0.000 0.000 0.000
0.000 0.000 0.000 0.000 510.394 0.000 0.000 0.000
0.000 842.473 909.241 941.686 955.482 588.989 0.000 584.952
0.000 784.695 0.000 356.514 0.000 0.000 0.000 974.131
0.000 0.000 967.305 625.314 448.344 907.302 333.737 0.000
0.000 0.000 0.000 0.000 401.282 0.000 939.225 0.000
693.001 0.000 794.922 867.578 357.470 0.000 490.583 981.883
0.000 0.000 0.000 488.826 0.000 0.000 0.000 0.000
342.267 911.998 0.000 618.899 644.016 0.000 586.874 661.225
607.446 591.652 510.930 898.230 0.000 0.000 565.288 0.000
879.879 675.362 869.267 817.988 0.000 668.546 692.836 437.542
0.000 751.500 0.000 0.000 0.000 0.000 319.099 948.705
420.288 0.000 0.000 0.000 797.130 0.000 0.000 558.131
0.000 657.248 320.843 469.055 0.000 0.000 0.000 740.285
0.000 0.000 0.000 0.000 0.000 432.439 0.000 843.997
0.000 0.000 0.000 634.957 0.000 0.000 417.268 635.061
753.837 0.000 0.000 0.000 440.864 659.403 0.000 0.000
525.113 0.000 0.000 0.000 0.000 803.369 0.000 0.000
643.817 0.000 0.000 0.000 822.196 0.000 0.000 0.000
610.373 640.881 0.000 554.470 495.594 930.039 868.797 0.000
302.082 0.000 0.000 800.258 314.200 0.000 0.000 691.213
961.437 0.000 374.630 527.536 738.083 998.596 0.000 734.166
573.324 0.000 0.000 0.000 794.949 902.391 0.000 520.999
0.000 770.493 983.878 0.000 0.000 438.960 655.102 0.000
862.738 707.708 0.000 0.000 0.000 0.000 0.000 352.119
334.896 705.764 563.422 935.719 369.676 0.000 458.813 0.000
0.000 0.000 912.471 0.000 0.000 885.330 0.000 457.673
0.000 575.383 326.270 0.000 0.000 0.000 669.303 773.376
879.611 0.000 893.732 833.576 0.000 838.270 0.000 379.386
994.356 0.000 0.000 0.000 0.000 0.000 0.000 0.000
825.840 0.000 851.826 774.566 0.000 0.000 890.328 748.997
0.000 452.752 310.991 359.085 841.746 712.746 569.320 0.000
420.646 703.888 0.000 975.194 724.846 683.626 552.002 0.000
0.000 0.000 312.857 891.059 730.551 0.000 0.000 482.474
0.000 619.489 0.000 0.000 0.000 0.000 0.000 0.000
665.997 542.094 0.000 860.293 790.179 0.000 343.535 797.733
0.000 0.000 0.000 755.375 0.000 660.624 0.000 0.000
979.974 536.491 0.000 483.493 0.000 0.000 0.000 772.939
0.000 0.000 0.000 0.000 844.238 0.000 0.000 566.222
784.881 971.277 0.000 0.000 0.000 0.000 0.000 314.364
0.000 603.998 845.782 0.000 538.958 841.337 941.069 621.409
0.000 488.888 0.000 681.113 0.000 889.909 917.725 0.000
938.865 0.000 0.000 0.000 381.779 0.000 818.385 0.000
928.031 455.615 0.000 0.000 474.701 0.000 0.000 0.000
500.358 0.000 0.000 991.284 0.000 0.000 558.886 0.000
577.556 0.000 0.000 0.000 0.000 0.000 0.000 667.450
0.000 0.000 537.599 0.000 321.383 475.275 0.000 0.000
373.338 750.754 0.000 0.000 306.827 607.615 0.000 0.000
618.825 311.981 915.483 0.000 0.000 0.000 0.000 0.000
0.000 0.000 625.595 0.000 366.150 316.360 855.643 805.856
397.728 909.664 881.705 0.000 0.000 0.000 397.431 0.000
462.915 688.870 939.985 0.000 0.000 589.431 0.000 0.000
0.000 947.724 860.916 0.000 307.693 0.000 0.000 0.000
0.000 0.000 542.809 673.742 689.264 439.023 691.230 0.000
987.961 468.926 0.000 533.751 0.000 0.000 684.714 444.775
435.873 766.758 0.000 0.000 0.000 488.051 832.710 623.427
0.000 0.000 917.274 989.147 939.379 696.938 0.000 588.835
682.874 0.000 0.000 0.000 0.000 817.388 0.000 418.659
0.000 877.322 650.764 701.922 555.717 360.933 957.185 0.000
0.000 0.000 0.000 0.000 375.400 936.053 740.667 0.000
429.311 896.739 325.972 313.971 0.000 643.991 0.000 0.000
0.000 0.000 303.178 539.378 823.802 0.000 684.231 0.000
585.007 0.000 0.000 371.293 867.467 0.000 0.000 0.000
766.200 0.000 0.000 375.480 624.794 934.223 0.000 0.000
672.309 395.724 0.000 794.461 326.009 0.000 944.495 0.000
0.000 349.753 764.409 0.000 0.000 0.000 824.979 0.000
771.805 0.000 415.501 0.000 0.000 705.477 0.000 0.000
528.729 384.509 431.380 0.000 0.000 389.894 620.146 0.000
745.867 726.437 0.000 0.000 882.305 343.755 0.000 0.000
712.546 771.417 0.000 0.000 0.000 0.000 870.808 0.000
751.089 0.000 474.500 476.239 0.000 575.431 0.000 431.390
489.937 0.000 0.000 0.000 410.211 0.000 0.000 0.000
971.382 617.089 0.000 469.203 0.000 0.000 447.727 417.366
0.000 0.000 0.000 0.000 423.000 605.286 600.690 952.236
354.877 0.000 358.978 0.000 586.563 983.760 0.000 557.015
436.138 0.000 807.918 0.000 0.000 514.747 0.000 0.000
0.000 0.000 0.000 0.000 0.000 451.273 479.914 851.912
0.000 471.888 389.649 608.693 0.000 0.000 518.013 0.000
0.000 0.000 871.830 378.285 0.000 0.000 0.000 663.738
0.000 0.000 0.000 892.273 0.000 754.124 0.000 0.000
977.900 0.000 0.000 397.080 0.000 0.000 827.270 0.000
547.246 426.506 0.000 0.000 475.146 0.000 356.815 0.000
631.760 0.000 0.000 593.076 635.091 0.000 997.176 0.000
0.000 0.000 0.000 0.000 0.000 0.000 0.000 679.801
458.526 0.000 0.000 0.000 0.000 820.956 0.000 0.000
353.108 0.000 0.000 508.658 0.000 881.290 0.000 0.000
0.000 0.000 824.630 931.500 842.032 0.000 0.000 486.053
0.000 0.000 621.932 0.000 0.000 0.000 603.647 814.620
472.142 0.000 884.947 0.000 0.000 0.000 416.761 668.281
374.056 343.148 528.452 884.135 631.194 306.896 0.000 944.195
616.053 606.657 406.888 417.341 701.931 0.000 984.533 391.480
605.661 650.195 854.234 337.383 0.000 0.000 0.000 401.777
0.000 990.888 986.393 505.729 0.000 348.379 457.954 0.000
0.000 414.083 0.000 441.406 686.500 0.000 0.000 0.000
0.000 0.000 0.000 0.000 0.000 0.000 891.073 0.000
429.901 631.188 0.000 634.214 0.000 0.000 823.720 0.000
0.000 0.000 0.000 0.000 316.895 0.000 514.322 0.000
0.000 347.279 0.000 698.843 838.056 379.628 0.000 0.000
959.681 0.000 0.000 483.107 415.959 0.000 0.000 0.000
0.000 0.000 739.242 930.313 618.419 0.000 556.598 302.459
995.678 399.241 356.423 985.405 558.406 0.000 422.080 972.197
571.908 0.000 0.000 685.426 0.000 720.421 0.000 0.000
576.042 0.000 0.000 562.700 405.552 372.116 557.791 0.000
0.000 0.000 0.000 626.213 0.000 0.000 0.000 0.000
0.000 0.000 0.000 0.000 545.401 395.525 0.000 556.560
587.369 557.233 353.611 427.322 0.000 0.000 0.000 0.000
0.000 858.088 0.000 761.514 0.000 0.000 0.000 0.000
991.928 853.917 0.000 483.219 309.674 665.574 0.000 0.000
800.577 708.131 0.000 0.000 463.790 0.000 418.000 465.637
381.299 488.987 0.000 0.000 670.824 834.084 805.366 798.551
314.700 979.906 494.400 316.765 0.000 0.000 595.152 662.717
0.000 994.463 0.000 811.986 406.690 949.306 0.000 462.835
661.423 0.000 0.000 0.000 0.000 0.000 0.000 400.297
340.376 0.000 0.000 696.083 0.000 789.981 454.808 384.049
524.625 0.000 891.008 0.000 0.000 0.000 0.000 0.000
0.000 410.070 0.000 0.000 0.000 953.130 610.373 615.793
338.797 891.123 0.000 768.911 911.448 0.000 0.000 301.663
0.000 555.473 0.000 583.168 0.000 799.322 351.298 0.000
0.000 369.050 788.018 356.024 793.897 0.000 0.000 863.794
735.362 0.000 594.339 0.000 460.344 0.000 0.000 0.000
522.653 0.000 653.474 769.258 562.474 468.787 763.546 706.107
819.856 0.000 856.383 598.253 594.417 671.140 953.277 0.000
388.580 753.023 0.000 717.986 0.000 740.271 656.299 633.419
475.937 0.000 0.000 573.648 0.000 0.000 0.000 416.624
0.000 0.000 0.000 784.439 0.000 0.000 0.000 936.617
594.906 0.000 0.000 0.000 0.000 307.619 0.000 366.057
647.785 0.000 995.539 0.000 0.000 0.000 0.000 321.206
0.000 0.000 0.000 404.029 448.006 0.000 0.000 0.000
0.000 0.000 0.000 0.000 377.955 463.434 763.435 0.000
897.640 0.000 0.000 0.000 0.000 0.000 0.000 0.000
711.312 899.000 0.000 0.000 870.133 748.175 958.618 341.236
373.320 735.268 0.000 811.454 0.000 777.946 0.000 805.725
628.149 815.474 0.000 544.589 938.269 831.723 0.000 707.723
466.865 0.000 351.254 0.000 0.000 0.000 337.974 0.000
