856.849 0.000 800.561 0.000 0.000 0.000 613.392 0.000
870.757 0.000 878.745 746.403 838.110 502.207 0.000 511.954
680.108 0.000 613.318 950.319 900.289 0.000 0.000 992.040
0.000 334.644 0.000 407.287 0.000 0.000 0.000 0.000
579.416 850.919 0.000 0.000 0.000 0.000 518.243 0.000
545.694 0.000 0.000 414.956 486.921 0.000 0.000 701.633
482.100 757.294 999.232 302.547 808.225 0.000 0.000 438.899
880.883 0.000 0.000 396.890 0.000 0.000 334.218 786.636
760.695 397.540 0.000 0.000 835.729 959.765 0.000 0.000
0.000 0.000 0.000 0.000 786.141 477.671 0.000 0.000
0.000 966.206 445.092 0.000 505.972 0.000 500.331 0.000
0.000 723.499 0.000 370.548 788.986 815.467 0.000 777.723
0.000 534.363 0.000 0.000 0.000 0.000 905.054 919.149
360.490 511.902 932.092 0.000 771.212 998.795 0.000 713.738
879.713 568.105 0.000 572.485 453.936 0.000 0.000 0.000
842.436 491.693 0.000 914.812 0.000 0.000 0.000 983.203
0.000 315.840 0.000 707.183 628.695 578.770 0.000 0.000
0.000 0.000 509.029 0.000 331.780 0.000 640.310 0.000
0.000 0.000 0.000 0.000 0.000 430.236 886.718 0.000
358.541 0.000 942.720 867.008 780.463 786.740 553.705 585.141
916.954 0.000 708.931 0.000 689.944 0.000 742.077 778.328
869.573 0.000 0.000 0.000 929.541 471.103 843.712 0.000
639.703 0.000 0.000 504.116 0.000 377.498 0.000 0.000
0.000 605.213 831.574 0.000 708.761 873.300 0.000 0.000
590.612 437.204 0.000 0.000 0.000 886.241 0.000 956.336
522.545 0.000 469.316 456.723 0.000 829.931 844.636 0.000
0.000 431.258 449.740 884.725 887.875 645.953 513.142 618.610
0.000 0.000 0.000 313.188 570.742 0.000 0.000 596.803
0.000 0.000 727.608 840.870 0.000 0.000 0.000 403.834
543.251 692.590 311.994 415.854 0.000 0.000 0.000 965.305
731.639 0.000 448.498 0.000 0.000 999.053 967.588 569.968
0.000 364.712 0.000 0.000 0.000 0.000 776.836 0.000
0.000 0.000 729.895 920.169 0.000 0.000 0.000 0.000
0.000 486.047 587.809 0.000 0.000 0.000 873.024 0.000
0.000 0.000 571.273 346.165 507.902 0.000 0.000 947.209
0.000 0.000 737.383 0.000 528.623 855.301 0.000 424.786
358.828 0.000 928.066 791.477 379.243 0.000 0.000 0.000
0.000 0.000 786.465 905.794 0.000 420.171 0.000 0.000
889.311 430.578 0.000 0.000 0.000 881.720 0.000 0.000
598.430 678.607 0.000 456.793 775.422 556.400 0.000 524.690
0.000 0.000 0.000 945.291 0.000 934.736 341.838 367.137
0.000 900.220 0.000 399.281 0.000 717.825 544.905 421.565
795.850 806.170 717.760 0.000 0.000 0.000 868.039 824.228
0.000 824.040 549.680 969.269 507.313 782.632 915.052 0.000
0.000 385.064 813.189 800.472 0.000 0.000 0.000 514.297
0.000 974.939 341.311 459.556 831.105 0.000 959.802 897.578
316.145 0.000 403.846 0.000 337.839 0.000 0.000 0.000
782.554 938.484 0.000 665.741 0.000 738.355 0.000 0.000
0.000 0.000 434.549 436.654 592.586 0.000 0.000 637.999
0.000 795.879 600.221 0.000 795.058 0.000 0.000 656.310
851.297 0.000 850.587 624.818 0.000 946.557 946.844 522.967
0.000 0.000 0.000 300.418 961.581 889.498 397.472 648.619
509.171 0.000 463.390 0.000 693.321 0.000 0.000 0.000
559.886 0.000 0.000 0.000 831.457 0.000 319.186 0.000
0.000 697.663 358.328 942.059 0.000 558.479 714.539 628.892
0.000 473.395 532.320 0.000 0.000 0.000 0.000 0.000
459.061 0.000 796.598 665.447 930.530 829.288 0.000 0.000
0.000 581.201 531.478 0.000 0.000 768.253 856.263 734.741
990.680 310.852 0.000 0.000 0.000 0.000 803.497 0.000
433.261 721.386 600.031 599.526 0.000 745.080 925.999 374.306
644.500 0.000 896.245 0.000 0.000 934.179 877.780 943.489
0.000 821.977 921.466 996.347 830.564 0.000 0.000 0.000
417.012 0.000 712.818 635.336 837.546 862.661 513.361 0.000
0.000 0.000 0.000 0.000 0.000 456.226 706.675 402.808
0.000 0.000 318.642 459.735 0.000 929.748 754.094 572.179
0.000 0.000 794.143 387.539 0.000 0.000 838.711 0.000
359.858 0.000 0.000 896.889 0.000 891.437 0.000 463.356
0.000 0.000 0.000 0.000 567.564 545.083 740.708 885.935
0.000 985.763 0.000 0.000 616.189 392.996 0.000 362.425
338.891 0.000 0.000 697.002 439.911 629.415 0.000 0.000
680.799 990.562 345.973 486.121 0.000 712.134 0.000 0.000
550.836 651.078 937.810 0.000 0.000 789.437 317.166 0.000
0.000 937.739 0.000 943.359 405.888 0.000 0.000 946.812
0.000 770.658 0.000 0.000 864.854 0.000 400.340 348.631
357.021 892.528 0.000 347.089 0.000 0.000 0.000 0.000
696.673 0.000 864.795 530.974 0.000 0.000 823.211 757.576
817.224 964.180 554.646 627.514 928.888 0.000 0.000 842.425
496.414 0.000 0.000 619.666 0.000 0.000 0.000 0.000
0.000 0.000 428.441 0.000 995.035 743.622 0.000 656.665
531.524 0.000 527.270 0.000 530.451 0.000 0.000 444.560
452.611 872.351 450.351 0.000 628.716 0.000 522.065 567.660
0.000 816.725 0.000 0.000 864.251 0.000 379.817 688.799
0.000 635.892 0.000 964.765 0.000 0.000 758.816 675.402
0.000 0.000 781.205 0.000 0.000 692.490 867.933 391.541
370.965 435.344 476.970 0.000 0.000 0.000 647.283 445.475
0.000 465.710 0.000 820.768 852.705 670.178 397.895 0.000
0.000 0.000 425.636 601.381 486.284 713.835 907.607 389.470
937.807 978.548 621.375 468.137 798.696 0.000 737.252 671.005
0.000 0.000 0.000 420.199 0.000 902.979 0.000 923.664
964.230 0.000 702.736 0.000 0.000 0.000 910.709 677.460
0.000 0.000 510.971 0.000 777.850 0.000 0.000 0.000
850.307 800.535 932.193 657.364 0.000 0.000 0.000 420.877
309.284 693.663 519.566 872.722 0.000 635.258 494.831 0.000
0.000 0.000 0.000 740.568 0.000 0.000 0.000 0.000
0.000 582.687 765.773 977.337 0.000 0.000 783.695 0.000
517.009 678.342 0.000 975.637 0.000 0.000 449.988 0.000
606.272 490.111 0.000 582.399 395.463 0.000 0.000 0.000
950.599 0.000 343.235 0.000 0.000 0.000 501.974 0.000
943.851 0.000 0.000 973.963 948.716 0.000 827.554 432.670
571.743 0.000 0.000 877.629 0.000 0.000 0.000 387.240
0.000 0.000 0.000 0.000 772.674 920.806 0.000 0.000
539.269 718.580 0.000 0.000 919.863 0.000 576.506 960.868
0.000 433.283 0.000 717.557 565.663 639.705 636.231 0.000
843.763 723.982 0.000 0.000 0.000 0.000 386.410 0.000
0.000 501.362 905.377 868.141 332.491 0.000 0.000 0.000
0.000 0.000 0.000 0.000 0.000 0.000 0.000 681.706
692.734 531.007 956.315 985.584 926.835 0.000 795.862 0.000
0.000 823.501 548.033 927.537 980.269 0.000 0.000 829.454
980.158 0.000 0.000 0.000 0.000 0.000 543.745 339.618
863.062 0.000 758.497 0.000 393.706 846.058 0.000 936.929
0.000 0.000 0.000 620.350 0.000 0.000 0.000 756.161
0.000 0.000 519.541 0.000 0.000 923.510 421.023 0.000
445.290 590.356 0.000 0.000 0.000 927.334 738.441 0.000
0.000 0.000 899.926 640.675 0.000 0.000 733.463 527.253
0.000 0.000 310.275 0.000 0.000 0.000 0.000 0.000
0.000 802.411 895.558 331.316 0.000 552.955 0.000 0.000
653.759 0.000 0.000 521.984 402.526 0.000 0.000 0.000
0.000 603.120 0.000 0.000 594.996 0.000 0.000 407.235
517.559 0.000 0.000 695.283 711.665 890.687 0.000 0.000
527.636 491.698 863.174 0.000 0.000 0.000 0.000 0.000
0.000 528.543 0.000 0.000 849.508 0.000 0.000 724.906
0.000 0.000 753.313 854.261 0.000 0.000 0.000 552.698
0.000 0.000 0.000 762.409 880.974 658.250 0.000 0.000
553.992 877.338 0.000 0.000 0.000 506.475 659.522 0.000
0.000 825.504 0.000 0.000 937.692 0.000 381.094 0.000
315.074 867.124 0.000 871.613 743.206 0.000 0.000 601.439
779.323 706.996 0.000 0.000 505.698 423.246 876.662 942.313
0.000 0.000 0.000 601.913 335.094 0.000 559.865 904.455
0.000 0.000 599.710 898.200 834.525 675.765 0.000 0.000
925.938 0.000 550.789 0.000 0.000 0.000 0.000 0.000
0.000 0.000 0.000 0.000 0.000 622.867 754.129 0.000
0.000 0.000 0.000 0.000 845.431 932.356 447.775 0.000
0.000 0.000 629.542 0.000 945.094 0.000 0.000 0.000
0.000 0.000 0.000 0.000 798.877 459.135 0.000 754.095
0.000 758.103 0.000 824.838 0.000 0.000 459.162 0.000
972.525 902.054 0.000 639.115 566.903 0.000 0.000 943.239
0.000 0.000 0.000 0.000 0.000 952.247 671.959 0.000
0.000 0.000 497.664 976.002 0.000 392.264 0.000 0.000
0.000 480.312 998.099 468.568 0.000 0.000 0.000 0.000
539.641 642.607 652.525 0.000 0.000 798.629 0.000 651.586
0.000 410.465 0.000 443.225 0.000 0.000 757.348 0.000
0.000 0.000 0.000 0.000 574.274 0.000 377.283 989.186
0.000 0.000 348.294 0.000 451.131 0.000 595.928 0.000
625.027 0.000 0.000 987.166 0.000 414.279 903.382 772.547
810.262 0.000 0.000 842.421 465.392 0.000 838.560 826.535
0.000 377.222 0.000 0.000 0.000 0.000 0.000 0.000
909.892 931.665 0.000 0.000 0.000 917.297 0.000 564.248
857.514 0.000 364.651 0.000 661.307 0.000 868.086 0.000
0.000 982.413 0.000 620.019 0.000 872.386 0.000 914.295
0.000 0.000 511.657 562.203 805.990 0.000 377.675 0.000
368.827 0.000 963.526 957.662 0.000 604.707 0.000 0.000
422.129 470.419 0.000 0.000 339.236 0.000 752.655 882.159
753.425 786.199 0.000 0.000 0.000 560.523 0.000 370.635
733.214 0.000 0.000 304.863 898.979 767.713 0.000 848.848
679.315 0.000 0.000 0.000 0.000 859.697 769.437 0.000
0.000 0.000 659.254 469.248 795.823 748.825 303.555 763.237
0.000 0.000 413.724 0.000 965.663 906.972 618.163 0.000
0.000 0.000 0.000 565.277 615.946 0.000 0.000 748.697
0.000 0.000 0.000 0.000 524.627 0.000 0.000 0.000
383.348 0.000 568.101 0.000 771.214 0.000 350.872 0.000
813.518 951.610 0.000 992.336 0.000 567.686 0.000 0.000
313.215 474.696 0.000 929.248 337.024 0.000 0.000 0.000
0.000 0.000 0.000 0.000 524.194 0.000 0.000 0.000
527.046 0.000 0.000 490.314 0.000 0.000 0.000 521.132
401.241 0.000 0.000 651.059 448.030 307.648 0.000 0.000
675.229 817.669 0.000 0.000 622.487 0.000 0.000 0.000
844.985 0.000 638.249 0.000 0.000 0.000 710.562 485.954
0.000 531.378 0.000 0.000 0.000 0.000 450.645 0.000
0.000 794.114 652.713 619.455 0.000 522.658 0.000 0.000
720.034 0.000 307.638 750.452 0.000 0.000 0.000 408.399
0.000 0.000 0.000 0.000 433.003 435.393 994.844 687.613
332.877 469.132 0.000 0.000 0.000 0.000 587.733 0.000
0.000 0.000 0.000 0.000 670.742 0.000 515.736 0.000
0.000 489.044 0.000 415.661 476.441 0.000 930.306 0.000
814.825 0.000 0.000 657.918 734.639 0.000 367.663 629.235
704.932 804.414 415.918 493.913 0.000 703.060 759.519 813.181
604.460 0.000 0.000 994.949 0.000 0.000 595.742 0.000
0.000 799.546 0.000 0.000 579.376 0.000 714.164 0.000
0.000 0.000 0.000 0.000 0.000 835.628 632.369 0.000
594.401 657.474 654.287 0.000 811.677 0.000 856.016 0.000
889.675 0.000 0.000 0.000 468.280 0.000 0.000 0.000
839.965 0.000 836.632 0.000 0.000 567.531 0.000 401.379
703.249 0.000 547.054 0.000 0.000 0.000 618.750 737.178
582.433 0.000 0.000 0.000 693.101 939.569 959.263 0.000
0.000 587.569 0.000 438.658 0.000 0.000 770.048 704.561
761.499 0.000 495.543 396.465 0.000 758.145 315.129 374.587
886.896 783.603 911.718 395.361 0.000 848.653 0.000 612.189
0.000 787.088 620.589 701.141 0.000 580.495 0.000 782.827
0.000 714.383 999.518 0.000 882.037 429.168 614.445 0.000
801.538 0.000 0.000 0.000 0.000 0.000 900.856 619.984
926.166 953.146 938.983 501.240 475.913 0.000 0.000 0.000
0.000 521.823 877.149 0.000 799.173 445.215 372.572 531.752
497.301 0.000 0.000 412.860 0.000 373.472 0.000 0.000
0.000 0.000 677.406 0.000 0.000 600.081 0.000 843.024
0.000 0.000 0.000 967.726 743.022 0.000 0.000 0.000
960.956 0.000 792.468 945.813 576.365 0.000 446.356 0.000
0.000 0.000 696.320 0.000 0.000 764.995 480.813 540.705
0.000 0.000 0.000 769.527 0.000 966.281 862.738 0.000
856.896 859.918 788.851 487.634 642.513 0.000 0.000 0.000
0.000 0.000 0.000 939.704 434.357 0.000 725.328 0.000
969.781 0.000 0.000 618.691 0.000 904.561 0.000 408.535
347.684 0.000 557.900 889.702 909.624 661.610 565.501 0.000
0.000 0.000 583.793 907.715 0.000 0.000 987.802 696.643
837.972 998.425 783.528 353.089 491.853 555.405 0.000 0.000
588.450 757.294 0.000 0.000 0.000 0.000 0.000 587.449
910.130 638.301 0.000 0.000 993.611 0.000 359.542 0.000
0.000 840.421 796.586 0.000 0.000 0.000 0.000 658.449
0.000 0.000 0.000 740.332 769.716 0.000 0.000 0.000
0.000 806.281 490.170 512.784 435.705 0.000 424.660 0.000
545.248 0.000 0.000 394.238 417.814 0.000 598.890 716.650
0.000 0.000 747.106 815.669 0.000 0.000 0.000 0.000
331.823 0.000 0.000 785.873 913.190 0.000 0.000 799.222
0.000 0.000 631.505 0.000 579.698 352.873 0.000 0.000
0.000 0.000 384.949 0.000 0.000 0.000 503.736 968.284
494.348 0.000 994.778 751.599 0.000 595.554 0.000 0.000
0.000 0.000 0.000 620.789 533.340 0.000 0.000 0.000
977.976 0.000 653.192 300.596 0.000 0.000 704.826 0.000
0.000 527.220 0.000 0.000 565.777 0.000 0.000 0.000
518.323 0.000 622.508 0.000 0.000 0.000 0.000 0.000
0.000 989.022 588.033 796.623 801.107 778.918 0.000 0.000
0.000 791.750 0.000 0.000 0.000 0.000 0.000 0.000
0.000 0.000 374.111 0.000 696.239 993.173 0.000 0.000
0.000 0.000 0.000 404.468 0.000 0.000 0.000 0.000
0.000 0.000 518.829 0.000 0.000 939.274 0.000 530.634
0.000 949.115 0.000 0.000 842.555 0.000 0.000 728.313
908.060 0.000 583.023 614.950 0.000 0.000 498.364 0.000
0.000 365.133 712.431 674.967 0.000 381.640 0.000 708.264
829.554 894.079 0.000 540.090 725.514 0.000 472.489 0.000
743.148 0.000 604.635 944.747 955.527 468.281 0.000 0.000
755.927 0.000 482.046 543.429 0.000 826.704 0.000 0.000
0.000 803.528 510.081 0.000 0.000 0.000 929.253 644.567
0.000 0.000 0.000 0.000 815.651 0.000 0.000 0.000
0.000 0.000 494.188 751.145 799.581 0.000 0.000 0.000
0.000 728.132 458.971 0.000 610.263 829.329 409.360 0.000
0.000 0.000 0.000 0.000 575.212 836.365 0.000 0.000
394.908 698.924 337.862 314.810 903.815 364.857 815.470 0.000
700.332 362.946 0.000 0.000 643.603 870.554 634.036 0.000
0.000 0.000 923.534 0.000 0.000 749.292 503.833 0.000
0.000 327.656 0.000 0.000 558.196 0.000 630.181 641.613
736.582 0.000 455.489 0.000 0.000 0.000 0.000 527.417
0.000 890.148 0.000 533.952 0.000 911.399 0.000 504.935
717.810 0.000 395.802 0.000 423.718 509.390 0.000 878.797
922.423 0.000 470.848 0.000 0.000 985.916 0.000 0.000
620.568 760.724 345.659 0.000 824.242 0.000 0.000 439.065
489.044 0.000 765.483 0.000 0.000 877.350 0.000 0.000
680.888 0.000 429.511 0.000 921.128 0.000 580.082 974.752
0.000 0.000 0.000 0.000 305.946 0.000 803.773 0.000
337.101 0.000 467.495 983.322 795.589 949.878 533.795 350.149
0.000 0.000 0.000 499.659 0.000 669.220 900.135 804.862
0.000 962.242 0.000 0.000 0.000 688.788 0.000 483.913
763.263 492.647 0.000 0.000 852.484 0.000 765.818 850.810
0.000 0.000 889.480 0.000 0.000 0.000 0.000 0.000
0.000 794.326 995.968 0.000 0.000 0.000 0.000 967.532
628.902 0.000 368.858 0.000 865.594 764.222 0.000 0.000
0.000 619.856 0.000 0.000 0.000 0.000 0.000 0.000
0.000 752.759 0.000 0.000 0.000 734.724 766.961 0.000
0.000 694.947 842.442 0.000 606.251 0.000 808.786 0.000
0.000 613.103 618.754 431.375 0.000 762.817 578.706 304.326
0.000 453.940 0.000 366.756 504.279 0.000 0.000 642.472
0.000 502.889 0.000 0.000 626.573 866.627 548.433 689.284
770.065 0.000 550.085 759.512 0.000 808.666 755.520 0.000
598.349 0.000 0.000 0.000 413.178 454.399 962.643 0.000
820.429 663.611 0.000 806.660 0.000 0.000 0.000 0.000
0.000 749.685 842.372 0.000 492.391 0.000 0.000 576.538
395.483 0.000 314.764 320.990 845.231 0.000 0.000 819.113
0.000 0.000 0.000 796.256 0.000 560.052 743.995 546.005
819.415 941.453 721.632 808.188 0.000 302.779 0.000 687.157
0.000 849.067 465.774 657.920 0.000 0.000 0.000 526.636
457.486 0.000 0.000 0.000 387.093 0.000 0.000 755.104
0.000 0.000 436.852 347.852 0.000 0.000 0.000 548.374
0.000 443.640 0.000 0.000 873.661 666.138 342.588 0.000
885.641 901.197 659.805 323.184 0.000 666.078 412.212 732.914
310.973 0.000 439.803 687.961 330.390 579.770 0.000 0.000
530.834 0.000 0.000 0.000 0.000 388.087 707.454 0.000
600.557 0.000 509.158 0.000 0.000 325.680 0.000 490.396
311.099 516.438 0.000 762.014 451.232 0.000 0.000 811.765
0.000 0.000 0.000 484.627 689.944 706.705 0.000 0.000
0.000 448.161 0.000 0.000 371.674 998.993 378.295 377.494
440.904 645.177 0.000 0.000 354.235 354.162 0.000 0.000
740.757 0.000 0.000 0.000 927.670 0.000 795.207 0.000
958.449 0.000 760.005 0.000 0.000 0.000 478.538 555.769
0.000 0.000 641.995 0.000 0.000 931.083 0.000 0.000
0.000 0.000 0.000 443.033 0.000 0.000 776.306 721.578
885.395 981.694 0.000 0.000 0.000 683.042 615.777 768.784
0.000 0.000 0.000 505.826 995.499 0.000 0.000 0.000
879.123 0.000 815.330 865.846 0.000 798.484 0.000 0.000
320.640 0.000 0.000 574.974 0.000 579.548 0.000 688.898
0.000 0.000 801.636 732.125 460.023 748.193 479.820 0.000
0.000 403.440 401.437 913.812 0.000 0.000 0.000 0.000
944.600 0.000 739.199 0.000 0.000 609.561 0.000 0.000
420.039 0.000 557.469 369.524 643.850 994.126 627.686 0.000
0.000 523.654 0.000 0.000 318.946 585.518 486.623 0.000
779.475 580.857 0.000 843.760 0.000 0.000 605.334 0.000
947.897 529.049 615.027 333.863 349.939 0.000 0.000 477.590
0.000 0.000 0.000 0.000 732.316 816.091 0.000 362.186
0.000 646.149 0.000 994.202 959.841 577.954 0.000 415.531
964.540 0.000 0.000 0.000 482.637 981.553 374.068 677.383
970.148 580.931 0.000 806.228 0.000 0.000 0.000 778.950
757.164 0.000 0.000 0.000 857.227 424.065 402.130 0.000
343.984 882.112 0.000 467.339 706.296 888.238 965.385 427.588
413.704 636.325 671.373 716.291 0.000 782.710 0.000 0.000
725.513 0.000 0.000 0.000 0.000 0.000 0.000 0.000
0.000 0.000 0.000 762.169 0.000 0.000 764.319 0.000
0.000 0.000 0.000 0.000 350.691 0.000 0.000 0.000
518.993 0.000 303.969 956.051 0.000 0.000 901.448 0.000
748.050 0.000 0.000 972.413 0.000 703.514 0.000 890.778
878.538 616.879 575.335 0.000 0.000 525.590 649.804 0.000
0.000 0.000 695.075 740.743 613.088 0.000 0.000 0.000
856.467 0.000 0.000 643.066 487.416 0.000 0.000 553.700
396.793 682.435 666.038 0.000 619.820 445.529 877.988 0.000
0.000 872.969 0.000 0.000 0.000 319.632 611.039 540.154
891.967 783.231 0.000 0.000 538.521 0.000 0.000 698.089
586.549 355.710 767.195 578.397 0.000 593.850 432.154 0.000
608.515 0.000 0.000 538.317 984.275 686.394 0.000 644.922
398.841 0.000 781.280 428.858 0.000 0.000 0.000 0.000
767.494 0.000 672.778 684.929 0.000 0.000 359.184 532.870
0.000 835.783 0.000 994.747 344.746 0.000 636.596 525.744
0.000 0.000 409.033 316.741 0.000 0.000 559.814 461.620
0.000 0.000 0.000 0.000 497.555 0.000 0.000 0.000
0.000 0.000 0.000 0.000 0.000 975.731 0.000 0.000
715.435 0.000 899.019 315.455 915.322 781.932 679.800 0.000
0.000 413.929 559.609 977.350 882.910 943.747 435.772 872.522
0.000 0.000 561.952 728.233 0.000 450.681 0.000 0.000
0.000 718.903 740.808 729.679 891.016 0.000 436.805 0.000
0.000 0.000 522.434 0.000 736.102 0.000 0.000 927.308
0.000 0.000 0.000 861.160 0.000 817.104 0.000 0.000
0.000 848.995 0.000 861.813 832.921 0.000 637.442 922.676
0.000 386.071 341.023 0.000 682.320 747.443 0.000 0.000
0.000 926.297 735.253 832.537 943.475 0.000 355.133 373.878
962.144 971.576 0.000 0.000 0.000 0.000 0.000 0.000
848.000 325.089 357.019 742.862 732.412 307.242 0.000 924.781
0.000 0.000 0.000 0.000 0.000 0.000 460.097 0.000
576.516 725.247 449.108 936.966 469.746 0.000 0.000 906.019
358.758 0.000 0.000 573.097 0.000 997.179 0.000 718.953
459.019 525.959 0.000 527.772 0.000 0.000 431.361 0.000
778.226 0.000 787.919 0.000 0.000 0.000 0.000 0.000
944.912 0.000 682.526 0.000 0.000 534.224 0.000 0.000
607.246 0.000 0.000 461.782 910.028 0.000 701.258 0.000
633.072 713.248 0.000 583.427 0.000 588.552 372.459 0.000
0.000 701.674 545.583 772.045 483.244 0.000 510.628 325.256
893.265 492.008 925.297 0.000 325.819 326.056 320.877 0.000
0.000 0.000 399.559 968.541 0.000 0.000 0.000 0.000
0.000 320.186 945.761 0.000 0.000 808.123 0.000 582.822
971.570 0.000 0.000 0.000 439.591 553.434 0.000 919.466
302.402 0.000 0.000 581.374 430.613 0.000 821.470 0.000
0.000 795.215 463.304 0.000 0.000 763.196 0.000 0.000
0.000 0.000 974.201 0.000 0.000 860.236 0.000 0.000
0.000 0.000 497.311 0.000 868.934 508.391 0.000 696.969
0.000 824.579 610.485 374.149 895.094 878.406 822.255 0.000
569.568 0.000 540.711 0.000 0.000 0.000 584.019 844.167
0.000 0.000 875.318 0.000 0.000 846.964 0.000 0.000
342.261 0.000 373.140 0.000 0.000 595.004 302.102 945.653
0.000 992.740 0.000 455.590 417.864 766.387 0.000 370.933
809.687 676.035 0.000 817.353 353.515 836.196 0.000 998.325
0.000 0.000 371.424 763.732 545.234 0.000 828.790 0.000
732.170 0.000 844.153 0.000 687.703 0.000 512.334 564.417
369.791 556.132 0.000 303.504 0.000 0.000 694.711 454.298
0.000 0.000 0.000 460.305 905.830 486.739 0.000 601.416
924.507 0.000 0.000 0.000 0.000 0.000 692.761 506.656
395.102 537.817 394.962 0.000 736.345 625.489 785.651 329.198
503.154 0.000 480.357 0.000 569.647 568.512 427.051 0.000
360.444 0.000 0.000 0.000 458.062 763.859 515.395 724.727
0.000 0.000 0.000 532.821 937.718 372.019 779.004 737.271
806.101 0.000 717.719 0.000 410.863 0.000 0.000 987.036
378.507 844.341 0.000 0.000 390.772 0.000 0.000 0.000
631.875 319.963 0.000 556.934 683.164 663.657 0.000 929.578
919.083 0.000 0.000 0.000 0.000 620.613 0.000 0.000
597.956 0.000 0.000 0.000 0.000 0.000 506.550 0.000
679.456 0.000 348.699 657.730 960.779 0.000 879.691 693.819
0.000 740.521 0.000 660.453 537.327 335.755 960.054 307.867
0.000 753.973 315.380 0.000 0.000 0.000 427.997 571.632
901.861 462.460 337.090 766.647 491.841 696.175 914.786 0.000
0.000 923.465 0.000 360.951 431.825 0.000 0.000 987.774
0.000 0.000 0.000 0.000 914.992 0.000 623.973 0.000
0.000 523.543 648.097 448.454 0.000 0.000 0.000 0.000
812.252 0.000 0.000 0.000 756.310 629.671 0.000 357.182
850.390 0.000 569.171 0.000 936.205 363.573 379.492 0.000
605.129 0.000 499.638 712.495 0.000 0.000 603.697 0.000
553.243 0.000 0.000 0.000 0.000 441.107 553.478 728.635
0.000 0.000 791.853 718.103 0.000 0.000 491.204 972.205
0.000 0.000 0.000 648.821 510.181 0.000 378.526 0.000
0.000 0.000 975.046 733.334 740.811 692.233 953.330 0.000
0.000 0.000 0.000 0.000 0.000 0.000 505.200 0.000
0.000 0.000 544.771 0.000 0.000 0.000 951.177 0.000
376.877 0.000 571.875 0.000 544.078 0.000 0.000 0.000
0.000 968.054 803.355 570.551 364.645 0.000 0.000 0.000
910.249 0.000 923.004 406.327 0.000 452.699 0.000 0.000
567.501 0.000 0.000 886.129 0.000 921.672 714.971 747.749
699.657 0.000 0.000 0.000 477.081 0.000 966.518 0.000
841.440 0.000 829.275 684.653 830.115 0.000 0.000 0.000
0.000 0.000 0.000 0.000 768.221 571.350 0.000 888.186
0.000 563.208 946.714 808.663 0.000 0.000 671.382 0.000
0.000 0.000 0.000 0.000 334.286 0.000 440.070 0.000
0.000 469.662 0.000 469.474 0.000 964.181 0.000 0.000
0.000 0.000 861.900 759.125 988.694 0.000 0.000 0.000
786.937 0.000 332.323 715.084 584.672 505.711 0.000 0.000
543.696 0.000 0.000 354.641 361.187 734.662 964.688 468.644
0.000 740.877 781.359 943.114 606.149 961.910 412.188 0.000
654.317 0.000 0.000 975.979 951.240 684.280 0.000 0.000
0.000 941.626 315.866 716.149 0.000 348.062 0.000 724.729
0.000 643.891 973.678 0.000 0.000 642.076 944.806 0.000
0.000 0.000 566.243 0.000 362.341 982.654 363.148 0.000
0.000 0.000 0.000 0.000 562.722 983.359 551.951 366.275
706.890 812.674 0.000 309.895 943.042 0.000 700.076 721.619
453.318 668.097 0.000 0.000 864.240 0.000 0.000 0.000
940.673 0.000 0.000 0.000 808.886 914.905 0.000 602.104
413.602 0.000 414.789 0.000 809.590 626.773 832.515 0.000
0.000 459.011 503.054 0.000 466.051 0.000 0.000 668.812
358.290 841.438 0.000 0.000 741.604 0.000 986.332 882.385
713.257 0.000 0.000 922.725 0.000 0.000 809.117 828.838
0.000 417.848 0.000 808.912 0.000 393.129 0.000 0.000
912.804 0.000 0.000 0.000 447.665 771.343 0.000 931.345
0.000 0.000 0.000 307.733 455.039 0.000 590.995 882.574
913.891 0.000 0.000 496.668 0.000 0.000 0.000 0.000
0.000 0.000 429.361 711.836 487.135 613.548 0.000 0.000
915.362 455.844 0.000 501.394 0.000 0.000 568.427 508.220
855.436 0.000 0.000 777.513 400.722 686.376 642.498 316.696
0.000 426.063 0.000 0.000 0.000 0.000 0.000 0.000
0.000 851.129 668.637 0.000 582.070 0.000 408.711 0.000
0.000 333.980 0.000 526.769 405.260 0.000 0.000 0.000
864.547 0.000 694.501 0.000 0.000 507.614 0.000 0.000
422.755 0.000 728.763 500.397 562.246 473.390 510.976 0.000
0.000 470.383 0.000 422.574 966.536 761.933 0.000 614.578
416.718 568.171 0.000 493.596 0.000 0.000 451.883 686.840
863.173 0.000 748.653 500.449 907.964 0.000 0.000 0.000
827.518 0.000 415.320 0.000 712.182 939.944 0.000 0.000
0.000 0.000 977.226 668.782 0.000 800.364 474.185 613.441
0.000 825.534 319.516 0.000 510.705 624.558 0.000 438.555
0.000 875.901 425.020 391.817 0.000 0.000 813.605 0.000
780.882 0.000 0.000 558.343 922.511 447.553 955.448 796.095
0.000 0.000 982.500 0.000 519.442 0.000 832.002 500.125
0.000 419.996 376.320 433.432 970.641 694.027 0.000 0.000
508.052 695.101 0.000 0.000 0.000 0.000 706.183 0.000
674.247 824.020 0.000 381.037 0.000 0.000 0.000 0.000
0.000 735.914 0.000 657.514 0.000 0.000 0.000 607.671
0.000 829.418 0.000 0.000 727.283 378.863 0.000 0.000
0.000 300.331 599.788 842.174 0.000 0.000 0.000 652.349
525.690 921.517 0.000 924.526 0.000 0.000 0.000 0.000
0.000 0.000 836.748 0.000 710.099 848.976 505.086 994.771
358.010 900.381 830.592 669.839 333.091 881.607 872.912 0.000
687.102 950.079 823.279 0.000 695.352 403.992 0.000 827.947
0.000 0.000 0.000 0.000 0.000 0.000 498.472 0.000
468.033 0.000 305.534 0.000 0.000 522.435 922.388 0.000
966.205 726.923 0.000 786.535 0.000 300.487 902.912 0.000
393.363 0.000 725.544 806.406 0.000 991.076 0.000 0.000
0.000 0.000 0.000 0.000 716.981 0.000 436.826 474.505
988.514 502.713 0.000 0.000 0.000 0.000 0.000 0.000
0.000 0.000 0.000 905.242 913.091 0.000 324.948 587.233
0.000 802.425 0.000 0.000 728.838 810.106 381.940 0.000
0.000 0.000 578.496 0.000 587.671 0.000 0.000 0.000
0.000 408.020 415.512 744.403 0.000 881.773 957.550 0.000
901.079 821.248 0.000 874.721 897.752 923.670 0.000 0.000
0.000 402.785 0.000 0.000 0.000 0.000 746.864 320.407
418.544 0.000 0.000 315.223 0.000 853.001 0.000 372.197
530.659 0.000 670.740 0.000 0.000 0.000 462.437 694.633
493.317 805.728 461.548 0.000 817.255 0.000 0.000 760.533
424.813 0.000 440.747 0.000 0.000 0.000 700.813 0.000
583.024 0.000 0.000 0.000 0.000 0.000 641.914 0.000
0.000 508.052 615.338 595.223 362.459 615.188 0.000 520.114
666.505 831.060 0.000 478.233 323.304 0.000 400.183 0.000
0.000 639.709 684.117 0.000 344.708 0.000 0.000 0.000
788.568 0.000 608.495 956.216 0.000 314.825 0.000 466.656
855.673 0.000 0.000 828.557 0.000 886.969 674.693 971.565
0.000 0.000 340.830 626.605 439.489 0.000 744.687 844.655
0.000 378.935 906.646 0.000 0.000 0.000 796.841 512.974
720.555 0.000 940.340 0.000 0.000 535.749 0.000 0.000
750.654 0.000 390.206 0.000 812.028 691.709 576.828 0.000
0.000 0.000 0.000 0.000 998.158 684.445 666.828 0.000
0.000 303.332 414.238 807.238 776.163 0.000 0.000 0.000
0.000 0.000 0.000 0.000 0.000 0.000 817.427 608.715
0.000 689.063 721.194 469.834 0.000 848.983 965.817 0.000
0.000 0.000 542.012 909.332 0.000 921.281 903.951 408.538
428.690 0.000 382.182 0.000 0.000 0.000 0.000 0.000
659.439 0.000 0.000 721.902 533.394 631.231 0.000 0.000
754.981 663.521 479.174 0.000 0.000 973.745 0.000 449.529
0.000 0.000 0.000 0.000 984.386 896.718 925.542 972.962
0.000 0.000 0.000 0.000 871.660 0.000 0.000 0.000
404.369 0.000 0.000 0.000 0.000 574.067 0.000 0.000
0.000 0.000 0.000 718.347 0.000 0.000 0.000 0.000
302.082 987.241 913.305 406.717 898.777 671.795 656.723 891.814
304.162 0.000 0.000 0.000 876.347 0.000 0.000 953.927
0.000 520.459 340.725 0.000 0.000 0.000 544.491 816.556
499.154 0.000 0.000 0.000 0.000 371.531 0.000 917.125
0.000 0.000 821.916 822.906 628.588 0.000 500.068 0.000
747.164 0.000 0.000 979.393 0.000 0.000 0.000 0.000
654.100 0.000 920.505 380.380 0.000 829.793 335.469 801.848
0.000 0.000 0.000 0.000 415.458 0.000 0.000 685.901
887.914 0.000 971.738 0.000 808.213 0.000 0.000 0.000
0.000 383.841 0.000 0.000 570.922 591.682 765.364 0.000
622.715 0.000 887.932 0.000 0.000 0.000 739.484 709.938
0.000 0.000 857.470 977.614 0.000 754.909 0.000 0.000
0.000 958.007 0.000 0.000 330.363 373.510 901.185 0.000
845.626 0.000 0.000 0.000 0.000 496.081 0.000 0.000
542.832 0.000 0.000 834.151 0.000 0.000 386.497 749.037
788.571 0.000 642.209 367.730 809.706 368.614 521.774 501.783
360.309 0.000 0.000 319.525 0.000 517.078 470.937 0.000
384.981 641.036 0.000 0.000 836.244 600.994 0.000 740.014
0.000 323.227 0.000 0.000 0.000 461.241 0.000 0.000
0.000 0.000 746.354 0.000 869.625 351.725 696.422 674.969
0.000 0.000 0.000 0.000 489.428 818.204 0.000 0.000
