302.806 0.000 0.000 0.000 0.000 392.424 721.096 0.000
0.000 0.000 452.450 0.000 0.000 0.000 0.000 0.000
635.118 763.522 0.000 751.820 0.000 777.299 0.000 0.000
566.298 0.000 0.000 994.303 0.000 0.000 0.000 0.000
0.000 600.545 798.224 674.317 960.751 0.000 918.877 797.589
596.971 441.608 470.377 0.000 0.000 0.000 0.000 830.542
693.438 424.555 572.634 0.000 640.139 381.720 0.000 314.506
686.809 374.570 0.000 0.000 616.381 0.000 744.878 0.000
925.043 0.000 399.214 0.000 656.956 0.000 0.000 0.000
0.000 0.000 686.510 773.592 0.000 623.351 877.658 0.000
907.673 0.000 746.013 0.000 615.307 0.000 396.269 933.225
385.160 731.186 0.000 657.818 0.000 0.000 0.000 532.309
0.000 0.000 0.000 789.802 0.000 0.000 0.000 837.221
738.792 0.000 859.430 859.744 689.759 0.000 357.617 579.420
932.460 996.304 303.504 987.774 0.000 381.025 934.552 0.000
807.224 720.175 0.000 0.000 907.694 0.000 0.000 0.000
0.000 449.002 614.505 428.518 0.000 978.204 765.532 391.391
567.369 958.927 954.316 0.000 513.142 606.978 642.298 0.000
0.000 554.369 0.000 0.000 444.567 0.000 0.000 0.000
597.635 831.140 0.000 648.870 495.573 892.010 0.000 670.322
876.712 715.127 741.766 727.273 678.185 858.983 799.248 0.000
552.308 442.560 0.000 0.000 620.082 945.066 425.245 691.315
445.417 510.085 0.000 0.000 0.000 0.000 0.000 0.000
360.099 808.291 0.000 0.000 940.100 0.000 731.902 877.490
0.000 442.296 0.000 0.000 0.000 0.000 0.000 390.804
0.000 0.000 0.000 968.978 0.000 657.097 0.000 793.453
0.000 918.039 0.000 0.000 461.925 543.837 868.654 364.464
0.000 0.000 0.000 0.000 0.000 0.000 860.233 740.664
871.950 555.776 0.000 709.941 891.362 0.000 0.000 0.000
0.000 0.000 378.325 850.584 927.013 0.000 482.416 642.519
0.000 528.260 836.848 0.000 0.000 545.840 0.000 592.414
0.000 0.000 0.000 769.873 0.000 0.000 348.406 0.000
0.000 0.000 0.000 0.000 869.854 545.793 0.000 903.819
0.000 359.790 606.221 610.158 620.607 0.000 780.631 0.000
0.000 0.000 0.000 734.250 0.000 0.000 0.000 516.668
559.186 0.000 352.947 0.000 0.000 0.000 0.000 0.000
0.000 367.288 0.000 919.560 0.000 306.098 954.965 938.301
532.744 0.000 0.000 0.000 0.000 499.192 798.587 447.950
0.000 0.000 0.000 0.000 0.000 0.000 342.204 0.000
0.000 0.000 789.846 0.000 0.000 888.850 0.000 0.000
592.631 512.256 0.000 0.000 0.000 0.000 800.501 368.752
0.000 589.899 0.000 857.435 0.000 341.089 0.000 0.000
0.000 805.760 0.000 0.000 0.000 408.612 307.409 322.008
480.562 0.000 553.388 752.002 843.996 334.543 913.411 0.000
0.000 742.415 0.000 0.000 469.964 0.000 333.828 0.000
0.000 969.268 415.410 0.000 432.698 0.000 480.750 0.000
359.075 631.649 0.000 0.000 0.000 0.000 384.228 0.000
0.000 325.367 0.000 0.000 0.000 368.085 0.000 0.000
0.000 0.000 801.755 405.283 0.000 0.000 463.421 0.000
426.780 996.939 331.095 0.000 706.150 824.809 0.000 0.000
0.000 892.860 461.956 506.053 0.000 0.000 618.702 0.000
0.000 947.398 0.000 0.000 0.000 763.555 306.071 0.000
0.000 503.705 647.941 0.000 0.000 0.000 490.442 831.855
676.914 688.643 0.000 428.881 0.000 0.000 737.302 0.000
0.000 0.000 406.118 747.455 0.000 986.371 0.000 685.042
716.835 0.000 704.900 0.000 699.371 0.000 984.339 631.424
0.000 564.733 464.634 320.827 0.000 309.201 0.000 0.000
352.784 464.415 0.000 962.506 0.000 994.494 595.326 0.000
584.399 0.000 0.000 770.728 0.000 512.101 987.069 0.000
0.000 0.000 967.559 0.000 316.952 487.077 0.000 479.472
949.592 0.000 657.647 0.000 621.107 0.000 0.000 0.000
0.000 341.488 564.534 894.908 0.000 0.000 645.230 309.818
979.483 0.000 942.926 538.886 473.984 0.000 813.432 0.000
775.955 0.000 0.000 713.513 603.583 390.681 0.000 0.000
482.266 0.000 0.000 0.000 0.000 626.404 0.000 585.378
0.000 857.895 0.000 984.898 0.000 0.000 0.000 0.000
540.759 868.060 477.758 0.000 0.000 683.044 807.414 913.858
379.590 0.000 725.606 0.000 374.842 473.526 0.000 913.513
0.000 0.000 778.056 987.206 0.000 0.000 0.000 939.563
0.000 0.000 0.000 849.785 0.000 627.495 379.659 0.000
0.000 0.000 743.147 476.447 0.000 757.508 329.993 0.000
559.239 0.000 0.000 712.013 0.000 561.865 0.000 817.172
0.000 0.000 0.000 0.000 0.000 0.000 0.000 901.453
746.654 596.404 0.000 0.000 405.166 0.000 0.000 0.000
0.000 0.000 0.000 0.000 0.000 362.977 0.000 0.000
870.977 0.000 0.000 361.670 0.000 312.358 861.460 0.000
0.000 0.000 810.584 0.000 0.000 0.000 0.000 932.955
0.000 956.479 576.428 587.451 676.740 942.311 302.403 0.000
0.000 491.371 422.450 0.000 0.000 360.158 307.474 0.000
896.799 303.366 0.000 836.921 0.000 424.258 742.692 548.371
0.000 0.000 762.634 0.000 0.000 0.000 771.022 649.495
406.074 0.000 347.366 0.000 628.996 0.000 0.000 863.537
0.000 650.481 878.990 0.000 980.877 0.000 0.000 0.000
0.000 754.663 0.000 602.710 495.420 911.010 820.232 0.000
0.000 0.000 0.000 980.205 0.000 0.000 0.000 839.336
0.000 339.165 905.220 0.000 0.000 0.000 856.856 0.000
0.000 0.000 0.000 925.798 0.000 735.377 842.869 0.000
0.000 448.257 0.000 0.000 0.000 0.000 0.000 872.093
727.485 970.340 0.000 549.244 437.741 0.000 428.153 0.000
0.000 0.000 579.486 794.845 0.000 385.197 955.810 804.398
443.550 336.416 0.000 0.000 0.000 322.392 0.000 849.833
564.812 0.000 0.000 556.277 846.812 354.193 0.000 612.207
495.053 0.000 928.289 0.000 0.000 0.000 0.000 0.000
0.000 602.375 0.000 0.000 301.628 983.926 0.000 0.000
537.079 0.000 491.220 0.000 922.280 762.933 579.698 0.000
537.056 0.000 765.241 0.000 899.884 943.147 944.566 0.000
794.985 0.000 0.000 0.000 0.000 0.000 335.249 0.000
0.000 975.086 0.000 0.000 0.000 360.521 736.649 519.248
0.000 317.597 0.000 0.000 998.620 653.912 0.000 0.000
894.668 519.105 0.000 700.969 0.000 659.184 0.000 696.636
0.000 0.000 0.000 833.718 664.560 430.532 456.689 379.969
0.000 0.000 389.065 568.415 471.276 0.000 722.974 0.000
451.196 662.845 0.000 322.504 648.750 0.000 0.000 0.000
0.000 0.000 0.000 0.000 731.840 0.000 0.000 0.000
401.148 0.000 0.000 560.362 551.319 835.692 812.522 0.000
563.608 0.000 889.453 0.000 0.000 415.297 0.000 957.573
541.039 0.000 696.569 568.190 0.000 568.761 960.070 0.000
636.764 655.429 360.858 0.000 0.000 343.578 553.470 0.000
0.000 611.042 0.000 0.000 404.462 901.801 0.000 0.000
0.000 0.000 0.000 0.000 0.000 0.000 721.564 0.000
780.811 537.678 0.000 374.604 764.020 434.543 953.123 0.000
0.000 0.000 0.000 0.000 0.000 0.000 805.634 853.212
0.000 947.966 0.000 368.445 0.000 0.000 0.000 0.000
0.000 904.370 0.000 0.000 904.221 591.729 378.161 414.746
0.000 0.000 0.000 0.000 712.970 0.000 0.000 0.000
306.448 0.000 0.000 0.000 0.000 810.045 0.000 0.000
688.076 682.546 450.654 905.047 0.000 0.000 0.000 0.000
508.502 0.000 0.000 689.629 816.904 583.231 312.340 0.000
0.000 682.539 0.000 0.000 667.456 0.000 386.226 0.000
895.076 0.000 0.000 715.481 0.000 505.717 772.113 0.000
374.355 0.000 985.525 0.000 535.540 0.000 0.000 0.000
0.000 0.000 0.000 0.000 0.000 0.000 335.229 837.307
0.000 0.000 0.000 0.000 507.968 0.000 0.000 0.000
0.000 0.000 411.071 516.990 494.496 578.194 0.000 0.000
695.341 0.000 0.000 964.149 577.689 0.000 955.265 560.778
653.152 987.365 0.000 0.000 0.000 0.000 930.736 0.000
755.045 976.736 0.000 0.000 0.000 578.527 0.000 543.486
0.000 701.326 0.000 0.000 0.000 0.000 302.258 913.889
0.000 0.000 0.000 0.000 378.559 902.688 548.529 699.529
822.642 585.517 670.411 819.580 0.000 661.178 0.000 0.000
0.000 333.033 0.000 722.319 0.000 430.224 0.000 760.159
0.000 782.239 0.000 533.505 694.877 937.986 420.560 571.496
0.000 593.910 0.000 613.408 0.000 375.853 0.000 381.774
335.556 0.000 0.000 834.370 0.000 681.393 0.000 514.774
0.000 784.936 454.634 932.228 0.000 407.094 733.192 345.995
487.610 0.000 524.912 0.000 0.000 849.021 0.000 0.000
845.066 0.000 753.060 601.087 329.271 0.000 389.658 0.000
541.500 704.360 944.331 921.361 0.000 555.633 730.016 883.748
0.000 987.446 0.000 0.000 0.000 476.274 310.903 0.000
0.000 459.090 814.329 366.818 517.646 816.817 0.000 0.000
0.000 0.000 822.796 0.000 460.514 0.000 0.000 537.359
596.947 0.000 616.711 688.518 614.961 951.078 0.000 711.669
0.000 407.988 0.000 0.000 803.534 469.893 0.000 0.000
856.701 0.000 0.000 453.289 0.000 439.637 448.602 436.235
763.592 715.837 943.920 0.000 0.000 0.000 514.235 0.000
886.350 0.000 0.000 810.338 383.014 0.000 831.479 0.000
785.295 927.086 0.000 891.483 303.467 0.000 0.000 905.601
623.413 918.190 0.000 464.581 0.000 420.645 961.937 0.000
0.000 569.726 937.591 0.000 0.000 0.000 0.000 0.000
528.755 0.000 0.000 349.369 0.000 0.000 715.801 0.000
557.870 488.726 0.000 0.000 584.294 961.836 786.806 0.000
0.000 517.567 401.555 0.000 0.000 0.000 0.000 0.000
0.000 0.000 954.279 0.000 0.000 0.000 0.000 428.698
940.915 0.000 0.000 952.639 0.000 0.000 0.000 0.000
523.217 444.884 0.000 606.696 0.000 812.427 0.000 0.000
372.777 0.000 0.000 0.000 0.000 412.049 0.000 503.036
494.051 0.000 924.596 0.000 0.000 799.182 679.376 0.000
0.000 0.000 919.674 660.155 0.000 757.722 0.000 0.000
957.499 0.000 547.512 0.000 430.392 542.666 0.000 0.000
0.000 0.000 0.000 0.000 343.933 851.173 0.000 974.579
548.374 464.671 0.000 0.000 0.000 644.029 0.000 772.805
755.591 416.496 646.096 0.000 0.000 719.524 666.457 0.000
483.635 551.352 0.000 0.000 0.000 306.843 0.000 526.131
0.000 0.000 307.331 0.000 0.000 518.354 0.000 355.568
0.000 591.245 600.413 672.909 421.716 792.771 981.080 0.000
0.000 846.037 0.000 568.508 854.993 839.797 0.000 0.000
0.000 0.000 382.736 0.000 0.000 686.807 0.000 488.369
639.232 818.010 826.179 717.047 0.000 464.430 453.440 0.000
395.926 0.000 810.785 501.619 575.540 418.762 574.506 398.010
545.704 0.000 0.000 825.822 563.410 513.504 0.000 648.124
957.257 395.259 846.442 0.000 0.000 818.122 0.000 0.000
585.385 929.680 0.000 336.466 0.000 612.810 643.511 352.040
0.000 0.000 0.000 952.772 331.907 945.066 855.281 363.533
0.000 688.411 606.861 0.000 0.000 0.000 0.000 0.000
0.000 0.000 988.276 377.344 0.000 0.000 385.294 610.481
0.000 0.000 0.000 543.689 0.000 610.125 0.000 0.000
907.231 865.272 0.000 432.685 793.585 0.000 810.925 469.446
0.000 656.167 0.000 968.932 0.000 939.935 0.000 0.000
733.939 0.000 409.536 0.000 364.783 660.662 418.879 514.157
0.000 642.194 0.000 0.000 0.000 0.000 567.300 0.000
0.000 0.000 0.000 956.385 781.754 0.000 0.000 797.403
0.000 312.413 0.000 446.516 0.000 0.000 427.508 992.750
0.000 0.000 634.631 0.000 0.000 878.669 0.000 990.031
0.000 820.995 496.687 741.991 726.895 0.000 0.000 0.000
0.000 0.000 0.000 811.988 367.792 0.000 773.854 560.360
0.000 474.504 381.553 0.000 0.000 0.000 0.000 763.229
627.619 713.258 916.761 0.000 421.351 703.506 941.320 0.000
383.842 0.000 319.219 0.000 310.169 780.603 0.000 440.614
580.677 302.753 541.344 384.554 0.000 900.293 532.190 709.203
0.000 0.000 0.000 361.585 653.276 814.133 315.971 0.000
555.658 744.941 0.000 380.228 0.000 930.758 906.438 0.000
960.378 508.257 327.900 0.000 383.960 0.000 864.342 531.907
379.712 0.000 0.000 732.728 0.000 418.247 591.120 901.591
0.000 532.216 0.000 0.000 0.000 0.000 888.947 0.000
669.280 361.259 341.665 898.330 546.877 0.000 932.041 821.718
0.000 436.451 801.810 765.154 0.000 344.183 639.886 0.000
0.000 0.000 477.457 0.000 853.725 348.528 0.000 0.000
0.000 0.000 0.000 494.723 0.000 664.662 631.646 927.850
0.000 0.000 0.000 746.360 543.216 664.251 0.000 531.865
828.498 932.763 823.098 0.000 559.147 0.000 419.523 670.166
463.297 0.000 720.569 0.000 836.423 650.766 608.248 380.608
926.293 770.049 945.038 473.185 995.144 0.000 0.000 690.166
784.010 577.023 370.055 920.598 796.821 0.000 0.000 0.000
311.970 612.174 0.000 0.000 656.169 697.688 842.061 0.000
0.000 0.000 960.187 333.737 831.725 780.542 0.000 0.000
0.000 824.352 739.724 0.000 0.000 972.772 0.000 868.217
831.117 356.627 0.000 0.000 409.916 469.564 592.247 815.638
792.439 663.490 361.846 782.887 0.000 830.784 909.001 0.000
0.000 0.000 565.749 0.000 0.000 916.267 0.000 940.407
0.000 482.586 0.000 0.000 0.000 0.000 934.905 0.000
0.000 0.000 0.000 414.068 0.000 0.000 0.000 0.000
0.000 702.543 510.497 490.775 705.666 0.000 0.000 911.517
421.265 615.704 616.560 0.000 0.000 0.000 642.352 0.000
999.829 793.551 0.000 0.000 990.083 0.000 0.000 771.914
0.000 955.736 612.090 0.000 394.358 0.000 579.091 781.001
0.000 0.000 878.095 0.000 0.000 525.272 976.151 0.000
685.406 0.000 981.857 0.000 484.348 409.468 990.802 954.105
729.962 0.000 834.929 0.000 0.000 0.000 0.000 557.551
520.194 0.000 410.900 777.634 0.000 759.237 0.000 0.000
0.000 0.000 474.459 0.000 0.000 495.300 0.000 0.000
0.000 0.000 0.000 861.760 0.000 825.244 541.447 975.257
897.749 405.389 0.000 0.000 0.000 875.242 0.000 0.000
0.000 0.000 810.621 348.032 0.000 0.000 655.417 0.000
0.000 601.518 815.279 406.767 868.281 380.621 0.000 747.514
527.815 0.000 894.469 447.966 0.000 0.000 0.000 965.275
596.225 0.000 528.240 0.000 0.000 370.305 0.000 0.000
0.000 558.992 804.076 0.000 993.066 385.167 0.000 883.522
346.791 613.788 309.612 0.000 0.000 0.000 0.000 0.000
0.000 431.182 0.000 0.000 320.606 0.000 0.000 0.000
449.527 501.889 0.000 719.732 618.569 844.183 0.000 736.685
0.000 0.000 0.000 0.000 0.000 561.192 342.995 0.000
592.331 641.646 762.136 0.000 0.000 948.981 788.858 340.889
608.043 426.871 848.256 0.000 312.912 466.665 0.000 312.187
0.000 350.895 615.470 542.191 0.000 0.000 877.224 374.696
0.000 430.224 0.000 0.000 886.007 0.000 799.072 726.169
868.940 0.000 656.288 458.640 920.926 0.000 0.000 0.000
403.228 0.000 309.279 386.960 895.828 506.184 580.157 554.106
888.497 538.507 0.000 954.515 627.922 0.000 302.085 430.949
409.200 0.000 711.654 0.000 991.708 337.114 796.872 341.240
657.860 484.444 0.000 826.044 656.373 0.000 0.000 799.885
979.512 0.000 635.932 899.017 469.937 0.000 482.304 0.000
434.174 0.000 313.925 568.407 0.000 436.299 318.128 548.534
457.970 997.330 0.000 0.000 0.000 710.694 0.000 824.455
412.872 0.000 344.494 933.527 744.074 760.273 0.000 0.000
344.713 670.650 829.755 460.889 380.337 0.000 0.000 0.000
303.491 0.000 0.000 395.451 759.985 451.031 869.387 0.000
0.000 711.917 0.000 652.002 902.044 539.021 777.772 0.000
0.000 885.442 942.088 0.000 0.000 0.000 0.000 337.026
0.000 0.000 882.795 666.608 547.742 0.000 0.000 483.144
800.743 595.579 830.313 0.000 0.000 0.000 0.000 716.225
0.000 0.000 699.674 758.083 488.071 0.000 590.330 0.000
0.000 465.954 856.582 0.000 383.554 470.071 0.000 671.967
0.000 0.000 0.000 0.000 0.000 300.941 0.000 0.000
444.920 0.000 700.613 0.000 554.102 974.547 801.651 0.000
515.849 612.485 0.000 312.981 508.826 343.138 0.000 0.000
0.000 560.534 0.000 0.000 957.928 518.278 781.383 973.752
0.000 649.183 0.000 0.000 0.000 940.747 0.000 531.349
0.000 0.000 548.890 0.000 0.000 0.000 376.143 0.000
0.000 764.472 850.429 0.000 0.000 997.385 311.782 0.000
528.896 0.000 0.000 809.298 359.457 0.000 0.000 0.000
788.766 0.000 671.856 0.000 0.000 0.000 0.000 0.000
970.228 931.277 988.036 760.990 310.669 0.000 0.000 689.233
0.000 763.334 663.303 722.042 592.485 767.660 0.000 0.000
327.232 0.000 0.000 0.000 0.000 0.000 0.000 530.180
421.667 671.680 0.000 0.000 863.512 0.000 486.673 0.000
764.798 722.947 725.489 673.045 988.342 962.823 989.503 322.968
0.000 0.000 773.900 0.000 0.000 0.000 0.000 0.000
0.000 0.000 585.712 0.000 905.991 0.000 0.000 0.000
0.000 0.000 319.713 0.000 414.572 831.298 442.577 0.000
638.340 0.000 453.087 896.246 536.888 711.012 0.000 865.470
0.000 0.000 861.284 728.886 0.000 0.000 599.756 0.000
0.000 0.000 588.876 920.266 633.839 556.969 940.845 0.000
0.000 475.807 0.000 727.308 0.000 0.000 348.110 919.906
824.360 546.925 0.000 303.766 726.365 0.000 0.000 957.468
905.998 0.000 679.805 502.040 404.354 0.000 847.800 0.000
387.528 0.000 0.000 0.000 688.694 0.000 812.536 0.000
456.024 0.000 707.172 672.652 429.411 0.000 372.206 937.764
998.680 0.000 0.000 301.401 0.000 512.810 656.256 0.000
959.504 983.158 910.674 945.912 545.918 310.848 0.000 481.364
807.008 0.000 674.798 0.000 0.000 0.000 625.708 713.245
907.881 402.201 0.000 581.397 481.609 702.862 0.000 501.279
0.000 566.030 0.000 0.000 0.000 302.095 0.000 0.000
0.000 636.358 0.000 0.000 0.000 0.000 0.000 0.000
0.000 475.927 966.272 0.000 0.000 990.613 0.000 821.327
515.267 0.000 0.000 950.938 636.457 352.090 0.000 710.489
655.258 592.059 0.000 0.000 543.677 0.000 739.356 692.030
0.000 806.972 604.927 0.000 0.000 882.254 0.000 0.000
852.476 0.000 918.857 389.308 0.000 0.000 676.889 455.441
580.556 0.000 0.000 406.141 0.000 432.330 0.000 339.284
485.722 0.000 581.180 0.000 763.259 0.000 0.000 699.478
873.190 379.314 733.237 0.000 720.843 932.774 872.309 0.000
0.000 926.710 529.365 0.000 0.000 0.000 0.000 0.000
788.981 0.000 0.000 0.000 0.000 772.108 0.000 0.000
0.000 0.000 0.000 0.000 873.095 0.000 549.080 0.000
0.000 0.000 960.011 0.000 0.000 719.642 580.086 0.000
0.000 810.423 0.000 0.000 0.000 406.162 0.000 0.000
462.720 656.561 315.820 0.000 950.852 0.000 826.311 788.862
0.000 0.000 0.000 0.000 701.056 0.000 970.563 856.087
0.000 0.000 0.000 0.000 857.872 0.000 0.000 0.000
337.185 0.000 576.510 0.000 0.000 480.310 798.130 651.373
631.456 653.349 362.655 0.000 946.503 0.000 349.848 496.763
0.000 665.418 343.400 400.736 0.000 898.125 626.608 511.923
0.000 0.000 652.463 930.221 0.000 0.000 702.298 315.036
446.666 916.627 0.000 0.000 0.000 0.000 658.697 732.080
0.000 887.477 0.000 347.214 0.000 634.645 969.202 0.000
0.000 556.391 0.000 679.165 0.000 415.299 615.714 0.000
522.157 489.442 0.000 388.512 786.688 0.000 493.448 0.000
0.000 973.909 0.000 400.916 0.000 950.737 590.693 430.214
372.645 0.000 0.000 335.549 0.000 0.000 728.232 591.024
0.000 0.000 0.000 0.000 0.000 0.000 0.000 339.544
0.000 0.000 755.453 474.126 0.000 366.720 551.063 0.000
0.000 479.725 873.790 0.000 929.290 868.058 661.100 699.204
844.675 361.057 0.000 0.000 829.139 0.000 972.883 859.945
0.000 0.000 0.000 0.000 495.802 0.000 0.000 0.000
0.000 0.000 599.338 0.000 0.000 0.000 859.758 866.757
575.004 475.872 0.000 391.702 0.000 370.440 446.540 865.632
509.048 0.000 0.000 0.000 459.885 495.287 0.000 314.946
762.050 0.000 0.000 787.133 0.000 921.803 0.000 627.822
0.000 0.000 708.347 0.000 440.899 0.000 565.496 370.718
737.516 0.000 475.459 827.452 650.725 694.930 0.000 367.452
436.211 391.884 0.000 691.519 352.918 0.000 985.904 0.000
902.268 0.000 0.000 342.249 0.000 0.000 0.000 524.781
516.094 560.448 0.000 0.000 748.338 0.000 676.517 981.582
883.020 600.516 0.000 0.000 0.000 0.000 0.000 0.000
951.239 0.000 0.000 731.379 401.202 0.000 840.284 806.801
676.747 0.000 0.000 0.000 0.000 711.852 377.532 0.000
0.000 689.015 0.000 809.007 0.000 402.806 448.227 341.589
0.000 0.000 0.000 707.867 606.469 978.782 0.000 314.656
719.630 701.964 907.137 0.000 0.000 0.000 327.850 0.000
0.000 0.000 435.360 0.000 542.779 504.606 0.000 303.031
0.000 0.000 0.000 0.000 0.000 595.906 654.644 0.000
0.000 0.000 0.000 0.000 0.000 514.261 428.336 0.000
522.182 0.000 684.327 0.000 0.000 637.703 0.000 982.672
0.000 827.344 0.000 0.000 0.000 626.633 951.044 0.000
349.348 0.000 0.000 584.693 375.541 675.539 0.000 688.838
821.218 323.413 828.430 428.440 0.000 0.000 0.000 750.836
0.000 0.000 0.000 846.864 0.000 891.757 484.287 390.627
696.357 385.297 0.000 0.000 0.000 988.932 623.337 591.196
0.000 0.000 825.250 0.000 0.000 0.000 450.512 0.000
978.807 0.000 489.970 712.421 854.322 0.000 708.713 580.381
0.000 496.692 0.000 507.122 786.813 424.105 796.594 0.000
309.824 937.071 321.640 633.525 329.685 0.000 0.000 0.000
0.000 0.000 0.000 925.212 356.131 0.000 670.046 0.000
0.000 0.000 883.004 698.619 0.000 795.671 824.934 0.000
939.521 0.000 0.000 369.482 311.901 516.356 644.034 779.994
374.100 0.000 0.000 0.000 0.000 776.051 0.000 519.182
0.000 0.000 793.024 600.005 0.000 0.000 0.000 0.000
0.000 0.000 0.000 515.262 0.000 0.000 0.000 477.091
560.161 444.237 0.000 830.038 0.000 0.000 0.000 689.562
0.000 0.000 0.000 0.000 608.324 0.000 392.999 564.427
415.683 0.000 790.755 0.000 454.515 625.635 617.777 827.107
591.636 0.000 0.000 373.195 912.075 0.000 0.000 0.000
471.620 954.644 0.000 0.000 631.656 0.000 686.450 0.000
0.000 491.998 852.457 742.913 450.580 811.377 0.000 538.865
0.000 305.872 702.644 0.000 577.448 0.000 0.000 459.419
0.000 685.942 396.106 961.220 0.000 919.497 0.000 0.000
0.000 0.000 829.450 364.394 333.384 0.000 0.000 846.245
0.000 0.000 495.683 385.745 596.981 792.752 611.212 805.912
0.000 0.000 710.268 817.819 0.000 365.595 972.291 0.000
829.974 0.000 0.000 0.000 531.835 825.762 433.737 0.000
459.024 0.000 0.000 0.000 0.000 0.000 748.514 0.000
0.000 0.000 923.499 0.000 446.789 0.000 531.835 860.258
0.000 779.335 0.000 0.000 309.393 817.510 0.000 0.000
397.951 864.608 0.000 896.364 0.000 773.799 391.988 545.337
0.000 0.000 923.023 498.648 692.879 796.225 0.000 889.158
0.000 0.000 0.000 401.379 910.587 416.893 0.000 654.998
374.525 0.000 0.000 928.540 867.710 0.000 0.000 0.000
0.000 0.000 0.000 0.000 473.208 628.631 0.000 0.000
0.000 0.000 0.000 802.627 511.290 836.194 437.145 0.000
0.000 0.000 0.000 0.000 539.312 863.441 497.684 332.145
853.839 0.000 0.000 0.000 0.000 954.379 0.000 893.130
773.430 0.000 0.000 0.000 0.000 361.023 355.447 936.030
0.000 0.000 933.596 0.000 0.000 346.928 0.000 0.000
0.000 0.000 0.000 946.167 0.000 0.000 0.000 531.513
899.713 0.000 0.000 0.000 0.000 0.000 812.122 789.539
0.000 0.000 319.344 0.000 0.000 0.000 0.000 0.000
994.200 530.685 578.137 0.000 727.803 0.000 885.200 976.009
937.091 0.000 0.000 0.000 0.000 0.000 481.619 0.000
0.000 713.630 498.519 0.000 0.000 302.242 965.316 532.733
0.000 690.383 669.682 878.917 0.000 595.864 519.627 0.000
432.623 0.000 692.834 391.644 663.439 0.000 0.000 0.000
0.000 550.404 0.000 979.693 860.843 638.728 358.071 418.540
0.000 762.859 591.312 305.940 339.100 422.079 852.760 817.596
542.961 0.000 0.000 0.000 725.468 554.430 989.371 0.000
0.000 0.000 0.000 0.000 355.085 619.708 0.000 0.000
469.600 573.480 912.791 0.000 425.030 0.000 0.000 0.000
0.000 0.000 0.000 509.430 0.000 0.000 0.000 0.000
0.000 484.495 955.297 546.305 903.956 364.858 0.000 0.000
0.000 0.000 716.529 0.000 332.437 0.000 764.410 869.090
0.000 891.245 531.881 0.000 0.000 0.000 705.966 0.000
0.000 0.000 0.000 0.000 643.609 0.000 0.000 0.000
952.330 450.598 382.276 0.000 405.668 0.000 0.000 861.184
0.000 431.769 886.675 746.908 738.129 0.000 559.863 0.000
326.677 0.000 0.000 0.000 644.541 887.566 0.000 0.000
556.036 0.000 870.920 0.000 810.582 863.421 0.000 917.860
673.793 0.000 748.788 832.328 0.000 0.000 0.000 0.000
654.201 729.022 994.253 0.000 342.280 0.000 345.732 639.344
901.023 0.000 0.000 321.198 0.000 953.296 885.766 0.000
984.838 0.000 0.000 408.183 808.555 0.000 0.000 771.704
325.515 0.000 0.000 0.000 504.567 0.000 452.860 715.707
605.280 654.427 410.926 0.000 768.003 616.806 0.000 670.583
316.057 951.163 972.707 902.023 325.634 0.000 0.000 801.838
599.320 0.000 0.000 463.454 476.164 678.890 338.949 0.000
0.000 864.530 0.000 0.000 0.000 0.000 0.000 0.000
0.000 0.000 0.000 974.926 0.000 664.748 516.748 0.000
941.209 0.000 0.000 702.560 659.366 0.000 649.618 568.915
0.000 0.000 418.504 992.802 636.932 0.000 0.000 0.000
0.000 0.000 737.111 0.000 0.000 0.000 370.081 0.000
0.000 0.000 0.000 0.000 487.178 0.000 375.279 866.710
984.370 0.000 0.000 0.000 0.000 0.000 707.878 807.872
0.000 0.000 988.735 0.000 0.000 690.457 977.410 917.001
0.000 359.549 769.734 0.000 0.000 993.364 0.000 0.000
677.310 636.728 0.000 0.000 0.000 0.000 0.000 0.000
0.000 606.291 0.000 595.922 687.378 452.670 943.406 0.000
0.000 473.720 507.311 0.000 0.000 0.000 0.000 559.785
328.203 0.000 0.000 0.000 0.000 984.935 789.390 856.715
566.282 0.000 623.761 0.000 0.000 489.562 0.000 504.107
407.681 508.099 530.659 318.339 643.031 0.000 0.000 816.582
0.000 0.000 0.000 0.000 0.000 782.303 0.000 0.000
0.000 0.000 0.000 654.942 537.094 491.458 0.000 0.000
673.377 0.000 732.429 0.000 327.989 0.000 858.687 0.000
0.000 395.209 0.000 0.000 967.630 0.000 0.000 0.000
0.000 397.698 0.000 555.352 775.634 577.377 0.000 0.000
805.602 0.000 496.820 0.000 396.769 834.329 0.000 0.000
387.244 632.648 858.623 0.000 447.149 0.000 0.000 838.083
0.000 0.000 0.000 327.063 983.939 536.019 499.917 0.000
0.000 0.000 0.000 0.000 0.000 823.349 0.000 0.000
0.000 733.524 0.000 0.000 953.995 0.000 0.000 389.432
0.000 755.201 315.827 356.768 0.000 992.265 0.000 801.508
0.000 0.000 794.980 820.644 819.672 0.000 513.987 756.597
544.453 0.000 421.117 0.000 504.188 455.168 751.270 0.000
0.000 760.003 571.772 507.501 0.000 439.859 760.661 637.431
976.686 356.576 836.036 0.000 0.000 498.647 547.456 435.117
739.987 584.945 0.000 477.295 627.952 371.545 0.000 0.000
0.000 649.581 977.677 952.652 735.878 0.000 434.806 781.085
853.653 0.000 705.950 0.000 0.000 0.000 0.000 671.639
0.000 767.250 888.123 0.000 0.000 428.533 785.772 0.000
882.169 0.000 0.000 0.000 0.000 0.000 572.118 0.000
0.000 339.751 0.000 0.000 0.000 541.991 729.370 330.167
858.954 746.523 689.305 999.898 0.000 435.957 731.064 0.000
730.769 0.000 894.496 0.000 716.922 762.730 704.772 812.581
0.000 327.856 852.010 0.000 0.000 887.708 808.854 0.000
0.000 646.871 740.053 0.000 952.427 0.000 0.000 0.000
0.000 0.000 863.483 0.000 906.724 0.000 566.042 852.237
0.000 0.000 635.993 945.860 406.615 0.000 939.829 977.320
897.222 846.031 722.673 979.907 701.485 687.533 420.406 796.692
0.000 398.545 868.687 411.035 808.317 730.796 0.000 842.761
0.000 0.000 319.792 383.631 0.000 0.000 0.000 0.000
765.336 0.000 0.000 0.000 0.000 878.022 454.972 0.000
489.328 0.000 0.000 0.000 0.000 0.000 0.000 589.909
0.000 0.000 0.000 0.000 419.441 836.961 698.045 754.544
0.000 712.270 490.369 0.000 951.234 743.893 0.000 0.000
999.008 0.000 0.000 950.715 737.399 535.313 0.000 0.000
929.169 0.000 849.583 377.271 607.394 787.742 0.000 995.194
428.674 329.853 826.301 0.000 432.665 380.728 418.595 0.000
436.855 0.000 0.000 501.444 0.000 855.711 580.367 691.468
0.000 0.000 0.000 0.000 0.000 324.384 661.087 0.000
966.437 439.527 0.000 0.000 622.382 697.998 619.064 677.986
844.294 0.000 0.000 582.284 843.330 371.348 491.263 0.000
0.000 0.000 546.891 0.000 0.000 0.000 0.000 0.000
426.124 957.593 943.692 375.569 0.000 0.000 391.579 750.298
0.000 0.000 961.066 714.010 0.000 496.539 831.496 0.000
0.000 584.258 0.000 0.000 0.000 834.330 0.000 482.613
336.765 0.000 0.000 0.000 620.861 740.113 761.363 0.000
304.664 0.000 0.000 0.000 0.000 429.197 875.456 0.000
0.000 0.000 0.000 763.048 0.000 0.000 0.000 820.856
0.000 0.000 0.000 0.000 568.253 0.000 0.000 540.945
366.174 812.794 0.000 0.000 345.692 988.026 923.378 936.416
556.490 558.861 0.000 940.845 0.000 469.982 0.000 0.000
0.000 935.593 858.292 561.456 762.329 771.897 500.624 0.000
0.000 641.306 0.000 639.092 0.000 0.000 631.998 0.000
596.962 0.000 476.027 703.464 0.000 0.000 901.701 342.428
0.000 0.000 715.052 889.149 678.337 0.000 885.687 710.457
0.000 732.166 0.000 702.613 0.000 308.865 0.000 465.863
528.868 0.000 0.000 0.000 0.000 0.000 0.000 0.000
758.700 808.506 0.000 0.000 0.000 451.605 926.302 0.000
0.000 0.000 348.577 0.000 0.000 0.000 0.000 0.000
417.986 825.060 812.543 0.000 495.724 0.000 0.000 0.000
0.000 521.160 930.680 543.908 854.169 0.000 0.000 966.046
986.953 655.242 0.000 0.000 408.694 0.000 680.100 690.656
630.595 0.000 0.000 0.000 315.772 990.918 0.000 726.143
0.000 888.223 0.000 0.000 0.000 0.000 320.387 815.169
828.723 0.000 0.000 0.000 0.000 0.000 428.576 597.808
468.809 907.438 667.025 981.530 635.916 333.980 514.532 0.000
0.000 732.775 448.440 880.951 0.000 586.315 988.621 462.047
412.849 0.000 0.000 0.000 0.000 0.000 411.861 0.000
864.497 0.000 0.000 0.000 369.266 482.187 0.000 883.220
0.000 0.000 0.000 945.151 658.451 0.000 0.000 0.000
0.000 668.718 0.000 397.292 0.000 830.561 0.000 771.383
495.189 858.716 0.000 590.542 0.000 0.000 551.585 0.000
0.000 376.153 0.000 0.000 429.605 455.092 586.824 0.000
596.081 830.159 902.937 0.000 677.184 0.000 427.619 0.000
0.000 0.000 691.396 437.575 630.521 911.297 995.371 601.737
952.248 0.000 0.000 503.386 418.498 0.000 0.000 474.789
0.000 0.000 0.000 529.039 0.000 0.000 0.000 689.875
524.102 0.000 904.615 309.838 0.000 979.785 0.000 375.130
0.000 0.000 685.534 0.000 516.209 792.949 0.000 870.139
0.000 0.000 371.487 546.203 938.011 0.000 489.965 354.509
0.000 0.000 0.000 0.000 0.000 804.643 0.000 0.000
0.000 0.000 553.904 809.750 333.903 436.834 0.000 533.067
