0.000 628.496 835.468 370.213 705.083 0.000 691.944 497.153
0.000 586.911 0.000 717.611 690.112 0.000 585.291 0.000
0.000 0.000 0.000 443.922 484.491 341.854 874.706 0.000
527.897 0.000 612.916 0.000 0.000 375.486 0.000 0.000
883.060 616.474 689.707 0.000 759.262 491.506 0.000 763.406
0.000 0.000 670.443 721.355 0.000 627.076 0.000 0.000
0.000 922.369 0.000 0.000 0.000 0.000 0.000 916.596
683.991 0.000 331.799 465.612 0.000 0.000 0.000 0.000
722.782 943.681 0.000 894.970 0.000 0.000 576.035 549.032
0.000 850.401 0.000 0.000 332.571 0.000 0.000 0.000
634.690 0.000 672.169 783.887 919.303 0.000 834.615 812.303
909.232 0.000 0.000 646.061 0.000 724.883 0.000 0.000
602.689 951.879 784.921 750.104 825.232 0.000 0.000 0.000
576.843 0.000 719.211 691.915 404.673 953.665 794.056 0.000
0.000 0.000 0.000 993.780 0.000 734.532 0.000 0.000
933.035 0.000 0.000 954.182 533.046 0.000 577.727 367.652
0.000 0.000 0.000 0.000 0.000 988.559 0.000 0.000
0.000 811.278 0.000 695.718 398.892 666.592 622.843 0.000
542.360 611.235 606.479 0.000 0.000 0.000 726.914 0.000
0.000 0.000 543.662 0.000 0.000 673.504 0.000 948.708
0.000 448.204 0.000 859.430 567.239 398.103 0.000 0.000
769.456 0.000 930.619 0.000 0.000 0.000 0.000 585.669
609.399 0.000 944.809 573.005 418.409 0.000 813.328 841.503
910.233 0.000 947.423 0.000 582.896 467.922 0.000 426.559
0.000 476.638 0.000 0.000 550.502 0.000 0.000 0.000
707.357 0.000 394.522 0.000 739.524 0.000 337.227 0.000
309.472 0.000 0.000 621.024 0.000 0.000 0.000 817.367
530.607 871.281 462.219 0.000 409.205 0.000 738.726 0.000
0.000 0.000 0.000 0.000 0.000 0.000 0.000 384.440
994.777 0.000 320.840 0.000 0.000 0.000 0.000 0.000
758.721 977.686 958.074 0.000 0.000 816.799 704.985 0.000
671.999 0.000 611.004 0.000 937.682 562.077 419.539 0.000
343.327 925.466 992.692 622.338 0.000 477.576 0.000 326.025
487.326 598.650 533.751 0.000 661.760 370.804 808.608 343.772
0.000 997.416 374.367 0.000 597.441 0.000 0.000 490.485
537.104 0.000 0.000 907.334 0.000 0.000 303.053 0.000
0.000 0.000 685.255 0.000 964.467 0.000 0.000 0.000
637.754 639.454 0.000 564.723 0.000 0.000 0.000 861.685
0.000 0.000 0.000 426.414 0.000 0.000 0.000 784.523
872.403 0.000 0.000 0.000 0.000 0.000 0.000 0.000
0.000 490.070 0.000 0.000 0.000 841.088 682.920 0.000
0.000 0.000 0.000 656.452 878.774 0.000 998.618 0.000
837.036 720.795 0.000 0.000 0.000 0.000 0.000 0.000
0.000 651.152 0.000 0.000 345.239 0.000 515.276 347.112
0.000 478.057 0.000 0.000 0.000 790.819 0.000 0.000
782.179 955.633 565.021 454.041 774.550 831.137 0.000 0.000
0.000 0.000 729.160 0.000 483.344 0.000 0.000 653.828
399.675 0.000 417.151 0.000 536.524 0.000 0.000 0.000
909.568 0.000 901.414 0.000 659.196 653.185 0.000 0.000
306.466 0.000 841.684 0.000 357.462 977.445 686.190 708.217
491.374 634.323 946.482 0.000 573.684 0.000 0.000 516.516
0.000 0.000 0.000 770.788 0.000 450.496 0.000 420.102
0.000 0.000 0.000 0.000 601.561 0.000 0.000 923.731
721.088 492.483 0.000 0.000 328.601 0.000 764.875 617.449
0.000 0.000 0.000 692.057 0.000 630.538 0.000 322.164
0.000 0.000 0.000 0.000 0.000 0.000 306.912 0.000
0.000 300.072 0.000 0.000 0.000 0.000 0.000 332.994
0.000 911.298 398.596 0.000 0.000 0.000 949.474 0.000
0.000 0.000 802.922 617.007 768.368 964.905 736.929 0.000
0.000 747.802 0.000 728.274 0.000 681.494 555.150 933.344
722.701 0.000 0.000 857.817 0.000 734.577 0.000 877.894
577.918 0.000 586.983 623.587 0.000 0.000 518.553 0.000
0.000 883.729 453.611 0.000 0.000 0.000 0.000 0.000
0.000 0.000 457.979 448.878 694.187 0.000 314.561 0.000
0.000 0.000 928.783 0.000 0.000 0.000 781.920 799.612
510.428 0.000 0.000 0.000 0.000 0.000 0.000 0.000
0.000 919.381 0.000 818.265 738.614 348.243 770.447 980.164
0.000 940.018 459.745 314.579 0.000 651.204 0.000 669.202
0.000 0.000 0.000 401.036 936.068 357.795 915.665 731.799
882.882 0.000 0.000 0.000 0.000 862.540 0.000 693.268
0.000 987.475 533.422 803.151 0.000 0.000 599.579 950.715
974.642 846.023 655.003 823.750 0.000 0.000 525.860 0.000
573.721 692.600 0.000 0.000 530.390 0.000 0.000 312.239
0.000 0.000 0.000 334.286 0.000 753.944 0.000 325.030
845.969 0.000 0.000 965.972 0.000 0.000 0.000 0.000
0.000 0.000 0.000 0.000 0.000 0.000 572.655 512.776
479.111 419.350 0.000 708.225 780.199 468.859 494.096 0.000
583.726 309.969 998.131 569.053 523.506 612.205 0.000 531.221
0.000 942.101 0.000 856.814 948.894 0.000 899.086 331.515
0.000 715.793 658.087 0.000 528.023 828.691 881.466 0.000
750.266 841.044 757.079 0.000 514.226 0.000 868.702 685.366
830.638 714.938 0.000 0.000 0.000 866.658 339.621 478.920
467.621 307.708 0.000 773.280 0.000 603.011 829.575 0.000
0.000 590.499 0.000 643.779 420.169 0.000 999.574 0.000
0.000 0.000 0.000 0.000 928.465 0.000 0.000 0.000
429.916 0.000 0.000 0.000 594.871 984.234 624.062 0.000
0.000 0.000 724.014 304.071 0.000 0.000 485.965 0.000
0.000 0.000 0.000 0.000 0.000 939.608 618.082 0.000
0.000 362.507 0.000 0.000 0.000 0.000 0.000 541.220
869.024 965.466 0.000 0.000 696.102 702.162 730.930 904.632
806.260 0.000 0.000 0.000 0.000 0.000 0.000 549.206
418.186 499.497 0.000 900.453 721.893 509.464 407.659 0.000
677.005 0.000 0.000 0.000 0.000 0.000 0.000 878.725
752.198 319.089 0.000 409.675 0.000 0.000 0.000 554.510
489.787 0.000 537.463 0.000 0.000 512.512 996.567 0.000
554.315 482.346 985.981 847.073 616.287 0.000 593.283 0.000
322.532 0.000 0.000 957.370 877.031 0.000 0.000 0.000
555.348 607.627 0.000 0.000 0.000 0.000 455.517 0.000
0.000 933.851 891.559 603.268 386.000 945.091 357.293 454.628
0.000 0.000 0.000 0.000 0.000 0.000 418.119 805.367
514.945 0.000 453.812 608.378 710.789 0.000 0.000 0.000
0.000 0.000 0.000 367.836 0.000 602.142 546.623 0.000
745.431 0.000 0.000 0.000 0.000 664.698 762.065 863.995
0.000 329.283 751.768 0.000 0.000 994.333 719.818 0.000
444.338 429.202 359.798 324.774 0.000 0.000 410.537 0.000
455.615 0.000 0.000 0.000 965.673 0.000 0.000 0.000
577.288 610.137 0.000 805.534 978.671 637.762 769.112 996.501
0.000 0.000 493.669 366.270 0.000 0.000 542.025 0.000
575.965 0.000 836.257 0.000 868.265 446.435 0.000 0.000
0.000 489.960 0.000 609.960 0.000 0.000 0.000 412.375
0.000 0.000 0.000 0.000 0.000 746.035 850.479 367.986
0.000 381.892 0.000 0.000 0.000 0.000 0.000 0.000
0.000 0.000 561.828 0.000 0.000 0.000 845.467 0.000
0.000 487.210 0.000 403.411 0.000 898.865 0.000 527.380
0.000 633.487 0.000 0.000 359.900 382.886 0.000 631.061
642.756 0.000 327.699 792.030 0.000 0.000 0.000 332.187
917.208 346.612 0.000 0.000 597.631 0.000 311.770 592.878
783.138 443.756 463.193 0.000 959.719 741.574 0.000 366.760
326.381 0.000 384.635 644.902 0.000 636.254 0.000 487.399
720.297 0.000 0.000 435.725 0.000 0.000 0.000 0.000
958.994 406.051 916.962 900.772 614.537 0.000 329.421 656.251
0.000 802.931 0.000 0.000 0.000 0.000 0.000 0.000
0.000 0.000 0.000 0.000 0.000 0.000 721.229 0.000
0.000 541.724 331.593 935.328 959.764 738.544 0.000 0.000
702.052 851.107 0.000 0.000 0.000 0.000 685.046 0.000
873.693 479.157 0.000 0.000 726.220 0.000 455.329 905.751
0.000 0.000 0.000 434.166 713.929 0.000 926.100 0.000
0.000 0.000 0.000 664.677 601.167 0.000 0.000 0.000
0.000 0.000 0.000 0.000 0.000 365.584 938.115 0.000
767.118 468.170 0.000 0.000 933.234 0.000 468.044 0.000
357.420 862.764 384.457 556.063 996.189 319.405 0.000 777.364
0.000 0.000 982.092 0.000 0.000 525.745 903.186 730.440
0.000 526.758 0.000 611.447 0.000 0.000 930.611 484.885
0.000 678.562 320.915 0.000 0.000 560.149 454.579 0.000
668.289 998.893 0.000 0.000 423.906 458.281 0.000 0.000
831.831 0.000 0.000 0.000 0.000 0.000 0.000 0.000
0.000 0.000 0.000 666.255 0.000 0.000 869.761 742.370
0.000 0.000 0.000 712.136 0.000 0.000 0.000 887.802
0.000 431.682 617.317 0.000 768.683 0.000 0.000 0.000
374.438 754.145 740.070 875.134 0.000 0.000 0.000 785.812
0.000 0.000 441.495 723.421 0.000 670.615 924.618 0.000
0.000 0.000 0.000 907.050 0.000 0.000 0.000 0.000
0.000 0.000 674.600 0.000 0.000 0.000 540.972 0.000
0.000 0.000 0.000 548.679 0.000 0.000 0.000 0.000
386.882 621.199 0.000 0.000 900.878 731.271 822.094 0.000
0.000 0.000 463.664 744.229 877.133 0.000 754.118 699.379
725.980 0.000 0.000 494.216 0.000 0.000 0.000 0.000
350.896 411.498 605.607 383.784 0.000 0.000 0.000 419.538
422.977 0.000 354.849 787.497 419.111 0.000 516.849 536.761
923.151 0.000 418.401 380.297 723.277 632.643 0.000 0.000
0.000 0.000 591.816 665.412 0.000 460.342 759.540 431.178
662.170 0.000 633.900 0.000 0.000 0.000 0.000 902.522
673.580 506.570 0.000 485.926 690.131 0.000 633.848 0.000
0.000 508.050 0.000 0.000 929.401 0.000 753.785 884.492
421.711 0.000 677.413 855.167 0.000 0.000 0.000 0.000
0.000 0.000 419.059 0.000 746.500 386.450 0.000 312.134
0.000 0.000 304.587 986.243 863.518 657.448 802.367 0.000
0.000 476.162 624.122 861.171 0.000 0.000 492.852 345.244
640.995 0.000 0.000 0.000 0.000 651.008 956.496 640.018
598.821 549.447 0.000 889.539 753.641 438.893 992.250 0.000
0.000 466.492 0.000 0.000 0.000 0.000 0.000 0.000
0.000 515.448 0.000 0.000 553.185 937.270 0.000 0.000
315.022 851.578 0.000 0.000 581.069 656.341 0.000 983.395
0.000 842.606 0.000 697.207 615.082 0.000 458.208 710.674
389.385 0.000 914.466 918.718 532.688 0.000 0.000 548.696
499.940 0.000 0.000 622.957 0.000 675.767 519.108 842.652
536.722 806.675 647.634 0.000 0.000 0.000 433.046 853.068
786.250 0.000 0.000 0.000 754.916 0.000 0.000 408.273
481.285 0.000 0.000 458.682 922.227 716.108 352.707 0.000
757.454 726.766 0.000 405.117 0.000 0.000 639.496 0.000
0.000 0.000 534.344 659.461 0.000 0.000 310.940 0.000
0.000 346.892 817.494 0.000 0.000 955.590 354.024 649.065
707.094 0.000 0.000 0.000 0.000 634.310 757.326 989.651
0.000 0.000 303.150 0.000 0.000 0.000 0.000 878.216
633.753 336.059 0.000 0.000 703.081 460.309 0.000 0.000
0.000 661.252 0.000 459.531 0.000 755.330 479.871 0.000
623.687 904.889 524.192 811.968 337.467 0.000 0.000 0.000
831.246 326.841 323.295 315.331 0.000 575.207 0.000 0.000
428.383 956.054 0.000 455.095 525.542 530.308 351.604 345.072
565.785 450.277 725.518 0.000 486.519 400.985 0.000 0.000
0.000 726.018 549.646 570.183 764.182 0.000 0.000 388.206
0.000 0.000 825.601 799.788 0.000 0.000 0.000 0.000
0.000 553.705 0.000 0.000 364.039 827.559 665.814 0.000
960.395 0.000 346.496 927.039 0.000 0.000 0.000 625.221
702.566 0.000 0.000 0.000 0.000 0.000 0.000 883.460
0.000 0.000 0.000 0.000 0.000 0.000 0.000 429.086
603.431 676.589 0.000 428.346 0.000 0.000 758.311 0.000
0.000 875.057 0.000 0.000 621.193 0.000 880.765 779.906
565.494 692.115 0.000 688.770 305.484 443.638 477.940 528.711
813.916 587.068 0.000 856.930 917.052 0.000 564.336 0.000
0.000 0.000 777.085 0.000 0.000 966.977 603.384 0.000
0.000 528.026 897.751 864.437 916.805 0.000 0.000 848.232
454.462 755.700 452.465 999.010 0.000 0.000 0.000 0.000
0.000 483.351 567.240 454.024 381.784 0.000 0.000 0.000
861.991 0.000 0.000 0.000 320.556 962.279 706.379 0.000
0.000 455.937 0.000 847.499 0.000 0.000 0.000 542.140
818.551 433.511 498.893 669.471 961.230 0.000 977.293 0.000
559.499 696.890 0.000 0.000 0.000 461.885 881.948 0.000
604.866 0.000 835.350 301.416 989.246 884.093 0.000 0.000
0.000 694.068 790.251 0.000 967.383 0.000 571.333 754.649
0.000 391.064 0.000 0.000 0.000 648.747 704.168 0.000
0.000 0.000 944.686 389.135 0.000 0.000 663.767 0.000
575.768 0.000 0.000 334.742 724.315 714.805 0.000 0.000
493.352 742.673 0.000 432.720 701.312 0.000 496.629 0.000
0.000 335.537 0.000 0.000 746.064 0.000 809.659 0.000
0.000 0.000 467.711 596.419 0.000 0.000 0.000 473.582
0.000 633.291 514.986 661.322 0.000 0.000 0.000 558.617
769.264 0.000 808.002 0.000 0.000 324.054 0.000 0.000
0.000 0.000 945.763 764.611 944.436 681.752 0.000 739.632
960.344 0.000 0.000 0.000 598.423 718.176 0.000 844.262
0.000 0.000 579.665 0.000 546.630 0.000 0.000 0.000
0.000 0.000 714.894 412.921 956.576 0.000 0.000 0.000
0.000 0.000 894.564 0.000 0.000 0.000 706.935 551.153
0.000 0.000 0.000 566.722 696.015 481.115 0.000 0.000
0.000 0.000 0.000 0.000 597.480 394.397 0.000 0.000
0.000 0.000 797.503 458.372 716.920 581.769 646.514 0.000
0.000 901.682 899.663 945.560 0.000 933.844 0.000 600.760
429.932 0.000 0.000 767.496 869.174 776.455 0.000 0.000
0.000 0.000 887.286 518.811 0.000 406.903 518.715 0.000
851.048 540.373 536.426 0.000 608.678 0.000 373.745 0.000
0.000 0.000 0.000 316.317 0.000 828.451 953.451 561.839
845.710 0.000 0.000 765.948 430.639 0.000 0.000 0.000
0.000 635.837 0.000 0.000 0.000 0.000 479.791 0.000
772.128 0.000 745.369 0.000 0.000 0.000 0.000 346.305
350.634 988.396 544.177 0.000 0.000 0.000 604.355 706.337
0.000 0.000 590.714 0.000 0.000 737.901 873.776 0.000
935.816 0.000 406.434 951.596 0.000 0.000 0.000 645.605
0.000 324.239 0.000 529.173 760.316 731.689 0.000 899.759
0.000 0.000 0.000 412.291 726.295 740.998 856.668 400.771
0.000 0.000 0.000 374.868 0.000 0.000 307.081 661.127
0.000 801.325 347.942 0.000 311.799 0.000 0.000 0.000
0.000 0.000 0.000 636.951 740.814 747.608 0.000 648.768
0.000 0.000 988.306 464.562 0.000 569.077 578.329 0.000
361.102 620.961 0.000 804.976 0.000 0.000 0.000 0.000
620.798 0.000 0.000 0.000 0.000 0.000 695.800 0.000
552.448 0.000 0.000 416.043 0.000 733.876 749.930 0.000
0.000 0.000 0.000 430.559 687.797 806.725 0.000 0.000
652.160 0.000 0.000 531.855 757.931 439.328 687.408 0.000
0.000 541.650 0.000 0.000 640.341 0.000 991.735 0.000
919.254 821.927 0.000 0.000 967.463 0.000 995.254 603.195
413.216 0.000 440.307 308.384 942.971 780.509 783.930 0.000
0.000 349.725 0.000 979.895 0.000 476.080 0.000 857.674
739.284 748.798 0.000 997.714 0.000 454.593 745.361 665.602
0.000 348.742 0.000 327.830 0.000 0.000 551.030 675.835
0.000 913.164 0.000 0.000 450.445 0.000 0.000 568.569
321.331 0.000 728.419 0.000 326.398 475.222 0.000 0.000
619.043 0.000 678.613 778.439 667.950 0.000 884.989 537.991
0.000 0.000 0.000 612.081 614.112 553.102 0.000 983.808
855.034 664.526 0.000 936.835 0.000 467.368 0.000 371.116
462.198 0.000 0.000 977.819 0.000 0.000 304.264 946.687
0.000 0.000 425.221 576.589 332.523 900.556 307.286 0.000
788.127 820.758 0.000 0.000 355.409 419.486 0.000 0.000
0.000 0.000 0.000 0.000 949.035 783.790 0.000 0.000
861.585 718.538 0.000 790.269 530.027 586.006 0.000 0.000
0.000 720.177 0.000 474.414 0.000 0.000 811.474 939.153
717.674 558.395 0.000 0.000 0.000 0.000 796.514 0.000
479.339 731.832 971.622 0.000 825.139 362.330 0.000 0.000
0.000 450.401 788.984 753.606 0.000 350.234 0.000 0.000
0.000 0.000 0.000 323.545 0.000 742.272 0.000 865.260
836.478 0.000 381.420 0.000 0.000 0.000 942.005 942.450
726.930 0.000 301.439 961.117 0.000 851.607 944.466 0.000
0.000 673.222 0.000 378.133 0.000 975.820 0.000 0.000
728.513 0.000 0.000 0.000 313.863 955.488 533.568 0.000
0.000 0.000 940.098 0.000 401.971 0.000 961.222 663.049
521.803 671.635 0.000 0.000 683.403 579.023 429.363 642.553
0.000 932.805 0.000 0.000 0.000 0.000 0.000 329.704
712.806 635.891 0.000 0.000 969.846 0.000 0.000 0.000
0.000 829.440 0.000 775.000 424.057 735.779 0.000 0.000
0.000 593.580 0.000 0.000 710.342 801.330 0.000 0.000
908.966 0.000 852.187 401.140 877.812 581.712 552.028 507.286
0.000 325.365 837.183 549.662 0.000 0.000 0.000 711.601
0.000 0.000 537.344 886.559 539.693 648.088 0.000 669.641
878.101 0.000 0.000 576.041 0.000 350.919 0.000 0.000
0.000 0.000 0.000 0.000 0.000 311.334 0.000 0.000
919.387 743.880 434.713 0.000 933.915 0.000 0.000 463.548
0.000 502.873 0.000 732.028 763.919 413.038 0.000 0.000
0.000 0.000 0.000 722.139 925.298 528.426 0.000 0.000
0.000 0.000 676.308 506.928 980.637 731.047 0.000 671.925
0.000 0.000 973.887 0.000 0.000 917.938 0.000 634.184
625.051 904.433 852.292 0.000 810.904 806.212 540.423 761.556
0.000 623.237 0.000 410.719 0.000 447.614 572.745 0.000
0.000 326.971 0.000 0.000 677.357 0.000 767.054 828.673
0.000 737.235 471.847 934.863 0.000 815.859 0.000 859.937
0.000 0.000 0.000 396.944 0.000 0.000 0.000 845.486
0.000 646.700 0.000 0.000 0.000 942.579 803.724 398.023
0.000 0.000 0.000 0.000 882.540 482.344 928.063 679.563
0.000 400.495 0.000 335.979 0.000 432.807 0.000 0.000
476.080 895.143 0.000 0.000 912.772 492.567 0.000 0.000
0.000 982.061 864.712 0.000 850.096 323.762 0.000 0.000
702.260 0.000 485.238 0.000 0.000 438.289 0.000 0.000
0.000 679.687 704.538 0.000 0.000 731.028 843.343 0.000
0.000 416.409 0.000 574.486 0.000 0.000 0.000 0.000
620.030 0.000 0.000 727.829 638.147 0.000 0.000 415.278
0.000 0.000 0.000 440.982 448.606 0.000 0.000 477.940
0.000 0.000 774.551 0.000 824.687 0.000 672.251 810.184
0.000 0.000 432.342 886.001 711.275 0.000 0.000 0.000
625.356 0.000 454.887 0.000 0.000 0.000 617.121 882.953
0.000 0.000 0.000 560.862 422.093 361.299 0.000 0.000
0.000 0.000 571.016 0.000 0.000 0.000 578.477 0.000
955.632 591.354 541.468 936.015 670.341 0.000 0.000 826.227
478.769 481.617 0.000 811.638 909.102 918.007 304.261 0.000
0.000 683.471 0.000 0.000 0.000 0.000 0.000 906.947
0.000 0.000 304.714 746.693 874.915 0.000 0.000 364.768
0.000 0.000 704.322 877.614 0.000 0.000 0.000 905.940
0.000 666.291 0.000 814.469 509.181 0.000 0.000 401.170
0.000 0.000 392.850 0.000 0.000 0.000 0.000 0.000
869.944 0.000 809.902 0.000 451.359 0.000 963.567 560.625
0.000 0.000 347.586 363.978 512.772 0.000 634.749 0.000
0.000 0.000 311.542 619.404 975.414 980.311 0.000 0.000
930.566 782.143 0.000 0.000 0.000 0.000 315.432 0.000
577.309 0.000 451.859 528.347 862.138 0.000 0.000 640.766
397.434 0.000 738.312 0.000 619.102 0.000 0.000 406.071
627.980 0.000 0.000 0.000 389.343 474.338 0.000 0.000
0.000 561.438 0.000 970.554 324.093 643.102 0.000 0.000
393.964 675.707 734.714 0.000 625.347 0.000 819.160 0.000
765.759 0.000 0.000 0.000 0.000 886.775 813.077 386.686
0.000 881.353 0.000 435.313 827.223 401.917 330.142 793.038
880.340 794.953 367.886 0.000 0.000 367.529 0.000 348.665
0.000 320.619 0.000 360.373 0.000 0.000 0.000 328.692
471.293 668.733 364.848 346.216 999.930 452.718 735.092 0.000
834.312 0.000 367.615 0.000 916.661 0.000 0.000 0.000
0.000 650.170 0.000 735.273 0.000 718.663 0.000 813.112
486.500 0.000 361.859 0.000 709.731 972.844 0.000 648.028
0.000 454.521 497.805 0.000 0.000 0.000 0.000 0.000
719.829 471.658 800.789 730.044 973.869 0.000 0.000 0.000
641.685 811.115 322.130 0.000 0.000 0.000 562.036 380.037
0.000 0.000 521.508 843.753 411.627 0.000 302.310 0.000
468.874 709.156 482.237 0.000 975.019 0.000 0.000 542.165
0.000 0.000 360.289 342.626 0.000 0.000 826.945 947.977
0.000 0.000 0.000 358.798 567.172 0.000 0.000 567.279
979.499 437.956 0.000 713.244 495.105 714.466 832.416 658.942
464.839 497.302 684.326 0.000 963.955 0.000 0.000 501.984
0.000 502.543 782.236 983.561 723.018 0.000 502.528 0.000
0.000 646.151 0.000 0.000 369.867 0.000 0.000 919.844
0.000 963.477 0.000 901.116 0.000 975.484 889.335 0.000
744.365 0.000 600.942 0.000 451.116 891.497 971.113 0.000
999.409 484.728 0.000 419.880 0.000 803.822 553.247 0.000
0.000 0.000 0.000 660.158 0.000 585.627 301.900 557.123
545.532 917.328 0.000 0.000 0.000 0.000 0.000 873.249
688.352 884.963 0.000 861.636 0.000 0.000 0.000 0.000
0.000 864.768 0.000 540.498 809.613 0.000 543.653 589.697
876.746 567.170 0.000 0.000 0.000 555.044 0.000 0.000
0.000 545.463 428.879 667.660 0.000 882.037 0.000 0.000
887.235 0.000 815.380 610.328 416.466 0.000 621.281 810.525
0.000 630.751 0.000 0.000 956.594 0.000 974.741 0.000
742.686 0.000 0.000 0.000 507.697 0.000 561.893 0.000
471.255 0.000 300.149 687.341 698.836 896.776 930.606 348.825
585.895 711.064 0.000 0.000 0.000 315.673 584.571 440.656
906.830 0.000 0.000 0.000 985.259 0.000 0.000 0.000
979.278 0.000 0.000 562.456 0.000 857.436 0.000 382.632
484.452 439.841 0.000 0.000 836.774 0.000 585.348 0.000
0.000 496.052 411.107 669.789 505.232 0.000 548.946 504.563
0.000 0.000 878.915 0.000 0.000 0.000 656.884 923.393
510.259 0.000 529.892 0.000 401.597 639.777 0.000 0.000
757.694 721.316 0.000 832.465 983.289 820.211 0.000 0.000
461.518 0.000 0.000 0.000 0.000 455.787 0.000 646.395
603.756 0.000 857.426 0.000 425.851 988.602 602.540 734.437
926.899 382.417 995.854 812.612 608.725 0.000 567.126 0.000
788.406 652.989 450.410 0.000 681.093 488.471 415.276 0.000
552.040 730.058 0.000 642.210 768.072 482.250 835.356 0.000
531.477 740.630 961.300 0.000 918.979 0.000 565.338 332.125
0.000 415.312 0.000 463.983 0.000 0.000 994.425 572.252
0.000 488.628 457.309 0.000 888.832 533.119 830.095 0.000
960.480 0.000 0.000 525.974 520.309 885.234 568.253 924.015
0.000 0.000 794.808 856.956 0.000 0.000 507.715 0.000
667.675 972.612 0.000 599.355 0.000 0.000 368.036 309.215
0.000 657.430 564.120 0.000 781.990 0.000 0.000 0.000
386.316 0.000 0.000 953.094 0.000 0.000 796.414 0.000
0.000 410.043 548.222 0.000 0.000 442.936 0.000 735.678
0.000 0.000 0.000 0.000 0.000 839.854 466.718 585.667
684.699 409.469 525.914 465.785 0.000 0.000 890.378 0.000
0.000 0.000 938.755 947.713 0.000 645.998 0.000 0.000
0.000 0.000 953.661 0.000 544.519 0.000 522.177 0.000
0.000 0.000 0.000 0.000 0.000 0.000 0.000 865.995
0.000 504.309 0.000 449.445 978.827 602.160 0.000 762.467
539.183 0.000 0.000 0.000 341.827 341.032 796.365 0.000
593.029 863.374 0.000 908.315 381.444 642.439 734.885 797.547
0.000 738.873 564.153 0.000 0.000 0.000 790.936 398.397
0.000 0.000 0.000 418.025 547.623 0.000 347.618 0.000
958.048 327.968 0.000 0.000 0.000 0.000 886.170 0.000
815.693 0.000 0.000 0.000 0.000 0.000 808.463 680.171
696.227 488.154 0.000 520.948 968.091 0.000 0.000 0.000
531.622 0.000 518.579 789.503 0.000 388.772 0.000 0.000
642.677 0.000 0.000 678.414 341.404 0.000 0.000 982.108
0.000 0.000 314.666 0.000 0.000 326.477 769.402 567.970
631.635 780.597 0.000 0.000 0.000 819.668 0.000 809.372
0.000 874.550 0.000 937.039 838.445 723.180 0.000 682.173
0.000 968.693 916.823 780.164 511.306 0.000 0.000 0.000
964.033 476.541 0.000 0.000 390.727 0.000 471.087 386.431
372.614 753.512 0.000 0.000 830.678 526.402 0.000 0.000
0.000 0.000 0.000 0.000 309.359 602.385 572.392 0.000
0.000 0.000 681.626 0.000 769.926 0.000 0.000 0.000
580.435 0.000 0.000 0.000 0.000 0.000 847.347 525.049
438.293 0.000 834.885 927.079 849.733 961.625 541.163 352.093
764.395 0.000 0.000 846.744 698.635 893.775 0.000 0.000
0.000 857.321 842.068 0.000 0.000 0.000 0.000 0.000
0.000 453.984 449.042 818.789 423.211 695.653 0.000 406.744
0.000 0.000 0.000 917.085 0.000 0.000 952.087 609.396
871.163 675.886 546.220 544.763 0.000 596.609 940.753 0.000
0.000 0.000 689.257 0.000 471.086 938.071 0.000 0.000
0.000 0.000 772.802 870.956 851.083 0.000 0.000 993.513
505.889 996.141 0.000 339.651 474.935 0.000 787.267 562.220
660.530 708.635 840.250 0.000 305.774 972.403 577.548 628.351
691.926 570.239 0.000 0.000 0.000 0.000 0.000 0.000
814.619 518.018 859.354 330.076 850.011 809.050 0.000 836.672
724.132 625.269 462.243 0.000 0.000 370.821 382.190 0.000
0.000 588.025 799.635 543.344 982.921 0.000 566.084 594.962
509.569 420.482 0.000 948.825 593.829 0.000 891.659 0.000
751.001 0.000 665.266 428.096 0.000 0.000 0.000 504.594
0.000 0.000 0.000 0.000 0.000 733.676 0.000 0.000
0.000 838.466 0.000 449.662 0.000 0.000 518.032 0.000
932.386 934.822 598.993 906.332 417.470 838.314 0.000 0.000
0.000 730.513 831.504 897.183 0.000 0.000 624.293 685.067
0.000 0.000 846.170 619.657 0.000 927.258 743.548 498.748
0.000 567.520 352.433 0.000 377.079 876.971 618.327 887.758
0.000 0.000 705.002 988.755 623.560 564.846 875.313 0.000
782.822 0.000 0.000 927.730 0.000 989.168 481.318 0.000
723.005 863.564 403.285 0.000 0.000 628.839 865.415 509.265
0.000 746.002 0.000 0.000 0.000 488.538 0.000 0.000
360.019 0.000 0.000 0.000 0.000 0.000 0.000 0.000
406.794 603.532 855.620 0.000 622.615 0.000 0.000 0.000
0.000 0.000 539.515 441.979 0.000 0.000 302.474 834.480
511.843 0.000 0.000 0.000 0.000 0.000 0.000 0.000
787.367 0.000 756.960 926.576 0.000 0.000 0.000 700.401
887.720 0.000 347.058 0.000 695.467 0.000 0.000 0.000
0.000 0.000 490.294 0.000 0.000 0.000 0.000 841.827
0.000 957.209 0.000 513.642 0.000 804.206 0.000 0.000
0.000 0.000 0.000 855.656 471.963 0.000 457.138 584.697
0.000 979.313 0.000 0.000 435.923 0.000 687.692 0.000
634.111 480.053 582.588 811.481 955.296 633.221 0.000 576.445
316.754 0.000 0.000 0.000 925.904 587.179 314.395 679.153
0.000 467.744 733.387 320.832 0.000 785.764 0.000 0.000
0.000 844.701 531.655 883.412 630.550 811.553 618.182 989.013
333.395 336.204 0.000 0.000 0.000 0.000 619.895 0.000
0.000 0.000 627.660 491.773 538.786 0.000 374.776 560.033
0.000 313.606 0.000 511.213 932.561 0.000 350.499 719.538
739.049 0.000 323.444 0.000 929.882 0.000 581.227 0.000
0.000 551.019 0.000 961.792 491.529 663.319 680.214 0.000
642.556 779.547 0.000 629.811 0.000 0.000 0.000 0.000
0.000 0.000 0.000 0.000 0.000 0.000 0.000 911.122
0.000 357.701 581.422 0.000 0.000 0.000 0.000 0.000
315.935 593.425 0.000 0.000 0.000 732.905 0.000 0.000
0.000 800.182 0.000 519.189 0.000 731.639 899.952 0.000
0.000 0.000 0.000 0.000 353.543 651.632 0.000 321.976
0.000 0.000 0.000 994.435 0.000 0.000 881.148 910.058
0.000 629.420 0.000 0.000 324.848 0.000 0.000 0.000
0.000 497.641 355.882 679.715 846.680 613.308 914.014 0.000
532.705 542.999 0.000 0.000 0.000 0.000 393.146 863.961
0.000 0.000 938.296 622.155 726.212 0.000 0.000 463.637
0.000 724.950 0.000 0.000 797.287 0.000 926.994 0.000
931.437 0.000 598.928 0.000 0.000 0.000 580.315 0.000
0.000 0.000 0.000 885.830 0.000 0.000 0.000 570.745
0.000 588.790 0.000 743.441 0.000 657.092 770.835 0.000
448.508 339.899 682.720 0.000 706.355 0.000 871.080 0.000
460.050 0.000 0.000 591.596 992.019 0.000 893.596 501.977
0.000 0.000 0.000 0.000 331.048 0.000 841.365 0.000
0.000 0.000 0.000 0.000 745.419 483.304 0.000 0.000
344.809 0.000 753.223 822.547 593.097 0.000 508.843 936.670
0.000 0.000 759.770 323.442 0.000 0.000 423.635 901.405
0.000 0.000 960.638 904.116 0.000 0.000 0.000 557.214
0.000 0.000 0.000 971.631 377.530 0.000 0.000 328.308
0.000 413.518 862.202 363.669 0.000 0.000 0.000 503.883
895.517 0.000 0.000 961.664 0.000 890.896 493.311 416.196
537.045 730.750 890.532 307.136 0.000 0.000 0.000 977.561
0.000 891.342 0.000 329.072 332.081 0.000 336.709 0.000
763.274 0.000 946.300 920.162 647.917 709.879 839.959 0.000
385.150 991.278 690.081 0.000 653.598 0.000 0.000 0.000
493.566 0.000 973.562 597.447 828.596 0.000 748.757 575.252
472.811 644.345 882.683 345.398 0.000 0.000 826.581 476.605
0.000 0.000 0.000 0.000 0.000 0.000 0.000 617.088
0.000 0.000 407.114 649.564 578.463 0.000 0.000 0.000
0.000 0.000 0.000 0.000 0.000 0.000 936.235 788.796
0.000 409.152 0.000 629.579 897.944 892.078 564.906 0.000
921.073 696.551 682.441 0.000 0.000 549.565 0.000 631.708
655.897 0.000 462.756 761.226 567.252 776.906 0.000 322.424
996.264 947.821 0.000 0.000 689.003 0.000 0.000 0.000
847.503 909.184 417.152 454.094 0.000 0.000 515.140 519.824
0.000 454.904 0.000 533.764 0.000 0.000 626.861 0.000
807.828 871.435 329.562 385.036 0.000 769.451 0.000 491.457
481.908 0.000 455.559 452.437 781.627 0.000 480.002 428.853
397.647 0.000 422.651 363.098 0.000 0.000 0.000 788.258
0.000 908.959 318.282 686.454 479.562 396.073 666.464 0.000
364.728 764.549 841.365 381.748 497.671 327.141 993.309 0.000
721.070 429.624 689.129 0.000 0.000 0.000 585.514 0.000
720.943 476.184 671.288 0.000 558.804 600.669 0.000 0.000
0.000 0.000 0.000 330.459 821.649 520.685 948.592 0.000
0.000 557.054 382.532 561.081 581.251 926.995 912.603 0.000
0.000 0.000 0.000 855.070 771.578 0.000 0.000 300.960
442.008 0.000 533.669 0.000 0.000 956.886 0.000 431.044
882.049 704.346 872.287 0.000 0.000 0.000 0.000 0.000
745.218 653.697 449.744 913.463 0.000 944.023 0.000 0.000
498.119 853.832 0.000 0.000 737.432 0.000 728.329 0.000
679.468 650.322 468.351 0.000 0.000 0.000 0.000 732.831
0.000 473.647 378.730 802.906 0.000 588.318 0.000 303.730
0.000 0.000 0.000 990.975 0.000 542.440 502.505 0.000
352.439 915.862 354.753 0.000 0.000 791.149 368.527 0.000
441.639 0.000 0.000 0.000 713.902 0.000 888.135 0.000
670.221 0.000 0.000 991.278 0.000 775.137 0.000 490.816
0.000 0.000 0.000 983.599 479.129 0.000 309.554 0.000
0.000 917.064 0.000 971.534 777.285 330.092 645.334 0.000
