0.000 798.871 0.000 0.000 538.415 512.542 716.251 540.666
0.000 322.082 361.015 315.815 825.039 0.000 0.000 0.000
0.000 0.000 795.063 442.989 0.000 0.000 998.657 0.000
0.000 0.000 0.000 421.676 0.000 0.000 433.990 878.253
0.000 0.000 0.000 0.000 595.181 0.000 0.000 0.000
391.773 0.000 320.101 751.933 0.000 0.000 568.232 0.000
498.183 907.784 787.985 0.000 0.000 0.000 388.853 323.246
0.000 0.000 0.000 0.000 0.000 0.000 911.162 882.746
846.860 931.456 0.000 0.000 0.000 0.000 685.167 0.000
0.000 508.739 0.000 925.125 0.000 0.000 967.629 0.000
0.000 0.000 471.576 745.997 436.422 580.659 645.853 0.000
0.000 0.000 0.000 529.437 0.000 818.068 0.000 0.000
0.000 0.000 494.631 497.146 543.880 348.243 0.000 840.130
0.000 732.102 792.893 0.000 636.811 0.000 0.000 0.000
833.749 997.667 0.000 706.980 911.148 742.542 0.000 0.000
353.871 798.795 818.059 809.464 944.158 846.370 536.625 301.403
513.274 495.131 423.793 585.972 0.000 907.487 508.445 451.253
580.090 0.000 0.000 506.373 0.000 549.382 848.718 0.000
0.000 0.000 0.000 780.821 303.870 0.000 0.000 0.000
0.000 799.938 969.867 823.251 0.000 657.834 638.123 882.455
0.000 0.000 948.930 768.227 0.000 0.000 0.000 836.417
0.000 0.000 347.114 611.012 0.000 362.695 386.947 682.497
0.000 728.312 634.590 957.842 0.000 0.000 0.000 756.271
509.081 0.000 924.697 419.244 0.000 846.890 315.409 810.658
0.000 0.000 892.081 0.000 955.251 0.000 0.000 0.000
0.000 0.000 786.918 0.000 0.000 600.328 527.676 833.168
0.000 0.000 0.000 0.000 972.264 0.000 0.000 0.000
0.000 427.829 0.000 378.348 0.000 482.673 0.000 574.382
0.000 0.000 333.468 734.207 0.000 861.233 994.381 0.000
0.000 478.680 0.000 0.000 632.334 612.089 0.000 0.000
0.000 0.000 363.334 0.000 889.186 425.939 726.271 0.000
460.420 0.000 0.000 0.000 616.221 0.000 0.000 0.000
0.000 836.862 776.390 0.000 0.000 0.000 0.000 490.357
0.000 698.000 0.000 0.000 0.000 797.401 978.179 0.000
0.000 549.831 0.000 0.000 0.000 767.015 0.000 0.000
968.980 0.000 0.000 0.000 819.961 742.463 0.000 403.574
0.000 898.894 0.000 942.461 0.000 0.000 927.458 0.000
776.787 0.000 0.000 0.000 0.000 0.000 0.000 0.000
0.000 0.000 0.000 925.052 577.919 0.000 924.057 817.972
913.839 825.014 747.422 358.616 541.167 0.000 488.106 0.000
965.090 715.408 842.888 444.908 0.000 0.000 0.000 859.811
0.000 0.000 890.067 0.000 811.628 0.000 0.000 382.419
0.000 0.000 877.836 472.170 0.000 600.912 0.000 654.032
567.136 709.067 0.000 0.000 308.798 0.000 896.021 0.000
452.570 802.538 329.030 0.000 911.519 0.000 537.063 389.715
685.141 580.030 939.221 512.534 854.127 0.000 0.000 404.565
0.000 0.000 0.000 0.000 569.177 406.279 392.378 929.347
0.000 447.283 707.584 0.000 308.163 0.000 595.358 858.061
992.794 0.000 0.000 0.000 0.000 636.594 0.000 922.506
457.855 613.596 0.000 0.000 0.000 0.000 0.000 0.000
0.000 0.000 0.000 917.870 0.000 0.000 0.000 0.000
410.662 590.862 879.082 0.000 0.000 0.000 584.246 961.576
530.231 0.000 0.000 691.032 888.094 476.491 936.172 0.000
0.000 380.461 629.723 0.000 0.000 747.411 782.191 0.000
0.000 851.424 680.673 0.000 722.207 579.961 808.024 730.095
942.365 867.272 0.000 0.000 588.056 536.155 0.000 0.000
779.135 0.000 0.000 669.830 0.000 0.000 892.183 453.356
0.000 922.417 0.000 496.238 850.645 348.606 0.000 0.000
0.000 0.000 0.000 0.000 0.000 0.000 633.880 484.040
0.000 0.000 0.000 0.000 0.000 0.000 968.759 995.910
0.000 345.484 884.272 0.000 0.000 0.000 749.291 0.000
385.193 370.027 0.000 0.000 0.000 0.000 696.546 0.000
0.000 0.000 442.584 812.464 642.845 504.648 396.458 0.000
0.000 811.032 0.000 0.000 0.000 0.000 978.395 0.000
0.000 941.778 377.433 0.000 967.205 955.144 0.000 0.000
568.880 538.280 0.000 816.788 775.224 0.000 450.981 371.003
0.000 0.000 0.000 0.000 0.000 808.078 714.914 554.240
591.974 337.742 0.000 436.656 911.809 662.642 0.000 903.683
0.000 0.000 0.000 497.232 920.830 0.000 434.214 0.000
0.000 0.000 0.000 845.804 0.000 0.000 490.775 340.385
917.525 0.000 0.000 419.040 0.000 0.000 0.000 0.000
0.000 0.000 0.000 0.000 0.000 0.000 708.297 522.536
345.634 968.901 712.600 0.000 0.000 0.000 0.000 819.168
661.343 0.000 0.000 0.000 0.000 0.000 0.000 0.000
0.000 0.000 483.161 419.915 637.204 0.000 0.000 0.000
615.703 0.000 800.423 781.497 0.000 869.543 0.000 0.000
638.942 457.451 810.386 667.296 857.110 0.000 0.000 0.000
0.000 0.000 0.000 443.631 391.903 0.000 0.000 0.000
794.996 0.000 339.126 0.000 0.000 793.618 0.000 0.000
0.000 989.781 876.410 389.659 0.000 794.253 0.000 0.000
680.647 0.000 0.000 534.749 397.253 0.000 0.000 0.000
517.194 0.000 789.428 557.433 335.688 0.000 449.250 352.309
0.000 703.782 555.125 371.573 0.000 488.907 0.000 0.000
0.000 0.000 747.086 890.635 401.146 0.000 867.646 549.412
621.813 975.110 492.633 0.000 0.000 0.000 0.000 743.155
0.000 817.621 490.331 0.000 0.000 958.398 0.000 0.000
665.563 845.888 0.000 859.959 0.000 865.320 412.008 0.000
0.000 691.616 575.801 603.598 0.000 0.000 0.000 0.000
380.030 538.271 473.532 0.000 736.496 909.882 0.000 390.949
843.621 710.695 499.246 0.000 0.000 898.407 328.913 0.000
0.000 686.846 0.000 487.928 852.334 0.000 306.694 0.000
0.000 393.884 0.000 0.000 0.000 720.452 0.000 0.000
0.000 0.000 0.000 0.000 948.742 675.181 392.652 766.813
0.000 0.000 0.000 0.000 354.426 0.000 0.000 629.584
0.000 436.061 0.000 842.751 855.591 802.910 0.000 0.000
0.000 0.000 798.794 0.000 0.000 0.000 907.088 0.000
0.000 322.873 980.076 0.000 0.000 592.405 995.199 651.834
0.000 0.000 0.000 0.000 557.274 0.000 349.169 0.000
378.323 0.000 944.123 534.766 0.000 686.910 0.000 0.000
0.000 804.945 920.709 0.000 749.835 0.000 0.000 0.000
416.241 872.317 431.519 0.000 530.220 992.833 0.000 0.000
733.943 561.646 390.530 303.246 0.000 577.619 455.640 439.166
0.000 0.000 0.000 0.000 0.000 642.172 641.245 541.252
0.000 0.000 496.029 335.032 550.256 0.000 740.820 0.000
0.000 911.193 0.000 353.856 874.808 639.322 0.000 513.193
0.000 589.936 948.368 0.000 0.000 918.055 821.676 520.974
652.058 0.000 974.997 667.835 0.000 0.000 673.959 0.000
684.097 0.000 978.107 0.000 885.923 359.634 0.000 301.750
624.855 586.561 419.944 972.019 729.435 479.520 822.915 394.759
809.375 822.119 0.000 577.705 0.000 530.803 628.947 390.973
590.318 325.947 351.256 0.000 819.826 0.000 345.642 0.000
854.532 0.000 751.255 774.280 481.309 0.000 0.000 755.427
0.000 342.315 0.000 618.388 0.000 0.000 664.679 793.482
0.000 326.346 547.139 0.000 0.000 0.000 0.000 422.270
0.000 0.000 0.000 490.187 0.000 948.821 0.000 360.576
0.000 936.512 890.274 0.000 0.000 339.177 0.000 420.312
0.000 0.000 0.000 0.000 850.127 0.000 0.000 524.368
0.000 580.758 986.638 0.000 0.000 0.000 0.000 471.519
0.000 0.000 875.562 0.000 0.000 562.121 0.000 0.000
0.000 471.690 0.000 789.400 0.000 464.449 0.000 0.000
807.551 794.050 436.498 582.467 0.000 314.718 987.896 918.723
0.000 304.924 0.000 0.000 908.921 450.249 821.142 463.830
591.318 0.000 0.000 0.000 482.322 638.420 0.000 812.545
360.789 0.000 0.000 946.153 0.000 579.134 0.000 567.854
720.803 0.000 589.624 0.000 691.839 0.000 562.265 0.000
326.175 0.000 0.000 411.548 358.404 0.000 386.638 0.000
755.354 852.921 0.000 579.064 0.000 0.000 333.411 916.158
438.672 516.572 605.566 682.016 0.000 0.000 999.275 719.466
506.117 899.079 0.000 0.000 601.005 813.368 0.000 0.000
0.000 0.000 0.000 0.000 510.355 0.000 801.604 713.270
0.000 775.829 0.000 857.042 0.000 0.000 0.000 0.000
0.000 0.000 927.626 0.000 722.426 867.644 846.462 764.445
0.000 785.338 0.000 337.639 0.000 641.534 0.000 823.187
736.745 0.000 0.000 0.000 0.000 0.000 858.803 0.000
306.784 909.518 0.000 0.000 579.876 0.000 329.102 0.000
0.000 748.779 0.000 0.000 0.000 862.207 0.000 0.000
0.000 0.000 0.000 0.000 633.893 810.381 0.000 501.178
0.000 825.031 368.359 0.000 0.000 614.524 0.000 530.365
945.994 435.690 386.678 0.000 0.000 0.000 0.000 610.375
0.000 0.000 765.685 374.424 779.236 720.402 744.502 765.627
0.000 562.470 917.146 0.000 0.000 934.207 483.332 797.059
644.858 0.000 0.000 972.411 969.788 740.736 0.000 634.607
0.000 745.561 0.000 584.449 0.000 0.000 0.000 411.742
337.956 688.316 501.682 773.153 0.000 446.429 0.000 682.870
395.832 784.072 992.432 0.000 398.528 787.193 636.565 0.000
0.000 0.000 0.000 595.673 800.503 790.748 863.849 0.000
0.000 644.840 0.000 523.869 0.000 0.000 0.000 667.390
968.309 0.000 0.000 0.000 0.000 306.148 781.809 635.478
0.000 488.044 698.452 0.000 0.000 837.013 793.232 0.000
548.088 859.797 348.319 0.000 446.632 906.356 671.041 0.000
0.000 445.338 356.940 0.000 0.000 0.000 880.452 687.430
309.438 0.000 691.040 0.000 496.880 737.522 750.169 319.189
0.000 0.000 0.000 589.386 0.000 967.490 0.000 0.000
0.000 0.000 0.000 0.000 606.991 352.287 455.137 702.679
0.000 362.024 672.218 303.487 513.322 0.000 814.950 571.024
0.000 0.000 0.000 0.000 0.000 0.000 0.000 474.549
0.000 591.410 0.000 0.000 0.000 0.000 491.116 412.696
0.000 802.443 0.000 0.000 844.796 750.842 0.000 636.462
0.000 980.553 529.346 384.837 889.583 661.413 842.583 399.936
856.639 973.317 0.000 0.000 512.841 0.000 900.385 0.000
0.000 0.000 0.000 943.813 768.058 0.000 356.175 565.642
343.060 0.000 632.778 0.000 0.000 629.079 0.000 560.389
0.000 0.000 0.000 344.746 0.000 0.000 764.377 827.458
0.000 811.087 657.689 987.584 0.000 820.889 0.000 0.000
701.617 0.000 417.257 0.000 0.000 714.703 902.798 0.000
0.000 0.000 0.000 484.993 0.000 324.764 0.000 337.586
0.000 842.870 0.000 0.000 0.000 899.470 304.611 869.469
976.533 593.393 0.000 499.183 346.322 0.000 0.000 0.000
580.003 375.662 476.602 933.154 372.969 0.000 434.915 888.046
732.001 0.000 371.184 0.000 824.435 0.000 368.625 580.466
706.334 0.000 0.000 0.000 875.817 555.567 875.050 394.170
0.000 0.000 0.000 0.000 0.000 0.000 554.660 0.000
427.852 469.976 0.000 440.912 0.000 0.000 0.000 865.953
689.102 719.443 397.537 916.179 756.883 799.576 662.710 635.128
0.000 869.272 0.000 0.000 0.000 0.000 673.612 0.000
724.559 792.526 831.627 521.486 676.369 541.490 364.829 663.397
0.000 0.000 0.000 0.000 771.863 0.000 0.000 677.235
0.000 930.820 546.551 955.051 0.000 387.945 0.000 312.974
0.000 681.336 0.000 0.000 812.735 0.000 777.121 0.000
649.399 575.679 0.000 967.062 0.000 0.000 0.000 677.748
0.000 518.502 0.000 0.000 305.027 0.000 570.083 414.956
421.179 0.000 336.216 0.000 0.000 0.000 445.450 0.000
0.000 0.000 0.000 0.000 0.000 601.664 360.218 0.000
459.562 0.000 938.214 0.000 718.857 0.000 592.763 724.739
0.000 606.639 405.737 762.772 0.000 0.000 0.000 623.913
0.000 0.000 393.639 424.891 846.004 0.000 0.000 0.000
0.000 0.000 519.808 694.841 0.000 0.000 610.501 485.735
0.000 0.000 0.000 606.451 903.069 330.175 0.000 884.120
0.000 370.690 809.778 532.627 0.000 689.150 0.000 0.000
593.071 633.949 566.251 0.000 0.000 0.000 412.108 0.000
0.000 603.102 0.000 0.000 621.107 632.934 0.000 667.071
0.000 0.000 0.000 0.000 465.985 513.909 876.599 0.000
0.000 0.000 0.000 0.000 728.509 501.146 0.000 0.000
0.000 0.000 546.028 0.000 0.000 0.000 0.000 0.000
785.600 0.000 0.000 348.626 607.955 695.533 0.000 0.000
342.857 0.000 0.000 805.576 703.622 861.264 895.818 492.347
807.650 0.000 649.655 561.658 0.000 472.354 947.990 0.000
0.000 509.368 651.274 744.881 990.482 851.953 0.000 0.000
0.000 511.990 548.089 305.284 998.652 0.000 648.660 510.049
619.337 648.106 334.844 0.000 909.536 319.229 617.003 0.000
0.000 945.525 0.000 557.153 395.395 669.563 513.358 645.570
707.424 448.026 757.175 601.794 520.546 0.000 0.000 788.711
577.215 379.730 369.479 344.428 363.921 0.000 728.454 832.433
0.000 0.000 508.528 0.000 0.000 421.194 972.347 0.000
678.629 642.072 0.000 510.751 911.101 0.000 0.000 0.000
931.229 0.000 0.000 0.000 0.000 326.296 0.000 580.372
908.641 620.666 0.000 0.000 736.249 0.000 357.481 0.000
610.827 0.000 0.000 0.000 496.412 0.000 910.455 0.000
0.000 0.000 0.000 0.000 0.000 490.356 0.000 463.022
719.495 752.460 490.682 675.906 0.000 832.000 0.000 699.892
0.000 0.000 0.000 310.394 853.882 460.563 0.000 0.000
0.000 0.000 0.000 371.209 0.000 0.000 0.000 860.362
971.884 0.000 761.520 0.000 0.000 438.815 537.412 0.000
0.000 0.000 993.394 670.888 0.000 0.000 0.000 755.801
998.891 0.000 929.418 807.171 746.087 371.633 713.949 349.020
396.726 406.662 326.094 804.645 509.567 827.570 657.824 964.602
833.281 0.000 0.000 615.711 0.000 0.000 0.000 637.178
0.000 683.244 0.000 488.680 620.857 0.000 0.000 921.344
0.000 917.561 0.000 0.000 0.000 0.000 834.963 0.000
0.000 0.000 765.482 901.587 660.872 0.000 0.000 740.413
0.000 0.000 509.635 984.785 788.732 532.915 0.000 0.000
0.000 743.534 804.214 527.778 868.458 0.000 0.000 950.426
0.000 0.000 0.000 0.000 0.000 739.034 562.792 0.000
652.910 808.753 703.801 662.005 687.789 302.293 0.000 473.886
840.472 0.000 0.000 0.000 0.000 0.000 382.586 0.000
0.000 405.610 0.000 301.123 0.000 0.000 0.000 692.831
648.492 0.000 0.000 453.884 0.000 354.562 0.000 0.000
0.000 461.760 980.007 990.224 401.152 453.299 752.997 660.531
441.689 0.000 628.691 478.929 0.000 0.000 0.000 802.129
868.205 420.334 0.000 0.000 0.000 342.665 0.000 566.038
685.028 764.570 0.000 0.000 0.000 0.000 711.932 756.129
0.000 382.132 390.019 0.000 0.000 0.000 0.000 0.000
0.000 683.812 344.835 0.000 0.000 766.385 0.000 0.000
631.929 0.000 0.000 972.006 0.000 855.134 384.183 831.243
337.039 434.038 0.000 638.799 957.083 0.000 914.892 945.219
0.000 813.549 372.157 807.132 655.663 0.000 533.582 0.000
742.643 0.000 0.000 0.000 903.556 0.000 0.000 0.000
918.806 800.390 0.000 0.000 0.000 0.000 509.088 0.000
568.062 0.000 0.000 0.000 842.188 518.878 697.682 0.000
703.930 0.000 404.737 0.000 660.483 0.000 0.000 980.216
0.000 653.240 305.459 827.136 0.000 301.063 412.460 335.787
0.000 754.117 394.144 968.041 431.274 525.133 792.618 553.724
824.296 336.060 0.000 0.000 0.000 998.606 358.175 0.000
0.000 0.000 623.036 319.492 0.000 0.000 685.252 704.964
0.000 382.272 720.201 0.000 0.000 320.091 930.556 520.605
515.378 802.257 883.049 941.201 427.964 830.877 0.000 0.000
702.104 0.000 386.025 0.000 0.000 459.558 724.318 0.000
0.000 505.349 0.000 0.000 793.910 759.991 318.509 402.119
949.449 0.000 0.000 0.000 770.086 974.260 999.648 0.000
0.000 0.000 0.000 0.000 0.000 985.892 303.001 940.373
0.000 0.000 416.923 0.000 313.545 831.801 0.000 642.792
556.336 0.000 0.000 763.079 0.000 465.337 802.982 901.406
0.000 305.468 841.153 0.000 0.000 0.000 0.000 0.000
0.000 0.000 467.733 588.877 0.000 0.000 0.000 0.000
671.698 417.975 0.000 744.283 0.000 0.000 924.757 397.500
567.061 0.000 586.324 0.000 996.534 0.000 0.000 445.854
0.000 0.000 571.463 652.558 882.829 908.191 0.000 924.973
0.000 552.011 678.082 549.586 0.000 0.000 0.000 446.889
955.529 435.829 966.672 966.841 620.268 863.731 0.000 0.000
0.000 0.000 0.000 0.000 592.566 883.001 722.274 0.000
0.000 894.620 0.000 547.999 0.000 755.020 583.011 0.000
385.601 0.000 385.817 565.195 479.300 0.000 0.000 864.208
0.000 0.000 0.000 738.200 0.000 0.000 0.000 639.039
511.099 319.187 0.000 732.980 701.259 0.000 538.008 407.725
0.000 387.385 0.000 902.525 0.000 0.000 0.000 0.000
0.000 349.736 0.000 0.000 510.358 0.000 714.239 335.555
0.000 561.202 0.000 439.443 863.695 0.000 637.875 942.674
470.598 0.000 0.000 324.357 0.000 525.233 0.000 0.000
831.760 490.756 0.000 0.000 0.000 0.000 0.000 0.000
0.000 759.429 885.016 0.000 314.254 0.000 0.000 972.884
0.000 991.370 441.621 332.812 0.000 620.907 0.000 0.000
864.439 0.000 0.000 669.559 319.935 370.209 908.048 650.674
0.000 0.000 389.859 815.274 650.014 0.000 369.512 0.000
420.629 0.000 0.000 593.625 686.506 866.499 0.000 346.549
743.015 949.851 0.000 0.000 0.000 0.000 0.000 511.484
0.000 430.616 0.000 0.000 679.337 0.000 394.779 407.434
352.752 345.854 377.677 0.000 0.000 0.000 0.000 551.455
0.000 589.480 403.568 0.000 0.000 0.000 478.591 0.000
603.960 0.000 549.100 723.652 0.000 321.514 0.000 0.000
421.576 0.000 679.498 386.319 552.143 778.944 518.212 388.480
874.994 353.898 0.000 390.569 0.000 359.173 814.737 506.958
924.841 829.252 0.000 0.000 0.000 789.406 0.000 407.931
797.485 0.000 427.742 739.958 0.000 0.000 709.429 0.000
939.243 0.000 776.010 0.000 932.588 310.351 0.000 0.000
0.000 0.000 409.330 0.000 0.000 318.807 606.194 406.576
0.000 0.000 0.000 0.000 328.795 0.000 0.000 0.000
0.000 395.894 0.000 906.200 838.725 594.217 751.937 0.000
0.000 0.000 0.000 384.925 999.312 841.304 592.613 0.000
830.524 0.000 554.310 633.564 0.000 0.000 967.919 824.267
539.751 0.000 614.087 889.725 465.230 0.000 840.222 981.539
0.000 436.358 0.000 389.906 0.000 767.588 608.728 0.000
0.000 781.795 0.000 0.000 300.347 0.000 0.000 0.000
883.610 0.000 0.000 0.000 384.349 914.936 0.000 488.338
0.000 0.000 682.954 0.000 548.975 935.257 406.546 0.000
0.000 984.986 0.000 374.128 0.000 673.864 750.286 0.000
0.000 0.000 0.000 0.000 868.357 0.000 818.068 319.584
306.954 0.000 909.190 586.711 891.012 0.000 942.681 0.000
0.000 698.168 401.666 375.723 336.333 727.366 0.000 0.000
0.000 0.000 0.000 340.169 753.272 0.000 0.000 0.000
545.241 690.893 0.000 875.437 0.000 662.754 876.573 0.000
0.000 0.000 0.000 0.000 783.703 940.497 331.315 0.000
566.532 0.000 686.438 0.000 630.336 582.825 451.899 313.449
0.000 572.575 0.000 0.000 0.000 622.368 0.000 0.000
0.000 489.422 0.000 0.000 0.000 323.435 0.000 0.000
963.879 912.944 635.325 311.375 507.798 0.000 0.000 614.696
674.194 577.289 640.255 0.000 931.545 0.000 899.450 0.000
0.000 0.000 0.000 0.000 0.000 417.879 653.451 395.134
0.000 0.000 0.000 559.831 328.494 0.000 0.000 490.206
0.000 494.376 571.903 0.000 0.000 449.453 560.715 0.000
0.000 994.264 732.745 0.000 574.772 352.441 987.322 0.000
485.783 0.000 0.000 331.677 684.042 0.000 0.000 727.849
0.000 0.000 720.445 323.999 575.985 836.693 0.000 656.717
0.000 0.000 0.000 998.269 0.000 0.000 495.137 444.664
459.025 0.000 894.672 0.000 515.083 588.133 562.116 0.000
555.243 0.000 0.000 0.000 0.000 523.090 0.000 0.000
0.000 641.559 461.271 684.030 386.531 323.357 863.761 842.605
561.795 603.710 656.247 0.000 0.000 0.000 0.000 437.987
0.000 371.841 0.000 723.410 825.975 396.229 0.000 394.411
329.910 0.000 0.000 0.000 913.441 0.000 441.540 714.382
0.000 0.000 0.000 993.139 0.000 322.015 0.000 0.000
688.197 424.036 595.530 472.925 0.000 0.000 654.917 446.060
960.451 0.000 0.000 0.000 509.383 641.257 592.943 0.000
0.000 0.000 949.150 810.925 0.000 542.111 311.999 729.725
0.000 0.000 0.000 0.000 395.949 929.108 907.277 0.000
0.000 0.000 928.539 572.403 0.000 756.218 594.498 0.000
0.000 837.405 0.000 559.335 0.000 625.870 0.000 0.000
705.037 0.000 947.427 404.593 0.000 0.000 0.000 0.000
0.000 0.000 536.971 0.000 900.609 497.535 0.000 0.000
525.686 705.135 418.212 457.785 750.044 634.158 0.000 0.000
0.000 681.411 439.419 0.000 403.919 768.324 0.000 0.000
0.000 0.000 848.396 684.635 463.701 840.458 0.000 958.713
0.000 0.000 0.000 357.674 657.686 0.000 420.511 0.000
944.655 0.000 0.000 0.000 485.895 0.000 0.000 0.000
878.709 0.000 0.000 759.479 0.000 413.338 0.000 0.000
0.000 0.000 604.350 0.000 0.000 0.000 0.000 0.000
0.000 955.869 583.470 0.000 880.651 835.617 651.059 0.000
514.085 0.000 467.208 881.031 563.737 0.000 603.149 691.901
629.232 0.000 0.000 0.000 0.000 0.000 0.000 0.000
0.000 0.000 906.626 592.372 611.241 0.000 854.458 0.000
0.000 0.000 663.317 0.000 0.000 315.956 846.718 0.000
743.762 973.630 0.000 363.282 644.854 552.793 950.458 398.799
0.000 982.002 658.596 911.485 384.676 962.892 0.000 0.000
455.160 0.000 868.045 319.505 0.000 0.000 559.379 915.908
0.000 995.495 0.000 920.219 449.098 0.000 491.157 387.155
0.000 700.821 648.900 0.000 700.277 0.000 668.690 0.000
359.358 412.389 0.000 0.000 0.000 0.000 0.000 308.733
0.000 747.311 0.000 950.461 540.906 0.000 347.697 436.114
0.000 738.190 391.877 517.994 0.000 0.000 0.000 919.184
672.495 0.000 616.032 829.911 0.000 621.625 705.449 0.000
0.000 0.000 0.000 844.604 0.000 0.000 450.830 377.703
441.945 0.000 454.400 0.000 0.000 0.000 591.528 590.030
0.000 923.844 0.000 0.000 0.000 579.493 856.516 0.000
487.069 0.000 0.000 734.160 899.006 0.000 0.000 907.130
0.000 413.722 0.000 837.467 314.157 0.000 0.000 848.240
492.490 0.000 0.000 0.000 0.000 841.094 0.000 0.000
420.486 741.691 507.266 814.979 954.849 677.600 690.832 950.360
922.874 0.000 0.000 0.000 0.000 0.000 0.000 723.012
580.043 0.000 420.881 0.000 338.767 0.000 0.000 0.000
0.000 0.000 0.000 0.000 0.000 818.795 0.000 643.954
589.751 0.000 0.000 0.000 0.000 0.000 840.067 0.000
0.000 0.000 0.000 0.000 0.000 655.871 0.000 0.000
731.401 614.620 452.736 0.000 0.000 924.186 0.000 879.479
0.000 678.532 502.118 838.587 411.830 0.000 488.465 768.481
0.000 0.000 508.686 526.621 707.822 380.642 0.000 0.000
340.834 0.000 0.000 0.000 980.947 304.221 0.000 0.000
858.172 714.160 0.000 679.915 0.000 0.000 0.000 0.000
0.000 0.000 910.735 0.000 0.000 732.828 936.669 764.607
0.000 614.209 0.000 338.463 992.484 0.000 0.000 0.000
994.474 0.000 0.000 876.063 0.000 300.330 0.000 0.000
520.453 350.871 642.217 0.000 0.000 0.000 0.000 686.118
0.000 0.000 751.362 804.366 0.000 573.959 0.000 0.000
0.000 0.000 0.000 396.703 377.700 363.813 700.636 0.000
308.130 965.246 0.000 613.604 943.719 772.028 0.000 989.338
348.553 361.509 734.973 0.000 513.479 0.000 0.000 0.000
0.000 594.696 348.586 644.942 419.518 415.476 0.000 0.000
0.000 0.000 480.968 0.000 0.000 685.059 815.381 308.622
0.000 541.404 946.396 0.000 0.000 854.854 590.394 0.000
0.000 0.000 0.000 0.000 411.167 0.000 418.011 602.702
860.826 962.319 0.000 952.531 0.000 0.000 776.028 729.490
320.406 0.000 0.000 626.596 526.198 718.029 572.688 0.000
638.678 524.683 833.747 989.564 0.000 0.000 482.802 0.000
0.000 546.533 524.451 867.556 0.000 0.000 786.427 381.094
763.377 981.122 864.618 723.031 0.000 0.000 0.000 0.000
0.000 0.000 0.000 503.475 796.739 0.000 471.343 552.974
388.547 0.000 934.371 466.411 0.000 936.787 0.000 945.811
913.963 586.617 0.000 309.731 0.000 0.000 0.000 574.152
499.683 0.000 0.000 982.491 0.000 0.000 0.000 0.000
496.513 0.000 0.000 416.932 406.232 0.000 0.000 0.000
0.000 0.000 805.283 506.175 833.707 346.335 0.000 0.000
837.391 0.000 394.745 0.000 770.592 640.153 727.995 433.090
490.024 0.000 623.284 734.270 374.998 983.686 884.237 895.680
0.000 0.000 649.245 313.781 0.000 395.158 0.000 0.000
813.762 0.000 504.969 729.949 0.000 0.000 673.741 0.000
0.000 544.306 0.000 0.000 487.532 0.000 0.000 571.956
848.109 363.969 784.159 0.000 0.000 0.000 549.860 0.000
686.337 901.370 0.000 0.000 0.000 975.871 0.000 0.000
307.925 560.021 0.000 0.000 723.144 509.856 0.000 737.622
0.000 365.782 0.000 993.566 0.000 566.313 332.895 0.000
719.784 0.000 568.983 779.154 0.000 0.000 667.996 0.000
416.362 0.000 403.664 913.886 478.590 0.000 783.548 574.296
435.965 734.439 605.016 0.000 429.539 0.000 0.000 0.000
0.000 626.598 448.866 673.702 0.000 446.433 0.000 802.374
380.263 0.000 649.905 0.000 0.000 0.000 997.289 0.000
369.708 534.014 0.000 926.915 616.451 407.067 967.202 356.210
804.022 981.980 0.000 0.000 0.000 0.000 0.000 0.000
305.493 314.367 617.907 952.222 0.000 0.000 0.000 503.733
680.385 0.000 0.000 0.000 764.019 670.914 719.840 557.508
772.578 0.000 304.609 352.654 0.000 0.000 737.915 850.353
0.000 599.925 898.266 0.000 711.289 694.604 595.853 0.000
799.701 669.435 0.000 0.000 0.000 0.000 0.000 0.000
0.000 379.208 653.014 0.000 615.148 824.706 0.000 596.407
841.109 768.988 681.617 831.512 931.104 994.857 0.000 0.000
0.000 978.185 487.901 0.000 401.895 0.000 0.000 335.766
0.000 671.359 900.865 0.000 0.000 0.000 0.000 0.000
834.016 0.000 0.000 0.000 326.991 378.279 419.539 949.760
0.000 0.000 0.000 387.682 605.430 400.093 740.606 0.000
0.000 757.148 0.000 0.000 619.519 455.206 315.255 0.000
733.049 558.947 777.171 0.000 777.070 498.136 0.000 0.000
0.000 484.440 481.990 485.038 0.000 888.291 937.148 794.521
310.297 447.481 962.871 445.416 672.227 429.675 0.000 0.000
0.000 0.000 0.000 0.000 690.025 565.252 958.229 531.268
312.158 0.000 0.000 0.000 0.000 0.000 363.080 339.847
556.669 976.285 0.000 461.913 401.340 0.000 435.246 0.000
0.000 0.000 0.000 0.000 0.000 307.645 724.639 534.452
0.000 495.828 384.052 0.000 599.195 0.000 0.000 365.720
0.000 0.000 0.000 596.723 589.357 0.000 0.000 0.000
931.531 0.000 0.000 635.780 643.902 0.000 0.000 0.000
0.000 815.732 0.000 0.000 0.000 0.000 452.881 0.000
329.783 0.000 321.069 0.000 0.000 467.101 623.011 0.000
0.000 590.313 0.000 0.000 0.000 696.447 0.000 315.138
0.000 0.000 389.775 0.000 0.000 0.000 468.687 0.000
0.000 303.261 778.205 523.004 0.000 642.113 879.743 308.513
421.991 0.000 0.000 334.171 0.000 0.000 0.000 334.895
376.269 740.041 904.504 0.000 560.056 439.931 0.000 531.011
350.648 0.000 915.446 0.000 0.000 0.000 927.369 695.003
730.974 515.616 943.875 0.000 0.000 526.583 705.784 0.000
0.000 892.649 0.000 0.000 562.618 319.824 0.000 0.000
998.331 0.000 319.126 382.689 668.084 0.000 0.000 756.377
0.000 0.000 734.625 0.000 494.488 737.089 617.797 395.764
0.000 0.000 720.155 0.000 602.055 0.000 0.000 0.000
313.353 904.991 721.519 0.000 0.000 0.000 555.338 978.051
797.225 0.000 0.000 0.000 584.068 313.956 0.000 965.619
776.174 991.498 0.000 405.167 634.589 833.785 597.352 787.807
0.000 817.657 0.000 717.615 0.000 778.022 0.000 719.532
914.375 754.298 0.000 910.095 0.000 844.611 0.000 0.000
357.778 567.878 560.158 801.937 930.237 0.000 0.000 714.208
0.000 0.000 0.000 0.000 0.000 722.333 0.000 0.000
0.000 578.599 0.000 414.027 411.602 0.000 0.000 535.878
0.000 0.000 0.000 0.000 812.706 0.000 0.000 0.000
0.000 868.531 686.436 0.000 0.000 589.257 754.669 0.000
0.000 615.137 688.703 382.473 908.293 512.389 772.776 328.027
0.000 712.143 0.000 0.000 883.023 0.000 0.000 0.000
0.000 503.510 0.000 0.000 0.000 0.000 578.318 0.000
0.000 758.737 0.000 0.000 482.856 0.000 507.885 0.000
0.000 898.967 318.213 0.000 0.000 365.759 558.892 942.620
0.000 815.930 946.293 0.000 0.000 0.000 877.943 0.000
606.958 620.346 430.037 0.000 989.146 0.000 691.835 650.190
0.000 0.000 0.000 581.629 635.080 613.218 0.000 0.000
403.203 416.474 499.089 705.095 444.492 0.000 0.000 0.000
0.000 0.000 0.000 388.019 359.689 0.000 0.000 0.000
805.213 0.000 0.000 351.129 0.000 0.000 0.000 0.000
922.450 448.186 0.000 0.000 955.078 694.952 960.692 0.000
592.755 0.000 991.751 0.000 842.906 804.994 0.000 456.285
0.000 346.491 0.000 0.000 0.000 0.000 0.000 324.757
0.000 0.000 0.000 0.000 641.087 857.107 0.000 0.000
625.021 0.000 0.000 908.607 911.585 0.000 633.711 664.581
316.510 389.847 0.000 725.833 0.000 692.998 383.976 461.203
0.000 0.000 856.035 564.069 578.830 0.000 0.000 0.000
0.000 0.000 0.000 894.589 0.000 823.045 0.000 364.678
0.000 0.000 0.000 625.529 0.000 0.000 790.991 351.838
0.000 0.000 0.000 391.289 885.456 0.000 609.647 461.812
0.000 483.267 0.000 679.167 646.256 0.000 0.000 584.736
525.616 0.000 943.541 0.000 603.806 0.000 828.943 456.468
0.000 316.492 497.668 761.418 673.792 764.577 957.426 0.000
584.020 0.000 0.000 587.820 310.289 647.735 659.899 0.000
0.000 0.000 0.000 482.549 0.000 0.000 0.000 560.440
424.843 0.000 717.714 0.000 0.000 0.000 649.458 0.000
913.735 0.000 794.516 0.000 397.434 0.000 0.000 0.000
0.000 0.000 808.139 0.000 469.725 0.000 0.000 775.531
609.783 937.354 580.038 616.006 319.484 0.000 0.000 718.063
0.000 0.000 0.000 760.962 530.710 0.000 663.699 0.000
0.000 0.000 814.555 975.661 602.162 0.000 0.000 0.000
716.251 644.483 939.434 933.839 899.302 0.000 880.860 0.000
0.000 0.000 0.000 0.000 828.009 0.000 0.000 419.099
434.036 0.000 0.000 0.000 676.640 886.742 642.156 961.463
471.324 466.951 869.761 0.000 0.000 0.000 0.000 658.491
949.542 0.000 0.000 0.000 688.963 667.926 301.511 0.000
443.199 0.000 871.124 0.000 904.402 955.215 302.443 0.000
991.001 497.414 0.000 956.363 557.155 0.000 0.000 305.131
0.000 0.000 0.000 783.983 615.924 808.311 0.000 0.000
0.000 314.252 688.217 0.000 0.000 579.314 944.928 604.857
876.154 0.000 0.000 0.000 650.733 792.038 496.174 931.394
0.000 0.000 0.000 0.000 552.369 0.000 893.286 0.000
0.000 0.000 969.527 0.000 0.000 0.000 352.168 531.277
0.000 605.893 596.554 0.000 0.000 0.000 621.412 858.851
652.885 825.904 335.876 0.000 0.000 0.000 815.598 934.858
0.000 0.000 0.000 0.000 0.000 561.706 0.000 419.230
0.000 447.651 431.037 915.747 629.305 0.000 0.000 417.587
793.069 0.000 0.000 0.000 870.032 476.678 475.156 930.880
808.801 652.760 0.000 798.494 792.396 0.000 0.000 0.000
