0.000 0.000 0.000 0.000 0.000 0.000 0.000 90.767
0.000 0.000 0.000 0.000 0.000 0.000 0.000 0.000
0.000 0.000 0.000 0.000 0.000 0.000 0.000 460.178
0.000 0.000 0.000 0.000 0.000 0.000 0.000 460.178
0.000 0.000 0.000 0.000 0.000 0.000 0.000 0.000
0.000 507.651 0.000 0.000 332.675 0.000 0.000 0.000
0.000 507.651 0.000 0.000 332.675 524.368 0.000 0.000
0.000 0.000 0.000 0.000 0.000 524.368 0.000 0.000
0.000 606.317 0.000 0.000 0.000 0.000 112.449 0.000
202.670 606.317 0.000 0.000 0.000 610.052 365.119 0.000
608.010 0.000 0.000 0.000 0.000 610.052 567.744 78.978
810.680 0.000 0.000 0.000 0.000 0.000 567.744 269.649
608.010 0.000 0.000 0.000 0.000 162.887 365.119 460.320
202.670 0.000 0.000 0.000 0.000 488.661 112.449 539.298
0.000 0.000 77.344 0.000 0.000 651.548 0.000 460.320
0.000 0.000 264.069 0.000 0.000 488.661 48.097 269.649
0.000 0.000 450.793 85.420 0.000 162.887 164.212 78.978
0.000 0.000 528.137 291.643 0.000 0.000 280.327 0.000
0.000 0.000 450.793 497.865 0.000 0.000 328.424 0.000
0.000 0.000 264.069 583.286 0.000 0.000 280.327 0.000
0.000 0.000 77.344 497.865 0.000 0.000 164.212 0.000
0.000 0.000 0.000 291.643 651.001 0.000 48.097 0.000
0.000 0.000 0.000 85.420 651.001 0.000 0.000 0.000
0.000 0.000 0.000 0.000 0.000 0.000 309.862 0.000
0.000 0.000 0.000 0.000 0.000 0.000 811.230 120.256
