239.199 885.956 0.000 0.000 0.000 0.000 0.000 508.837
0.000 338.405 0.000 0.000 0.000 0.000 0.000 156.711
135.969 0.000 0.000 0.000 0.000 0.000 0.000 0.000
464.227 0.000 0.000 0.000 0.000 421.009 162.468 0.000
792.485 0.000 0.000 0.000 0.000 421.009 425.347 0.000
928.454 0.000 0.000 0.000 0.000 0.000 425.347 0.000
792.485 0.000 205.388 167.251 0.000 0.000 162.468 0.000
464.227 0.000 616.163 501.754 0.000 0.000 0.000 0.000
135.969 173.253 821.550 669.005 0.000 0.000 0.000 0.000
0.000 346.506 616.163 501.754 0.000 0.000 0.000 0.000
291.984 173.253 205.388 167.251 0.000 0.000 0.000 157.340
764.425 0.000 0.000 0.000 0.000 0.000 0.000 314.681
764.425 0.000 184.237 361.207 0.000 0.000 0.000 157.340
291.984 0.000 552.711 361.207 0.000 0.000 123.431 0.000
0.000 0.000 736.948 0.000 0.000 0.000 370.294 111.632
209.366 0.000 552.711 0.000 0.000 0.000 493.725 362.465
628.097 0.000 184.237 0.000 0.000 0.000 370.294 563.618
837.463 0.000 0.000 0.000 0.000 0.000 123.431 563.618
628.097 0.000 0.000 0.000 0.000 0.000 0.000 362.465
209.366 0.000 0.000 0.000 62.313 457.468 74.115 111.632
0.000 0.000 0.000 0.000 202.329 914.936 240.649 0.000
297.031 246.383 0.000 0.000 314.613 457.468 374.199 0.000
297.031 645.039 0.000 0.000 314.613 0.000 374.199 0.000
0.000 645.039 0.000 151.444 202.329 0.000 240.649 0.000
91.409 246.383 0.000 491.736 62.313 0.000 74.115 0.000
