0.000 0.000 0.000 0.000 493.188 0.000 0.000 277.003
0.000 0.000 0.000 0.000 0.000 0.000 187.635 725.204
0.000 0.000 0.000 0.000 0.000 0.000 562.904 725.204
0.000 0.000 0.000 0.000 0.000 0.000 750.539 277.003
0.000 0.000 177.669 0.000 0.000 153.719 562.904 0.000
106.680 0.000 533.008 0.000 0.000 499.122 187.635 181.741
364.227 0.000 710.678 0.000 261.421 776.114 0.000 545.224
621.775 0.000 533.008 0.000 261.421 776.114 718.145 726.965
728.454 0.000 177.669 0.000 0.000 499.122 718.145 545.224
621.775 0.000 0.000 0.000 211.561 153.719 0.000 181.741
364.227 0.000 140.805 0.000 423.122 0.000 77.560 0.000
106.680 0.000 480.739 0.000 211.561 0.000 264.805 0.000
0.000 430.741 820.673 0.000 0.000 0.000 452.051 0.000
87.955 430.741 961.478 0.000 0.000 0.000 529.611 0.000
263.865 0.000 820.673 0.000 0.000 0.000 452.051 0.000
351.819 0.000 480.739 0.000 0.000 560.745 264.805 0.000
263.865 0.000 140.805 0.000 0.000 560.745 77.560 0.000
87.955 0.000 0.000 0.000 0.000 0.000 0.000 0.000
0.000 0.000 165.202 0.000 0.000 134.355 0.000 0.000
0.000 0.000 536.407 193.177 0.000 436.248 0.000 0.000
0.000 0.000 834.090 579.530 110.627 678.347 0.000 0.000
0.000 0.000 834.090 772.707 377.705 678.347 0.000 0.000
0.000 0.000 536.407 579.530 644.782 436.248 0.000 0.000
0.000 0.000 165.202 193.177 755.409 134.355 367.218 0.000
0.000 0.000 0.000 0.000 644.782 0.000 734.436 90.290
