881.339 0.000 0.000 326.231 75.577 0.000 61.841 374.855
566.793 0.000 190.597 100.472 245.396 0.000 211.140 0.000
174.560 0.000 381.193 0.000 381.580 0.000 360.438 200.578
0.000 0.000 190.597 597.314 381.580 0.000 422.280 601.734
250.597 0.000 0.000 597.314 245.396 0.000 360.438 802.313
501.194 0.000 0.000 0.000 75.577 0.000 211.140 601.734
250.597 124.523 0.000 0.000 0.000 0.000 61.841 200.578
0.000 404.325 0.000 0.000 328.735 161.789 0.000 0.000
0.000 628.708 0.000 0.000 657.470 485.366 0.000 0.000
0.000 628.708 0.000 162.617 328.735 647.155 0.000 0.000
0.000 404.325 0.000 487.852 0.000 485.366 0.000 0.000
0.000 124.523 0.000 650.469 0.000 161.789 0.000 0.000
0.000 0.000 63.297 487.852 0.000 0.000 0.000 0.000
0.000 0.000 205.524 162.617 0.000 0.000 108.616 0.000
0.000 0.000 319.582 0.000 0.000 0.000 352.675 0.000
0.000 0.000 319.582 123.336 0.000 0.000 548.395 0.000
172.377 0.000 205.524 400.468 0.000 0.000 548.395 585.371
559.705 0.000 63.297 622.712 0.000 0.000 352.675 585.371
870.317 0.000 0.000 622.712 0.000 0.000 108.616 0.000
870.317 0.000 0.000 400.468 0.000 0.000 0.000 229.235
559.705 150.122 0.000 123.336 462.272 0.000 0.000 687.705
172.377 300.244 0.000 0.000 924.544 298.352 0.000 916.940
0.000 150.122 0.000 62.524 462.272 781.096 0.000 687.705
124.307 0.000 0.000 213.470 0.000 781.096 0.000 229.235
424.410 684.270 0.000 364.416 181.626 298.352 0.000 0.000
