0.000 0.000 575.425 0.000 0.000 0.000 0.000 0.000
111.997 0.000 191.808 0.000 0.000 0.000 705.716 0.000
382.381 0.000 0.000 0.000 0.000 0.000 705.716 0.000
652.766 0.000 0.000 0.000 0.000 0.000 0.000 0.000
764.763 0.000 0.000 0.000 0.000 96.682 157.193 0.000
652.766 0.000 0.000 0.000 0.000 330.093 510.404 0.000
382.381 0.000 0.000 0.000 0.000 563.503 793.656 0.000
111.997 0.000 0.000 0.000 0.000 660.185 793.656 0.000
0.000 249.870 0.000 0.000 0.000 563.503 510.404 0.000
0.000 654.169 406.220 0.000 0.000 330.093 157.193 0.000
0.000 654.169 812.440 89.593 0.000 96.682 0.000 0.000
0.000 249.870 406.220 305.889 0.000 0.000 52.202 0.000
0.000 0.000 0.000 522.184 0.000 157.227 178.230 171.220
0.000 80.026 0.000 611.777 364.333 510.514 304.257 555.948
0.000 240.079 0.000 522.184 728.665 793.828 356.459 864.475
0.000 320.105 0.000 305.889 364.333 793.828 304.257 864.475
0.000 240.079 0.000 89.593 0.000 510.514 178.230 555.948
52.235 80.026 0.000 0.000 162.387 157.227 52.202 171.220
178.340 0.000 0.000 50.309 487.160 0.000 0.000 0.000
304.445 0.000 0.000 171.766 649.547 0.000 123.649 0.000
356.680 0.000 0.000 293.224 487.160 0.000 401.485 0.000
304.445 0.000 0.000 343.533 162.387 0.000 624.292 0.000
178.340 0.000 0.000 293.224 0.000 0.000 624.292 0.000
52.235 167.689 0.000 171.766 185.813 0.000 401.485 0.000
0.000 544.483 0.000 50.309 603.331 167.965 123.649 0.000
