828.662 256.200 0.000 152.006 123.751 181.287 0.000 0.000
828.662 670.741 0.000 304.011 0.000 0.000 0.000 0.000
316.521 670.741 0.000 152.006 0.000 0.000 0.000 0.000
0.000 256.200 0.000 0.000 0.000 0.000 0.000 0.000
0.000 0.000 0.000 314.063 0.000 0.000 0.000 361.986
0.000 0.000 0.000 822.226 235.545 0.000 0.000 723.972
0.000 0.000 0.000 822.226 706.635 0.000 0.000 361.986
0.000 0.000 0.000 314.063 942.180 224.840 0.000 0.000
65.518 0.000 0.000 0.000 706.635 449.680 118.259 0.000
223.694 0.000 0.000 0.000 235.545 224.840 309.607 0.000
381.869 0.000 0.000 0.000 0.000 0.000 309.607 0.000
447.387 0.000 0.000 0.000 94.863 322.623 118.259 0.000
381.869 0.000 0.000 0.000 284.589 645.245 0.000 0.000
223.694 125.426 0.000 0.000 379.451 322.623 0.000 0.000
65.518 428.230 0.000 0.000 284.589 0.000 0.000 0.000
0.000 731.034 0.000 0.000 94.863 0.000 0.000 0.000
0.000 856.459 0.000 0.000 0.000 0.000 141.132 160.823
0.000 731.034 0.000 0.000 0.000 0.000 458.253 421.040
0.000 428.230 450.389 0.000 0.000 70.960 712.564 421.040
269.153 125.426 900.779 0.000 0.000 230.407 712.564 160.823
538.306 0.000 450.389 0.000 0.000 358.273 458.253 0.000
269.153 114.930 0.000 0.000 0.000 358.273 141.132 280.734
0.000 344.790 97.746 0.000 0.000 230.407 0.000 734.972
0.000 459.720 333.727 0.000 0.000 70.960 92.538 734.972
0.000 344.790 569.707 0.000 0.000 0.000 277.615 280.734
