0.000 0.000 457.115 491.149 0.000 401.659 0.000 350.091
0.000 0.000 0.000 838.444 0.000 117.643 131.368 597.643
0.000 0.000 0.000 982.298 0.000 0.000 394.104 700.182
0.000 0.000 0.000 838.444 0.000 0.000 525.471 597.643
0.000 0.000 0.000 491.149 0.000 0.000 394.104 350.091
0.000 0.000 0.000 143.854 0.000 0.000 131.368 102.539
0.000 0.000 0.000 0.000 499.961 0.000 0.000 0.000
0.000 0.000 0.000 358.386 499.961 0.000 0.000 0.000
0.000 0.000 0.000 716.772 0.000 0.000 0.000 0.000
0.000 0.000 0.000 358.386 680.472 287.936 0.000 0.000
0.000 70.741 694.269 0.000 680.472 575.871 0.000 0.000
0.000 229.694 694.269 0.000 0.000 287.936 0.000 0.000
0.000 357.164 0.000 0.000 0.000 0.000 0.000 0.000
0.000 357.164 107.791 0.000 0.000 0.000 0.000 0.000
0.000 229.694 368.021 0.000 0.000 0.000 736.684 221.868
0.000 70.741 628.251 0.000 0.000 0.000 736.684 580.857
0.000 0.000 736.042 0.000 465.213 0.000 0.000 580.857
0.000 0.000 628.251 0.000 465.213 0.000 0.000 221.868
0.000 0.000 368.021 93.386 0.000 0.000 0.000 0.000
0.000 0.000 107.791 303.222 0.000 281.875 0.000 0.000
0.000 0.000 0.000 471.497 0.000 281.875 0.000 0.000
0.000 0.000 171.439 471.497 0.000 0.000 0.000 0.000
0.000 0.000 448.834 303.222 0.000 0.000 0.000 0.000
0.000 0.000 448.834 93.386 0.000 0.000 0.000 0.000
0.000 0.000 171.439 0.000 0.000 0.000 0.000 514.204
