0.000 0.000 0.000 543.716 118.501 338.162 286.324 296.624
0.000 0.000 259.271 845.456 0.000 338.162 0.000 296.624
0.000 0.000 678.781 845.456 0.000 0.000 146.757 190.760
0.000 0.000 678.781 543.716 0.000 218.638 476.519 58.750
57.913 0.000 259.271 167.453 0.000 572.401 740.966 0.000
197.728 0.000 0.000 0.000 0.000 572.401 740.966 196.829
337.543 0.000 113.989 217.947 0.000 218.638 476.519 393.657
395.456 0.000 341.968 570.594 169.374 0.000 146.757 196.829
337.543 0.000 455.957 570.594 338.749 0.000 0.000 0.000
197.728 135.421 341.968 217.947 169.374 0.000 202.403 0.000
57.913 462.357 113.989 0.000 0.000 0.000 404.806 0.000
0.000 789.292 0.000 0.000 341.874 0.000 202.403 0.000
0.000 924.714 0.000 0.000 683.747 0.000 0.000 0.000
0.000 789.292 0.000 0.000 341.874 230.390 0.000 0.000
0.000 462.357 0.000 0.000 0.000 603.168 0.000 0.000
0.000 135.421 0.000 0.000 446.878 603.168 0.000 0.000
0.000 0.000 0.000 0.000 893.755 230.390 82.231 0.000
0.000 0.000 94.720 0.000 446.878 0.000 280.753 0.000
0.000 0.000 307.553 0.000 0.000 0.000 479.275 0.000
0.000 0.000 478.231 0.000 113.456 0.000 561.506 336.159
0.000 0.000 478.231 0.000 387.363 0.000 479.275 672.319
0.000 0.000 307.553 0.000 661.269 240.716 280.753 336.159
0.000 0.000 94.720 0.000 774.725 481.432 82.231 0.000
0.000 0.000 0.000 0.000 661.269 240.716 0.000 449.521
134.479 149.975 373.005 0.000 387.363 0.000 0.000 899.042
