0.000 0.000 0.000 0.000 575.037 845.520 521.727 0.000
254.303 208.872 0.000 0.000 431.278 990.588 521.727 0.000
508.605 626.616 0.000 0.000 143.759 845.520 335.525 0.000
254.303 835.488 141.351 0.000 0.000 495.294 103.334 0.000
0.000 626.616 482.604 616.454 125.894 145.068 0.000 0.000
208.632 208.872 823.856 616.454 377.682 0.000 664.293 0.000
625.895 0.000 965.207 0.000 503.576 0.000 664.293 0.000
834.527 0.000 823.856 0.000 377.682 0.000 0.000 0.000
625.895 0.000 482.604 0.000 125.894 0.000 0.000 0.000
208.632 0.000 141.351 0.000 0.000 0.000 0.000 0.000
0.000 0.000 0.000 0.000 0.000 0.000 0.000 0.000
324.029 0.000 414.735 0.000 0.000 0.000 0.000 0.000
324.029 0.000 829.469 0.000 0.000 0.000 0.000 0.000
0.000 0.000 414.735 549.439 0.000 0.000 0.000 0.000
338.981 0.000 0.000 549.439 0.000 0.000 0.000 0.000
887.464 0.000 336.794 0.000 0.000 0.000 0.000 0.000
887.464 0.000 881.739 0.000 0.000 0.000 0.000 0.000
338.981 0.000 881.739 0.000 120.664 0.000 0.000 0.000
0.000 0.000 336.794 0.000 411.971 0.000 0.000 76.254
108.226 0.000 0.000 0.000 703.279 0.000 0.000 260.347
351.408 0.000 0.000 0.000 823.942 0.000 0.000 444.441
546.424 0.000 0.000 0.000 703.279 0.000 0.000 520.694
546.424 0.000 0.000 0.000 411.971 197.360 449.519 444.441
351.408 0.000 0.000 0.000 120.664 394.720 899.037 260.347
108.226 0.000 0.000 0.000 0.000 197.360 449.519 76.254
