0.000 317.410 0.000 0.000 327.599 0.000 0.000 0.000
0.000 423.213 0.000 0.000 559.247 112.666 0.000 0.000
0.000 317.410 0.000 0.000 655.199 384.664 0.000 0.000
0.000 105.803 0.000 0.000 559.247 656.663 0.000 0.000
0.000 0.000 0.000 0.000 327.599 769.328 747.395 0.000
0.000 190.146 116.261 0.000 95.952 656.663 747.395 0.000
0.000 497.809 348.784 0.000 0.000 384.664 0.000 0.000
0.000 497.809 465.045 0.000 0.000 112.666 127.111 0.000
0.000 190.146 348.784 0.000 0.000 0.000 412.727 0.000
0.000 0.000 116.261 0.000 0.000 50.036 641.774 0.000
0.000 299.621 0.000 0.000 0.000 170.834 641.774 0.000
0.000 299.621 140.910 0.000 0.000 291.632 412.727 0.000
211.541 0.000 368.906 0.000 147.656 341.668 127.111 120.995
553.822 0.000 368.906 0.000 386.569 291.632 0.000 413.102
553.822 0.000 140.910 0.000 386.569 170.834 0.000 705.210
211.541 0.000 0.000 128.987 147.656 50.036 0.000 826.205
0.000 0.000 455.571 418.818 0.000 0.000 0.000 705.210
0.000 0.000 911.142 651.244 0.000 0.000 0.000 413.102
0.000 0.000 455.571 651.244 0.000 0.000 0.000 120.995
0.000 0.000 0.000 418.818 0.000 0.000 0.000 0.000
0.000 0.000 162.774 128.987 0.000 0.000 0.000 59.209
0.000 0.000 488.322 0.000 0.000 0.000 0.000 192.250
368.245 0.000 651.096 139.304 0.000 0.000 0.000 298.940
368.245 0.000 488.322 475.612 0.000 0.000 121.590 298.940
0.000 0.000 162.774 811.921 0.000 0.000 415.134 192.250
