0.000 0.000 588.497 0.000 0.000 202.350 343.074 0.000
0.000 0.000 196.166 0.000 0.000 607.050 0.000 721.099
0.000 171.732 0.000 0.000 134.757 809.400 0.000 721.099
0.000 449.601 676.299 0.000 437.553 607.050 0.000 0.000
453.042 449.601 676.299 0.000 680.377 202.350 0.000 0.000
906.084 171.732 0.000 0.000 680.377 0.000 0.000 0.000
453.042 0.000 0.000 0.000 437.553 0.000 0.000 0.000
0.000 147.940 0.000 0.000 134.757 0.000 0.000 0.000
153.481 480.357 0.000 0.000 0.000 0.000 0.000 0.000
498.348 746.935 0.000 0.000 134.898 0.000 0.000 52.730
774.911 746.935 0.000 0.000 460.571 0.000 346.517 180.033
774.911 480.357 0.000 0.000 786.244 0.000 693.034 307.335
498.348 147.940 0.000 0.000 921.142 0.000 346.517 360.066
153.481 0.000 0.000 115.586 786.244 0.000 0.000 307.335
0.000 393.712 0.000 302.609 460.571 156.649 84.857 180.033
275.738 787.424 0.000 302.609 134.898 313.298 275.529 52.730
721.890 393.712 0.000 115.586 0.000 156.649 428.437 0.000
721.890 0.000 0.000 0.000 122.559 0.000 428.437 431.283
275.738 0.000 0.000 218.676 397.948 450.049 275.529 431.283
0.000 0.000 0.000 437.352 618.792 450.049 84.857 0.000
81.014 0.000 227.703 218.676 618.792 0.000 0.000 0.000
243.042 0.000 596.135 0.000 397.948 115.272 0.000 0.000
324.056 0.000 596.135 489.029 122.559 374.287 0.000 0.000
243.042 0.000 227.703 489.029 0.000 582.000 0.000 0.000
81.014 0.000 0.000 0.000 715.833 582.000 0.000 139.262
