0.000 994.777 0.000 418.415 359.980 0.000 31.379 583.780
0.000 993.228 0.000 420.836 362.580 0.000 34.117 579.315
0.000 991.165 0.000 423.109 365.068 0.000 36.962 574.504
0.000 988.590 0.000 425.233 367.443 0.000 39.914 569.352
0.000 985.506 0.000 427.206 369.701 0.000 42.971 563.867
0.000 981.916 0.000 429.026 371.843 0.000 46.134 558.055
0.000 977.824 0.000 430.693 373.866 0.000 49.399 551.923
0.000 973.234 0.000 432.204 375.769 0.000 52.766 545.479
0.000 968.151 0.000 433.560 377.552 0.000 56.234 538.732
0.000 962.580 0.000 434.758 379.212 0.000 59.802 531.689
0.000 956.527 0.000 435.798 380.748 0.000 63.468 524.360
0.000 949.998 0.000 436.680 382.161 0.000 67.230 516.754
0.000 943.000 0.000 437.402 383.448 0.000 71.088 508.880
0.000 935.540 0.000 437.964 384.608 0.000 75.040 500.748
0.000 927.627 0.000 438.366 385.642 0.000 79.084 492.369
0.000 919.267 0.000 438.607 386.548 0.000 83.219 483.754
0.000 910.471 0.000 438.688 387.325 0.000 87.443 474.912
0.000 901.246 0.000 438.607 387.974 0.000 91.755 465.855
0.000 891.603 0.000 438.366 388.494 0.000 96.153 456.595
0.000 881.551 0.000 437.964 388.884 0.000 100.636 447.143
0.000 871.102 0.000 437.402 389.144 0.000 105.201 437.512
0.000 860.265 0.000 436.680 389.274 0.000 109.848 427.712
0.000 849.053 0.000 435.798 389.274 0.000 114.574 417.758
0.000 837.476 0.000 434.758 389.144 0.000 119.377 407.660
0.000 825.547 0.000 433.560 388.884 0.000 124.256 397.432
0.000 813.279 0.000 432.204 388.494 0.000 129.209 387.087
0.000 800.683 0.000 430.693 387.974 0.000 134.234 376.638
0.000 787.773 0.000 429.026 387.325 0.000 139.329 366.098
0.000 774.562 0.000 427.206 386.548 0.000 144.492 355.480
0.000 761.065 0.000 425.233 385.642 0.000 149.722 344.798
0.000 747.295 0.000 423.109 384.608 0.000 155.015 334.065
0.000 733.266 0.000 420.836 383.448 0.000 160.372 323.294
0.000 718.993 0.000 418.415 382.161 0.000 165.788 312.500
0.000 704.491 0.000 415.848 380.748 0.000 171.263 301.695
0.000 689.775 0.000 413.137 379.212 0.000 176.794 290.894
0.000 674.859 0.000 410.283 377.552 0.000 182.379 280.110
0.000 659.761 0.000 407.290 375.769 0.000 188.016 269.357
0.000 644.495 0.000 404.159 373.866 0.000 193.703 258.647
0.000 629.076 0.000 400.892 371.843 0.000 199.438 247.995
0.000 613.522 0.000 397.492 369.701 0.000 205.219 237.415
0.000 597.849 0.000 393.962 367.443 0.000 211.043 226.919
0.000 582.071 0.000 390.303 365.068 0.000 216.908 216.520
0.000 566.207 0.000 386.519 362.580 0.000 222.812 206.232
0.000 550.272 0.000 382.613 359.980 0.000 228.753 196.068
0.000 534.283 0.000 378.586 357.269 0.000 234.729 186.040
0.000 518.257 0.000 374.443 354.449 0.000 240.737 176.161
0.000 502.210 0.000 370.186 351.523 0.000 246.775 166.444
0.000 486.158 0.000 365.819 348.491 0.000 252.841 156.901
0.000 470.119 0.000 361.344 345.357 0.000 258.932 147.544
0.000 454.110 0.000 356.765 342.122 0.000 265.047 138.384
0.000 438.146 0.000 352.085 338.788 0.000 271.183 129.433
0.000 422.244 0.000 347.308 335.359 0.000 277.337 120.703
0.000 406.421 0.000 342.437 331.835 0.000 283.507 112.205
0.000 390.694 0.000 337.475 328.219 0.000 289.692 103.948
0.000 375.078 0.000 332.427 324.514 0.000 295.888 95.944
0.000 359.590 0.000 327.296 320.722 0.000 302.094 88.203
0.000 344.245 0.000 322.086 316.846 0.000 308.306 80.734
0.000 329.061 0.000 316.801 312.888 0.000 314.524 73.547
0.000 314.052 0.000 311.444 308.851 0.000 320.743 66.651
0.000 299.234 0.000 306.019 304.738 0.000 326.963 60.054
0.000 284.623 0.000 300.531 300.551 0.000 333.180 53.765
0.000 270.234 0.000 294.984 296.293 0.000 339.393 47.792
0.000 256.081 0.000 289.381 291.968 0.000 345.599 42.142
0.000 242.180 0.000 283.726 287.577 0.000 351.795 36.823
0.000 228.544 0.000 278.025 283.124 0.000 357.979 31.841
0.000 215.189 0.000 272.280 278.612 0.000 364.150 27.202
0.000 202.127 0.000 266.496 274.044 0.000 370.304 22.913
0.000 189.372 0.000 260.678 269.423 0.000 376.440 18.978
0.000 176.938 0.000 254.830 264.752 0.000 382.555 15.403
0.000 164.838 0.000 248.955 260.034 0.000 388.646 12.192
0.000 153.084 0.000 243.059 255.272 0.000 394.712 9.349
0.000 141.688 0.000 237.145 250.470 0.000 400.750 6.878
0.000 130.662 0.000 231.219 245.630 0.000 406.758 4.782
0.000 120.017 0.000 225.284 240.757 0.000 412.734 3.063
0.000 109.765 0.000 219.344 235.852 0.000 418.675 1.724
0.000 99.917 0.000 213.404 230.920 0.000 424.579 0.767
0.000 90.482 0.000 207.469 225.964 0.000 430.444 0.192
0.000 81.470 0.000 201.542 220.987 0.000 436.268 0.000
0.000 72.891 0.000 195.629 215.992 0.000 442.048 0.085
0.000 64.753 0.000 189.732 210.983 0.000 447.783 0.341
0.000 57.065 0.000 183.858 205.963 0.000 453.470 0.766
0.000 49.836 0.000 178.010 200.935 0.000 459.108 1.362
0.000 43.071 0.000 172.191 195.903 0.000 464.693 2.127
0.000 36.780 0.000 166.408 190.871 0.000 470.224 3.062
0.066 30.967 0.000 160.663 185.841 0.000 475.699 4.166
0.263 25.639 0.000 154.961 180.816 0.000 481.115 5.438
0.591 20.802 0.000 149.307 175.801 0.000 486.471 6.877
1.051 16.460 0.000 143.704 170.799 0.000 491.765 8.484
1.641 12.619 0.000 138.156 165.813 0.000 496.995 10.257
2.363 9.281 0.000 132.668 160.845 0.000 502.158 12.195
3.215 6.452 0.000 127.244 155.901 0.000 507.253 14.298
4.197 4.132 0.000 121.887 150.982 0.000 512.278 16.564
5.310 2.326 0.000 116.601 146.093 0.244 517.231 18.993
6.551 1.034 0.000 111.391 141.236 0.975 522.110 21.582
7.922 0.259 0.000 106.260 136.414 2.192 526.913 24.332
9.422 0.000 0.000 101.212 131.632 3.891 531.639 27.240
11.050 0.000 0.000 96.251 126.892 6.068 536.285 30.305
12.805 0.000 0.000 91.380 122.197 8.718 540.851 33.525
14.688 0.000 0.000 86.603 117.550 11.834 545.333 36.900
16.696 0.000 0.000 81.923 112.955 15.408 549.732 40.427
18.830 0.000 0.000 77.344 108.415 19.433 554.044 44.105
21.089 0.000 0.000 72.869 103.932 23.896 558.268 47.932
23.473 0.000 0.000 68.501 99.510 28.788 562.403 51.906
25.979 0.000 0.000 64.244 95.151 34.097 566.447 56.025
28.608 0.000 0.000 60.101 90.860 39.808 570.399 60.288
31.358 0.000 0.000 56.075 86.637 45.908 574.257 64.691
34.229 0.000 0.000 52.168 82.487 52.382 578.019 69.233
37.219 0.000 0.000 48.384 78.411 59.214 581.685 73.912
40.328 0.000 0.000 44.726 74.413 66.386 585.252 78.725
43.554 0.000 0.000 41.195 70.496 73.881 588.721 83.671
46.896 0.000 0.000 37.795 66.662 81.680 592.088 88.746
50.353 0.000 0.000 34.529 62.913 89.764 595.353 93.948
53.925 0.000 0.000 31.397 59.252 98.113 598.515 99.275
57.609 0.000 0.000 28.404 55.682 106.706 601.573 104.725
61.404 0.000 0.000 25.551 52.205 115.521 604.525 110.293
65.310 0.000 0.000 22.840 48.823 124.537 607.370 115.979
69.324 0.000 0.000 20.273 45.538 133.731 610.108 121.778
73.445 0.000 0.000 17.852 42.353 143.080 612.736 127.689
77.673 0.000 0.000 15.579 39.270 152.562 615.255 133.708
82.005 0.000 0.000 13.455 36.291 162.152 617.663 139.832
86.439 0.000 0.000 11.482 33.418 171.827 619.960 146.059
90.975 0.000 0.000 9.662 30.652 181.562 622.144 152.385
95.611 0.000 0.000 7.995 27.996 191.334 624.214 158.807
100.345 0.000 0.000 6.484 25.452 201.118 626.171 165.323
105.176 0.000 0.000 5.128 23.021 210.890 628.012 171.928
110.101 0.000 0.000 3.930 20.704 220.626 629.738 178.620
115.119 0.000 0.000 2.890 18.504 230.301 631.348 185.396
120.229 0.000 0.000 2.008 16.421 239.891 632.841 192.253
125.429 0.000 0.000 1.286 14.457 249.372 634.217 199.186
130.716 0.000 0.000 0.724 12.614 258.722 635.475 206.192
136.089 0.000 0.000 0.322 10.893 267.916 636.614 213.269
141.547 0.000 0.000 0.080 9.295 276.932 637.635 220.413
147.086 0.000 0.000 0.000 7.820 285.747 638.536 227.619
152.706 0.000 0.000 0.000 6.471 294.340 639.318 234.886
158.404 0.000 0.000 0.000 5.247 302.688 639.980 242.208
164.179 0.000 0.000 0.000 4.149 310.772 640.522 249.584
170.028 0.000 0.000 0.000 3.180 318.572 640.944 257.008
175.949 0.000 0.000 0.000 2.338 326.067 641.246 264.478
181.940 0.000 0.000 0.000 1.624 333.239 641.426 271.990
188.000 0.000 0.000 0.000 1.040 340.070 641.487 279.539
194.125 0.000 0.000 0.000 0.585 346.544 641.426 287.124
200.315 0.000 0.000 0.000 0.260 352.645 641.246 294.739
206.566 0.000 0.000 0.000 0.065 358.356 640.944 302.381
212.877 0.000 0.000 0.000 0.000 363.665 640.522 310.047
219.246 0.000 0.000 0.000 0.714 368.557 639.980 317.732
225.669 0.000 0.000 0.000 2.850 373.020 639.318 325.433
232.146 0.000 0.000 0.000 6.391 377.044 638.536 333.147
238.673 0.000 0.000 0.000 11.311 380.619 637.635 340.869
245.248 0.000 0.000 0.000 17.573 383.735 636.614 348.595
251.870 0.000 0.000 0.000 25.129 386.385 635.475 356.323
258.536 0.000 0.000 0.000 33.921 388.562 634.217 364.048
265.243 0.000 0.000 0.000 43.882 390.261 632.841 371.766
271.990 0.000 0.000 0.000 54.936 391.478 631.348 379.474
278.773 0.000 0.000 0.000 67.000 392.209 629.738 387.167
285.591 0.000 0.000 0.000 79.982 392.453 628.012 394.843
292.440 0.000 0.000 0.000 93.782 392.209 626.171 402.498
299.320 0.000 0.000 0.000 108.296 391.478 624.214 410.127
306.227 0.000 0.000 0.000 123.413 390.261 622.144 417.727
313.159 0.000 0.000 0.000 139.019 388.562 619.960 425.295
320.114 0.000 0.000 0.000 154.994 386.385 617.663 432.826
327.088 0.000 0.000 0.000 171.216 383.735 615.255 440.317
334.081 0.000 0.000 0.000 187.564 380.619 612.736 447.765
341.088 0.000 0.000 0.000 203.911 377.044 610.108 455.165
348.109 0.000 0.000 0.000 220.134 373.020 607.370 462.514
355.140 0.000 0.000 0.000 236.109 368.557 604.525 469.809
362.179 0.000 0.000 0.000 251.714 363.665 601.573 477.046
369.223 0.000 0.000 0.000 266.832 358.356 598.515 484.222
376.270 0.000 0.000 0.000 281.346 352.645 595.353 491.333
383.318 0.000 0.000 0.000 295.146 346.544 592.088 498.375
390.365 0.000 0.000 0.000 308.127 340.070 588.721 505.345
397.406 0.000 0.000 0.000 320.191 333.239 585.252 512.240
404.442 0.000 0.000 0.000 331.246 326.067 581.685 519.056
411.468 0.000 0.000 0.000 341.207 318.572 578.019 525.791
418.482 0.000 0.000 0.000 349.999 310.772 574.257 532.440
425.482 0.000 0.000 0.000 357.554 302.688 570.399 539.001
432.466 0.000 0.000 0.000 363.816 294.340 566.447 545.471
439.431 0.000 0.000 0.000 368.736 285.747 562.403 551.845
446.375 0.000 0.000 0.000 372.278 276.932 558.268 558.122
453.294 0.000 0.000 0.000 374.414 267.916 554.044 564.298
460.188 0.000 0.000 0.000 375.127 258.722 549.732 570.370
467.053 0.000 0.000 0.000 374.414 249.372 545.333 576.335
473.887 0.000 0.000 0.000 372.278 239.891 540.851 582.190
480.688 0.000 0.000 0.000 368.736 230.301 536.285 587.933
487.453 0.000 0.000 0.000 363.816 220.626 531.639 593.560
494.180 0.000 0.000 0.000 357.554 210.890 526.913 599.070
500.867 0.000 0.000 0.000 349.999 201.118 522.110 604.458
507.511 0.052 0.000 0.000 341.207 191.334 517.231 609.723
514.110 0.207 0.000 0.000 331.246 181.562 512.278 614.862
520.662 0.465 0.000 0.000 320.191 171.827 507.253 619.873
527.164 0.827 0.000 0.000 308.127 162.152 502.158 624.753
533.614 1.292 0.000 0.000 295.146 152.562 496.995 629.499
540.010 1.859 0.000 0.000 281.346 143.080 491.765 634.110
546.350 2.529 0.000 0.000 266.832 133.731 486.471 638.583
552.632 3.301 0.000 0.000 251.714 124.537 481.115 642.916
558.852 4.174 0.000 0.000 236.109 115.521 475.699 647.107
565.010 5.149 0.000 0.000 220.134 106.706 470.224 651.154
571.103 6.224 0.000 0.000 203.911 98.113 464.693 655.054
577.129 7.399 0.000 0.000 187.564 89.764 459.108 658.807
583.085 8.674 0.000 0.000 171.216 81.680 453.470 662.410
588.971 10.047 0.000 0.000 154.994 73.881 447.783 665.861
594.783 11.518 0.000 0.000 139.019 66.386 442.048 669.159
600.519 13.085 0.000 0.000 123.413 59.214 436.268 672.302
606.178 14.749 0.000 0.000 108.296 52.382 430.444 675.289
611.758 16.508 0.000 0.000 93.782 45.908 424.579 678.118
617.257 18.362 0.000 0.000 79.982 39.808 418.675 680.787
622.673 20.308 0.000 0.000 67.000 34.097 412.734 683.297
628.003 22.346 0.000 0.000 54.936 28.788 406.758 685.644
633.247 24.476 0.000 0.000 43.882 23.896 400.750 687.829
638.402 26.695 0.000 0.000 33.921 19.433 394.712 689.849
643.466 29.002 0.000 0.000 25.129 15.408 388.646 691.705
648.438 31.397 0.000 0.000 17.573 11.834 382.555 693.395
653.316 33.877 0.000 0.000 11.311 8.718 376.440 694.918
658.099 36.442 0.000 0.000 6.391 6.068 370.304 696.274
662.784 39.090 0.000 0.000 2.850 3.891 364.150 697.462
667.370 41.819 0.000 0.000 0.714 2.192 357.979 698.481
671.856 44.629 0.000 0.000 0.000 0.975 351.795 699.331
676.239 47.516 0.000 0.000 0.236 0.244 345.599 700.012
680.519 50.481 0.000 0.000 0.943 0.000 339.393 700.522
684.693 53.520 0.000 0.000 2.120 0.138 333.180 700.863
688.761 56.633 0.000 0.000 3.767 0.554 326.963 701.033
692.721 59.817 0.000 0.000 5.880 1.245 320.743 701.033
696.572 63.072 0.000 0.000 8.457 2.213 314.524 700.863
700.312 66.394 0.000 0.000 11.495 3.456 308.306 700.522
703.940 69.782 0.000 0.000 14.991 4.974 302.094 700.012
707.454 73.235 0.000 0.000 18.939 6.766 295.888 699.331
710.854 76.750 0.000 0.000 23.335 8.831 289.692 698.481
714.139 80.325 0.000 0.000 28.173 11.167 283.507 697.462
717.306 83.959 0.000 0.000 33.447 13.773 277.337 696.274
720.356 87.649 0.000 0.000 39.150 16.648 271.183 694.918
723.287 91.393 0.000 0.000 45.276 19.790 265.047 693.395
726.097 95.189 0.000 0.000 51.816 23.196 258.932 691.705
728.787 99.035 0.000 0.000 58.762 26.866 252.841 689.849
731.354 102.929 0.000 0.000 66.106 30.796 246.775 687.829
733.799 106.868 0.000 0.000 73.839 34.984 240.737 685.644
736.120 110.851 0.000 0.000 81.950 39.428 234.729 683.297
738.317 114.875 0.000 0.000 90.429 44.126 228.753 680.787
740.389 118.938 0.000 0.000 99.266 49.073 222.812 678.118
742.334 123.037 0.000 0.000 108.449 54.268 216.908 675.289
744.153 127.171 0.000 0.000 117.967 59.707 211.043 672.302
745.845 131.337 0.000 0.000 127.808 65.387 205.219 669.159
747.408 135.532 0.000 0.000 137.960 71.304 199.438 665.861
748.844 139.755 0.000 0.000 148.410 77.455 193.703 662.410
750.150 144.002 0.000 0.000 159.144 83.836 188.016 658.807
751.327 148.272 0.000 0.000 170.149 90.444 182.379 655.054
752.375 152.563 0.000 0.000 181.411 97.274 176.794 651.154
753.292 156.870 0.000 0.000 192.916 104.322 171.263 647.107
754.079 161.194 0.000 0.000 204.650 111.585 165.788 642.916
754.735 165.529 0.000 0.000 216.598 119.057 160.372 638.583
755.260 169.876 0.000 0.000 228.744 126.734 155.015 634.110
755.654 174.230 0.000 0.000 241.073 134.611 149.722 629.499
755.917 178.590 0.000 0.000 253.571 142.684 144.492 624.753
756.048 182.953 0.000 0.000 266.220 150.949 139.329 619.873
756.048 187.316 0.000 0.000 279.006 159.399 134.234 614.862
755.917 191.678 0.000 0.000 291.911 168.030 129.209 609.723
755.654 196.036 0.000 0.000 304.921 176.836 124.256 604.458
755.260 200.386 0.000 0.000 318.017 185.813 119.377 599.070
754.735 204.728 0.000 0.000 331.185 194.955 114.574 593.560
754.079 209.058 0.000 0.000 344.407 204.256 109.848 587.933
753.292 213.373 0.000 0.000 357.666 213.711 105.201 582.190
752.375 217.673 0.000 0.000 370.947 223.314 100.636 576.335
751.327 221.953 0.000 0.000 384.232 233.060 96.153 570.370
750.150 226.212 0.000 0.000 397.504 242.941 91.755 564.298
748.844 230.447 0.000 0.000 410.746 252.954 87.443 558.122
747.408 234.657 0.000 0.000 423.943 263.091 83.219 551.845
745.845 238.838 0.000 0.000 437.078 273.346 79.084 545.471
744.153 242.988 0.000 0.000 450.133 283.713 75.040 539.001
742.334 247.104 0.000 0.000 463.092 294.187 71.088 532.440
740.389 251.186 0.000 0.000 475.940 304.760 67.230 525.791
738.317 255.230 0.000 0.000 488.659 315.426 63.468 519.056
736.120 259.233 0.000 0.000 501.235 326.179 59.802 512.240
733.799 263.195 0.000 0.000 513.650 337.012 56.234 505.345
731.354 267.112 0.000 0.000 525.890 347.920 52.766 498.375
728.787 270.982 0.000 0.000 537.939 358.894 49.399 491.333
726.097 274.803 0.000 0.000 549.781 369.929 46.134 484.222
723.287 278.574 0.000 0.000 561.402 381.019 42.971 477.046
720.356 282.291 0.000 0.000 572.788 392.155 39.914 469.809
717.306 285.953 0.000 0.000 583.924 403.332 36.962 462.514
714.139 289.557 0.000 0.000 594.795 414.543 34.117 455.165
710.854 293.103 0.000 0.000 605.388 425.782 31.379 447.765
707.454 296.587 0.000 0.000 615.690 437.040 28.750 440.317
703.940 300.008 0.000 0.000 625.688 448.312 26.232 432.826
700.312 303.363 0.000 0.000 635.370 459.591 23.824 425.295
696.572 306.652 0.000 0.000 644.722 470.870 21.527 417.727
692.721 309.871 0.000 0.000 653.733 482.142 19.343 410.127
688.761 313.020 0.000 0.000 662.393 493.401 17.273 402.498
684.693 316.097 0.000 0.000 670.689 504.639 15.316 394.843
680.519 319.099 0.000 0.000 678.612 515.850 13.475 387.167
676.239 322.025 0.000 0.000 686.151 527.027 11.749 379.474
671.856 324.874 0.000 0.000 693.298 538.164 10.139 371.766
667.370 327.643 0.000 0.000 700.042 549.253 8.646 364.048
662.784 330.332 0.000 0.000 706.376 560.288 7.270 356.323
658.099 332.938 0.000 0.000 712.292 571.263 6.012 348.595
653.316 335.461 0.000 0.000 717.781 582.170 4.873 340.869
648.438 337.899 0.000 0.000 722.838 593.004 3.852 333.147
643.466 340.250 0.000 0.000 727.456 603.757 2.951 325.433
638.402 342.514 0.000 0.000 731.628 614.423 2.169 317.732
633.247 344.688 0.000 0.000 735.350 624.996 1.507 310.047
628.003 346.772 0.000 0.000 738.618 635.469 0.964 302.381
622.673 348.765 0.000 0.000 741.426 645.837 0.543 294.739
617.257 350.665 0.000 0.000 743.772 656.092 0.241 287.124
611.758 352.471 0.000 0.000 745.652 666.229 0.060 279.539
606.178 354.182 0.000 0.000 747.064 676.241 0.000 271.990
600.519 355.798 0.000 0.000 748.006 686.123 0.000 264.478
594.783 357.318 0.000 0.000 748.478 695.868 0.000 257.008
588.971 358.740 0.000 0.000 748.478 705.472 0.000 249.584
583.085 360.064 0.000 0.000 748.006 714.926 0.000 242.208
577.129 361.288 0.000 0.000 747.064 724.228 0.000 234.886
571.103 362.414 0.000 0.000 745.652 733.369 0.000 227.619
565.010 363.439 0.000 0.000 743.772 742.346 0.000 220.413
558.852 364.363 0.000 0.000 741.426 751.153 0.000 213.269
552.632 365.185 0.000 0.000 738.618 759.784 0.000 206.192
546.350 365.906 0.000 0.000 735.350 768.234 0.000 199.186
540.010 366.525 0.000 0.000 731.628 776.498 0.000 192.253
533.614 367.041 0.000 0.000 727.456 784.571 0.000 185.396
527.164 367.454 0.000 0.000 722.838 792.449 0.000 178.620
520.662 367.765 0.000 0.000 717.781 800.126 0.000 171.928
514.110 367.971 0.089 0.000 712.292 807.598 0.000 165.323
507.511 368.075 0.356 0.000 706.376 814.860 0.000 158.807
500.867 368.075 0.801 0.000 700.042 821.908 0.000 152.385
494.180 367.971 1.424 0.000 693.298 828.738 0.000 146.059
487.453 367.765 2.224 0.000 686.151 835.346 0.000 139.832
480.688 367.454 3.201 0.000 678.612 841.727 0.000 133.708
473.887 367.041 4.356 0.000 670.689 847.879 0.000 127.689
467.053 366.525 5.686 0.000 662.393 853.796 0.000 121.778
460.188 365.906 7.193 0.000 653.733 859.476 0.000 115.979
453.294 365.185 8.874 0.000 644.722 864.915 0.000 110.293
446.375 364.363 10.731 0.000 635.370 870.109 0.000 104.725
439.431 363.439 12.761 0.000 625.688 875.057 0.000 99.275
432.466 362.414 14.964 0.000 615.690 879.754 0.000 93.948
425.482 361.288 17.339 0.000 605.388 884.198 0.000 88.746
418.482 360.064 19.886 0.000 594.795 888.387 0.000 83.671
411.468 358.740 22.602 0.000 583.924 892.317 0.000 78.725
404.442 357.318 25.488 0.000 572.788 895.986 0.000 73.912
397.406 355.798 28.542 0.000 561.402 899.393 0.000 69.233
390.365 354.182 31.763 0.000 549.781 902.534 0.000 64.691
383.318 352.471 35.150 0.000 537.939 905.409 0.000 60.288
376.270 350.665 38.701 0.000 525.890 908.015 0.000 56.025
369.223 348.765 42.414 0.000 513.650 910.352 0.000 51.906
362.179 346.772 46.289 0.000 501.235 912.416 0.000 47.932
355.140 344.688 50.324 0.000 488.659 914.208 0.000 44.105
348.109 342.514 54.517 0.000 475.940 915.726 0.000 40.427
341.088 340.250 58.867 0.000 463.092 916.969 0.000 36.900
334.081 337.899 63.372 0.000 450.133 917.937 0.000 33.525
327.088 335.461 68.030 0.000 437.078 918.629 0.000 30.305
320.114 332.938 72.839 0.000 423.943 919.044 0.000 27.240
313.159 330.332 77.798 0.000 410.746 919.183 0.000 24.332
306.227 327.643 82.904 0.000 397.504 919.044 0.000 21.582
299.320 324.874 88.155 0.000 384.232 918.629 0.000 18.993
292.440 322.025 93.551 0.109 370.947 917.937 0.000 16.564
285.591 319.099 99.087 0.438 357.666 916.969 0.000 14.298
278.773 316.097 104.763 0.985 344.407 915.726 0.000 12.195
271.990 313.020 110.575 1.750 331.185 914.208 0.000 10.257
265.243 309.871 116.522 2.733 318.017 912.416 0.000 8.484
258.536 306.652 122.601 3.934 304.921 910.352 0.000 6.877
251.870 303.363 128.811 5.352 291.911 908.015 0.000 5.438
245.248 300.008 135.148 6.987 279.006 905.409 0.000 4.166
238.673 296.587 141.609 8.837 266.220 902.534 0.000 3.062
232.146 293.103 148.193 10.901 253.571 899.393 0.000 2.127
225.669 289.557 154.897 13.179 241.073 895.986 0.000 1.362
219.246 285.953 161.719 15.670 228.744 892.317 0.000 0.766
212.877 282.291 168.654 18.372 216.598 888.387 0.000 0.341
206.566 278.574 175.702 21.284 204.650 884.198 0.000 0.085
200.315 274.803 182.858 24.405 192.916 879.754 0.000 0.000
194.125 270.982 190.121 27.733 181.411 875.057 0.000 0.000
188.000 267.112 197.487 31.267 170.149 870.109 0.000 0.000
181.940 263.195 204.954 35.004 159.144 864.915 0.000 0.000
175.949 259.233 212.518 38.944 148.410 859.476 0.000 0.000
170.028 255.230 220.177 43.084 137.960 853.796 0.000 0.000
164.179 251.186 227.927 47.422 127.808 847.879 0.000 0.000
158.404 247.104 235.766 51.956 117.967 841.727 0.000 0.000
152.706 242.988 243.691 56.684 108.449 835.346 0.000 0.000
147.086 238.838 251.697 61.604 99.266 828.738 0.000 0.000
141.547 234.657 259.783 66.714 90.429 821.908 0.000 0.000
136.089 230.447 267.945 72.010 81.950 814.860 0.000 0.000
130.716 226.212 276.179 77.491 73.839 807.598 0.000 0.000
125.429 221.953 284.484 83.153 66.106 800.126 0.000 0.000
120.229 217.673 292.854 88.994 58.762 792.449 0.088 0.000
115.119 213.373 301.288 95.012 51.816 784.571 0.351 0.000
110.101 209.058 309.781 101.203 45.276 776.498 0.790 0.000
105.176 204.728 318.331 107.564 39.150 768.234 1.404 0.000
100.345 200.386 326.933 114.093 33.447 759.784 2.193 0.000
95.611 196.036 335.585 120.786 28.173 751.153 3.157 0.000
90.975 191.678 344.284 127.640 23.335 742.346 4.295 0.000
86.439 187.316 353.025 134.651 18.939 733.369 5.606 0.000
82.005 182.953 361.806 141.817 14.991 724.228 7.091 0.000
77.673 178.590 370.622 149.134 11.495 714.926 8.747 0.000
73.445 174.230 379.471 156.599 8.457 705.472 10.575 0.000
69.324 169.876 388.349 164.207 5.880 695.868 12.574 0.000
65.310 165.529 397.253 171.955 3.767 686.123 14.742 0.000
61.404 161.194 406.178 179.840 2.120 676.241 17.079 0.000
57.609 156.870 415.122 187.857 0.943 666.229 19.583 0.000
53.925 152.563 424.081 196.004 0.236 656.092 22.253 0.000
50.353 148.272 433.052 204.275 0.000 645.837 25.089 0.000
46.896 144.002 442.030 212.667 0.083 635.469 28.088 0.000
43.554 139.755 451.013 221.176 0.332 624.996 31.249 0.000
40.328 135.532 459.997 229.798 0.747 614.423 34.571 0.000
37.219 131.337 468.978 238.529 1.327 603.757 38.052 0.000
34.229 127.171 477.952 247.365 2.073 593.004 41.690 0.000
31.358 123.037 486.918 256.300 2.985 582.170 45.484 0.000
28.608 118.938 495.870 265.332 4.061 571.263 49.432 0.000
25.979 114.875 504.805 274.456 5.301 560.288 53.531 0.000
23.473 110.851 513.720 283.666 6.706 549.253 57.781 0.000
21.089 106.868 522.611 292.960 8.274 538.164 62.179 0.000
18.830 102.929 531.475 302.333 10.005 527.027 66.722 0.000
16.696 99.035 540.308 311.779 11.899 515.850 71.410 0.000
14.688 95.189 549.107 321.295 13.954 504.639 76.238 0.000
12.805 91.393 557.869 330.875 16.170 493.401 81.206 0.000
11.050 87.649 566.589 340.516 18.546 482.142 86.310 0.000
9.422 83.959 575.265 350.213 21.081 470.870 91.549 0.000
7.922 80.325 583.892 359.960 23.775 459.591 96.919 0.000
6.551 76.750 592.469 369.754 26.625 448.312 102.419 0.000
5.310 73.235 600.991 379.590 29.632 437.040 108.045 0.000
4.197 69.782 609.454 389.463 32.794 425.782 113.795 0.000
3.215 66.394 617.857 399.368 36.110 414.543 119.666 0.000
2.363 63.072 626.195 409.300 39.579 403.332 125.655 0.000
1.641 59.817 634.464 419.255 43.199 392.155 131.760 0.000
1.051 56.633 642.663 429.228 46.970 381.019 137.978 0.000
0.591 53.520 650.787 439.214 50.889 369.929 144.304 0.000
0.263 50.481 658.834 449.209 54.955 358.894 150.738 0.000
0.066 47.516 666.800 459.207 59.167 347.920 157.274 0.000
0.000 44.629 674.682 469.204 63.524 337.012 163.911 0.000
0.000 41.819 682.477 479.195 68.023 326.179 170.645 0.000
0.000 39.090 690.182 489.175 72.663 315.426 177.473 0.000
0.000 36.442 697.794 499.140 77.443 304.760 184.391 0.000
0.000 33.877 705.309 509.084 82.360 294.187 191.397 0.000
0.000 31.397 712.726 519.003 87.413 283.713 198.487 0.000
0.000 29.002 720.041 528.893 92.600 273.346 205.657 0.000
0.000 26.695 727.251 538.747 97.918 263.091 212.904 0.000
0.000 24.476 734.353 548.563 103.367 252.954 220.225 0.000
0.000 22.346 741.345 558.334 108.944 242.941 227.615 0.000
0.000 20.308 748.224 568.057 114.647 233.060 235.073 0.000
0.000 18.362 754.987 577.726 120.474 223.314 242.593 0.000
0.000 16.508 761.632 587.338 126.423 213.711 250.173 0.000
0.000 14.749 768.155 596.886 132.491 204.256 257.808 0.000
0.000 13.085 774.554 606.368 138.676 194.955 265.496 0.000
0.000 11.518 780.828 615.778 144.977 185.813 273.232 0.000
0.000 10.047 786.972 625.111 151.391 176.836 281.012 0.000
0.000 8.674 792.986 634.364 157.914 168.030 288.834 0.000
0.000 7.399 798.866 643.532 164.546 159.399 296.693 0.000
0.000 6.224 804.610 652.610 171.284 150.949 304.585 0.000
0.000 5.149 810.217 661.594 178.125 142.684 312.507 0.000
0.000 4.174 815.683 670.481 185.066 134.611 320.455 0.000
0.000 3.301 821.006 679.264 192.105 126.734 328.424 0.000
0.000 2.529 826.185 687.941 199.240 119.057 336.412 0.000
0.000 1.859 831.218 696.507 206.468 111.585 344.415 0.000
0.000 1.292 836.102 704.959 213.786 104.322 352.428 0.000
0.000 0.827 840.836 713.291 221.192 97.274 360.447 0.000
0.000 0.465 845.418 721.500 228.682 90.444 368.470 0.000
0.000 0.207 849.845 729.583 236.254 83.836 376.492 0.000
0.000 0.052 854.117 737.534 243.906 77.455 384.508 0.000
0.000 0.000 858.231 745.351 251.634 71.304 392.517 0.000
0.000 0.000 862.186 753.030 259.436 65.387 400.512 0.000
0.000 0.000 865.981 760.566 267.309 59.707 408.492 0.000
0.000 0.000 869.613 767.957 275.249 54.268 416.451 0.000
0.000 0.000 873.082 775.199 283.255 49.073 424.386 0.000
0.000 0.000 876.386 782.289 291.323 44.126 432.294 0.000
0.000 0.000 879.523 789.222 299.449 39.428 440.170 0.000
0.000 0.000 882.493 795.995 307.632 34.984 448.010 0.000
0.000 0.000 885.295 802.607 315.868 30.796 455.812 0.000
0.000 0.000 887.927 809.052 324.154 26.866 463.571 0.000
0.000 0.000 890.388 815.329 332.487 23.196 471.283 0.000
0.000 0.000 892.677 821.433 340.864 19.790 478.945 0.000
0.000 0.000 894.794 827.363 349.282 16.648 486.553 0.000
0.000 0.000 896.737 833.115 357.738 13.773 494.103 0.000
0.000 0.000 898.506 838.687 366.228 11.167 501.593 0.000
0.000 0.000 900.100 844.076 374.750 8.831 509.017 0.000
0.000 0.000 901.519 849.279 383.301 6.766 516.373 0.000
0.000 0.000 902.761 854.294 391.877 4.974 523.658 0.000
0.000 0.000 903.827 859.118 400.475 3.456 530.867 0.000
0.000 0.000 904.716 863.750 409.092 2.213 537.997 0.000
0.000 0.000 905.428 868.186 417.725 1.245 545.045 0.000
0.000 0.000 905.961 872.426 426.370 0.554 552.008 0.000
0.000 0.000 906.317 876.466 435.026 0.138 558.881 0.000
0.000 0.000 906.495 880.304 443.687 0.000 565.662 0.000
0.000 0.000 906.495 883.940 452.352 1.259 572.348 0.000
0.000 0.000 906.317 887.371 461.017 5.025 578.935 0.000
0.000 0.000 905.961 890.596 469.678 11.268 585.421 0.000
0.000 0.000 905.428 893.613 478.333 19.939 591.801 0.000
0.000 0.000 904.716 896.420 486.979 30.966 598.074 0.000
0.000 0.000 903.827 899.017 495.612 44.262 604.235 0.000
0.000 0.000 902.761 901.401 504.229 59.718 610.282 0.000
0.000 0.000 901.519 903.573 512.827 77.212 616.213 0.000
0.000 0.000 900.100 905.530 521.403 96.602 622.024 0.000
0.000 0.000 898.506 907.272 529.954 117.731 627.712 0.000
0.000 0.000 896.737 908.798 538.476 140.430 633.276 0.000
0.000 0.000 894.794 910.108 546.966 164.516 638.711 0.000
0.000 0.000 892.677 911.200 555.422 189.795 644.016 0.000
0.000 0.000 890.388 912.075 563.840 216.063 649.188 0.000
0.000 0.000 887.927 912.731 572.217 243.110 654.224 0.000
0.000 0.000 885.295 913.168 580.550 270.716 659.122 0.000
0.000 0.000 882.493 913.387 588.836 298.661 663.881 0.000
0.000 0.000 879.523 913.387 597.072 326.719 668.496 0.000
0.000 0.000 876.386 913.168 605.254 354.663 672.967 0.000
0.000 0.000 873.082 912.731 613.381 382.270 677.291 0.000
0.000 0.000 869.613 912.075 621.449 409.316 681.466 0.000
0.000 0.000 865.981 911.200 629.454 435.585 685.490 0.000
0.000 0.000 862.186 910.108 637.395 460.864 689.361 0.000
0.000 0.000 858.231 908.798 645.267 484.950 693.077 0.000
0.000 0.000 854.117 907.272 653.069 507.649 696.637 0.000
0.000 0.000 849.845 905.530 660.798 528.778 700.039 0.000
