0.000 160.473 0.000 0.000 0.000 0.000 0.000 546.776
0.000 0.000 0.000 0.000 0.000 0.000 0.000 640.588
0.000 0.000 0.000 0.000 0.000 0.000 0.000 546.776
0.000 0.000 0.000 0.000 0.000 0.000 0.000 320.294
0.000 0.000 0.000 0.000 0.000 0.000 0.000 93.812
0.000 0.000 0.000 0.000 0.000 109.531 0.000 0.000
0.000 0.000 0.000 0.000 0.000 286.755 0.000 523.402
0.000 0.000 0.000 0.000 0.000 286.755 0.000 523.402
0.000 0.000 0.000 0.000 0.000 109.531 0.000 0.000
0.000 0.000 0.000 0.000 0.000 0.000 0.000 80.984
0.000 0.000 0.000 0.000 0.000 244.441 0.000 276.497
0.000 0.000 0.000 0.000 230.493 639.954 0.000 472.009
0.000 0.000 0.000 0.000 691.480 639.954 0.000 552.994
0.000 0.000 0.000 0.000 921.974 244.441 0.000 472.009
0.000 0.000 0.000 0.000 691.480 0.000 158.007 276.497
0.000 88.067 658.922 0.000 230.493 0.000 474.021 80.984
0.000 300.680 658.922 0.000 0.000 0.000 632.028 0.000
0.000 513.292 0.000 0.000 0.000 0.000 474.021 0.000
0.000 601.359 725.921 0.000 0.000 0.000 158.007 0.000
0.000 513.292 725.921 0.000 0.000 0.000 0.000 0.000
0.000 300.680 0.000 0.000 0.000 0.000 177.648 0.000
0.000 88.067 0.000 0.000 0.000 0.000 355.296 0.000
0.000 0.000 0.000 0.000 0.000 0.000 177.648 0.000
0.000 736.650 0.000 0.000 0.000 0.000 0.000 0.000
0.000 736.650 0.000 0.000 0.000 0.000 0.000 0.000
