432.358 0.000 0.000 426.970 0.000 0.000 816.989 489.994
369.041 0.000 0.000 728.884 0.000 0.000 408.495 0.000
216.179 0.000 0.000 853.941 0.000 0.000 0.000 0.000
63.317 0.000 0.000 728.884 0.000 0.000 138.124 0.000
0.000 0.000 0.000 426.970 0.000 0.000 471.585 0.000
0.000 0.000 0.000 125.057 0.000 229.342 805.046 0.000
0.000 0.000 0.000 0.000 0.000 600.425 943.169 0.000
0.000 0.000 0.000 0.000 0.000 600.425 805.046 0.000
0.000 0.000 91.605 0.000 0.000 229.342 471.585 0.000
0.000 0.000 274.815 0.000 0.000 0.000 138.124 0.000
135.983 0.000 366.420 235.761 0.000 151.244 0.000 0.000
464.274 0.000 274.815 471.523 142.464 491.087 0.000 0.000
792.566 0.000 91.605 235.761 427.391 763.620 0.000 134.033
928.548 0.000 0.000 0.000 569.855 763.620 0.000 350.904
792.566 0.000 103.064 0.000 427.391 491.087 0.000 350.904
464.274 0.000 334.646 0.000 142.464 151.244 0.000 134.033
135.983 0.000 520.361 0.000 0.000 0.000 124.291 0.000
0.000 82.637 520.361 0.000 171.181 0.000 424.355 0.000
0.000 282.139 334.646 114.057 555.821 0.000 724.419 0.000
0.000 481.641 103.064 370.342 864.279 0.000 848.709 0.000
0.000 564.278 0.000 575.867 864.279 0.000 724.419 0.000
0.000 481.641 0.000 575.867 555.821 0.000 424.355 0.000
0.000 282.139 0.000 370.342 171.181 0.000 124.291 0.000
0.000 82.637 0.000 114.057 0.000 0.000 0.000 0.000
0.000 0.000 0.000 0.000 0.000 0.000 0.000 0.000
