0.000 359.470 0.000 0.000 0.000 954.963 0.000 0.000
0.000 0.000 0.000 0.000 290.591 716.222 0.000 0.000
0.000 0.000 0.000 0.000 760.777 238.741 0.000 0.000
0.000 0.000 0.000 0.000 760.777 0.000 0.000 0.000
0.000 0.000 0.000 0.000 290.591 0.000 0.000 0.000
0.000 0.000 425.395 0.000 0.000 0.000 0.000 0.000
0.000 0.000 850.790 0.000 264.805 0.000 0.000 0.000
0.000 0.000 425.395 0.000 529.610 0.000 0.000 0.000
0.000 0.000 0.000 0.000 264.805 0.000 0.000 0.000
0.000 0.000 0.000 88.929 0.000 0.000 0.000 0.000
0.000 0.000 0.000 303.623 0.000 0.000 0.000 0.000
0.000 0.000 0.000 518.317 0.000 0.000 0.000 0.000
72.614 0.000 0.000 607.246 0.000 0.000 0.000 0.000
235.776 0.000 0.000 518.317 0.000 0.000 276.443 0.000
366.622 0.000 0.000 303.623 0.000 0.000 723.738 0.000
366.622 0.000 0.000 88.929 0.000 0.000 723.738 0.000
235.776 0.000 0.000 0.000 216.187 0.000 276.443 0.000
72.614 0.000 434.199 0.000 648.560 0.000 0.000 0.000
0.000 399.267 434.199 0.000 864.747 0.000 648.293 0.000
0.000 798.534 0.000 0.000 648.560 136.816 648.293 529.500
0.000 399.267 0.000 0.000 216.187 444.239 0.000 529.500
0.000 0.000 0.000 0.000 0.000 690.773 86.162 0.000
0.000 0.000 0.000 0.000 0.000 690.773 279.766 0.000
0.000 0.000 0.000 0.000 0.000 444.239 435.024 0.000
0.000 0.000 0.000 304.655 0.000 136.816 435.024 0.000
