0.000 519.358 0.000 817.813 0.000 141.556 0.000 0.000
0.000 807.579 0.000 817.813 0.000 0.000 0.000 0.000
0.000 807.579 0.000 312.377 0.000 80.696 0.000 0.000
0.000 519.358 0.000 0.000 0.000 242.088 0.000 143.947
0.000 159.951 0.000 198.755 0.000 322.784 0.000 431.841
0.000 0.000 96.184 596.265 0.000 242.088 0.000 575.788
0.000 114.236 328.392 795.019 0.000 80.696 0.000 431.841
0.000 390.025 560.600 596.265 0.000 0.000 0.000 143.947
0.000 665.814 656.784 198.755 0.000 0.000 0.000 0.000
0.000 780.050 560.600 0.000 128.940 0.000 0.000 84.577
283.377 665.814 328.392 355.576 418.664 0.000 0.000 253.732
566.754 390.025 96.184 355.576 651.006 356.227 0.000 338.309
283.377 114.236 0.000 0.000 651.006 712.453 0.000 253.732
0.000 0.000 0.000 427.627 418.664 356.227 0.000 84.577
656.705 90.225 0.000 427.627 128.940 0.000 0.000 0.000
656.705 270.676 0.000 0.000 0.000 0.000 0.000 0.000
0.000 360.902 0.000 0.000 0.000 0.000 0.000 0.000
0.000 270.676 0.000 0.000 0.000 0.000 264.521 0.000
0.000 90.225 0.000 0.000 0.000 0.000 529.041 0.000
0.000 0.000 422.047 0.000 0.000 0.000 264.521 0.000
0.000 81.917 844.094 0.000 0.000 0.000 0.000 0.000
0.000 279.681 422.047 0.000 0.000 0.000 321.907 0.000
0.000 477.445 0.000 0.000 0.000 0.000 321.907 236.908
0.000 559.362 322.328 0.000 195.702 0.000 0.000 710.723
0.000 477.445 644.655 0.000 512.355 0.000 119.498 947.631
