0.000 310.082 386.497 534.766 0.000 0.000 0.000 64.475
0.000 90.821 386.497 831.538 0.000 78.512 0.000 0.000
0.000 0.000 0.000 831.538 0.000 235.537 0.000 0.000
0.000 0.000 449.972 534.766 0.000 314.049 0.000 0.000
0.000 0.000 899.945 164.696 0.000 235.537 59.995 0.000
0.000 0.000 449.972 0.000 0.000 78.512 194.803 0.000
0.000 0.000 0.000 264.904 0.000 0.000 302.911 0.000
0.000 0.000 0.000 264.904 0.000 0.000 302.911 0.000
0.000 0.000 0.000 0.000 0.000 0.000 194.803 0.000
0.000 0.000 0.000 173.256 0.000 0.000 59.995 0.000
0.000 0.000 0.000 562.558 0.000 0.000 0.000 0.000
0.000 0.000 0.000 874.754 0.000 0.000 0.000 0.000
0.000 0.000 0.000 874.754 380.247 0.000 0.000 0.000
0.000 0.000 0.000 562.558 380.247 136.281 0.000 0.000
446.794 0.000 0.000 173.256 0.000 442.501 0.000 107.993
446.794 0.000 57.041 0.000 0.000 688.071 155.096 323.979
0.000 0.000 185.211 0.000 0.000 688.071 465.288 431.972
0.000 0.000 287.996 0.000 0.000 442.501 620.384 323.979
0.000 0.000 287.996 0.000 0.000 136.281 465.288 107.993
0.000 0.000 185.211 657.598 0.000 0.000 155.096 0.000
0.000 0.000 57.041 657.598 489.900 0.000 0.000 0.000
0.000 0.000 0.000 0.000 489.900 0.000 0.000 0.000
0.000 0.000 0.000 65.531 0.000 0.000 0.000 0.000
0.000 0.000 0.000 212.778 0.000 0.000 0.000 0.000
0.000 0.000 0.000 330.860 0.000 332.753 0.000 0.000
