0.000 0.000 0.000 319.122 418.059 163.904 0.000 631.528
118.396 0.000 97.094 0.000 0.000 48.006 0.000 631.528
404.230 0.000 331.499 0.000 191.580 0.000 0.000 241.222
690.063 0.000 565.905 0.000 383.160 488.728 0.000 0.000
808.460 0.000 662.999 0.000 191.580 977.456 733.485 0.000
690.063 0.000 565.905 0.000 0.000 488.728 733.485 0.000
404.230 0.000 331.499 0.000 135.245 0.000 0.000 0.000
118.396 515.019 97.094 0.000 461.755 158.162 0.000 0.000
0.000 515.019 0.000 0.000 788.266 316.324 0.000 0.000
124.947 0.000 232.492 0.000 923.511 158.162 0.000 0.000
426.594 0.000 232.492 182.652 788.266 0.000 147.350 0.000
728.242 0.000 0.000 593.069 461.755 0.000 478.441 0.000
853.189 0.000 0.000 922.197 135.245 0.000 743.956 0.000
728.242 0.000 0.000 922.197 0.000 0.000 743.956 0.000
426.594 0.000 0.000 593.069 321.685 0.000 478.441 0.000
124.947 0.000 0.000 182.652 842.183 0.000 147.350 0.000
0.000 199.107 0.000 0.000 842.183 0.000 0.000 0.000
179.595 597.322 0.000 0.000 321.685 0.000 0.000 0.000
538.786 796.429 661.580 0.000 0.000 0.000 0.000 0.000
718.381 597.322 661.580 0.000 194.127 222.037 0.000 0.000
538.786 199.107 0.000 0.000 582.381 666.110 0.000 0.000
179.595 0.000 0.000 0.000 776.508 888.147 0.000 0.000
0.000 0.000 0.000 0.000 582.381 666.110 0.000 0.000
0.000 0.000 0.000 0.000 194.127 222.037 0.000 0.000
0.000 0.000 0.000 0.000 0.000 0.000 0.000 0.000
