0.000 0.000 58.555 0.000 0.000 0.000 0.000 0.000
0.000 0.000 199.921 0.000 0.000 0.000 0.000 0.000
0.000 0.000 341.286 0.000 0.000 0.000 0.000 0.000
142.342 0.000 399.841 0.000 0.000 0.000 121.744 0.000
485.986 128.310 341.286 0.000 0.000 0.000 318.731 203.879
829.630 438.076 199.921 0.000 0.000 0.000 318.731 533.763
971.972 747.843 58.555 0.000 209.073 0.000 121.744 533.763
829.630 876.152 0.000 0.000 627.219 0.000 0.000 203.879
485.986 747.843 107.603 0.000 836.292 0.000 183.374 0.000
142.342 438.076 281.707 0.000 627.219 0.000 550.122 77.183
0.000 128.310 281.707 0.000 209.073 0.000 733.496 231.550
196.260 0.000 107.603 0.000 0.000 0.000 550.122 308.734
588.780 72.552 0.000 0.000 0.000 339.585 183.374 231.550
785.040 235.575 0.000 0.000 0.000 889.046 0.000 77.183
588.780 366.310 0.000 0.000 0.000 889.046 362.799 0.000
196.260 366.310 0.000 509.520 0.000 339.585 362.799 0.000
0.000 235.575 0.000 509.520 0.000 0.000 0.000 0.000
198.963 72.552 0.000 0.000 0.000 46.382 0.000 0.000
596.889 0.000 0.000 223.841 0.000 158.359 0.000 494.143
795.852 237.705 0.000 447.683 0.000 270.336 0.000 494.143
596.889 622.320 0.000 223.841 81.420 316.718 0.000 0.000
198.963 622.320 0.000 0.000 264.371 270.336 0.000 0.000
0.000 237.705 0.000 700.969 411.085 158.359 0.000 0.000
0.000 0.000 0.000 700.969 411.085 46.382 0.000 0.000
0.000 199.784 0.000 0.000 264.371 0.000 0.000 0.000
