0.000 0.000 0.000 0.000 0.000 537.052 0.000 0.000
0.000 0.000 0.000 0.000 0.000 716.069 0.000 0.000
0.000 0.000 0.000 145.089 0.000 537.052 0.000 91.171
0.000 0.000 0.000 495.364 0.000 179.017 0.000 311.276
0.000 0.000 0.000 845.640 0.000 0.000 0.000 531.382
0.000 0.000 388.133 990.729 0.000 75.345 0.000 622.553
0.000 0.000 388.133 845.640 55.452 257.245 0.000 531.382
0.000 0.000 0.000 495.364 189.323 439.144 132.582 311.276
0.000 0.000 487.418 145.089 323.195 514.489 430.491 91.171
0.000 0.000 974.835 0.000 378.647 439.144 669.395 0.000
0.000 0.000 487.418 136.910 323.195 257.245 669.395 0.000
0.000 0.000 0.000 467.441 189.323 75.345 430.491 0.000
0.000 0.000 345.013 797.972 55.452 0.000 132.582 0.000
0.000 0.000 903.257 934.882 0.000 0.000 0.000 0.000
0.000 0.000 903.257 797.972 0.000 0.000 244.274 0.000
0.000 0.000 345.013 467.441 0.000 0.000 244.274 0.000
0.000 0.000 0.000 136.910 0.000 0.000 0.000 109.284
0.000 0.000 300.336 0.000 0.000 0.000 671.384 354.842
0.000 0.000 600.671 0.000 0.000 0.000 671.384 551.764
0.000 203.527 300.336 0.000 0.000 0.000 0.000 551.764
54.551 532.841 0.000 0.000 0.000 0.000 0.000 354.842
186.249 532.841 258.339 0.000 0.000 0.000 0.000 109.284
317.948 203.527 676.339 0.000 320.484 0.000 0.000 0.000
372.499 0.000 676.339 0.000 839.038 389.178 0.000 0.000
317.948 452.643 258.339 0.000 839.038 389.178 0.000 0.000
