0.000 138.148 102.580 134.871 0.000 124.332 618.231 0.000
0.000 0.000 350.231 0.000 131.631 325.506 206.077 0.000
0.000 71.618 597.881 169.754 427.404 325.506 0.000 0.000
0.000 232.542 700.461 551.189 664.595 124.332 0.000 0.000
0.000 361.594 597.881 857.075 664.595 0.000 0.000 180.383
0.000 361.594 350.231 857.075 427.404 247.569 0.000 541.148
0.000 232.542 102.580 551.189 131.631 495.139 0.000 721.530
0.000 71.618 0.000 169.754 0.000 247.569 0.000 541.148
0.000 0.000 0.000 0.000 103.562 0.000 0.000 180.383
0.000 0.000 0.000 275.625 310.685 522.566 0.000 0.000
0.000 0.000 0.000 721.595 414.246 522.566 352.214 0.000
292.086 0.000 0.000 721.595 310.685 0.000 704.428 0.000
584.172 0.000 0.000 275.625 103.562 173.156 352.214 0.000
292.086 143.672 0.000 0.000 0.000 562.235 0.000 0.000
0.000 376.139 0.000 359.964 242.755 874.252 248.846 0.000
0.000 376.139 163.120 359.964 485.510 874.252 497.693 0.000
0.000 143.672 326.239 0.000 242.755 562.235 248.846 0.000
0.000 0.000 163.120 141.803 0.000 173.156 0.000 0.000
0.000 280.223 0.000 460.431 316.706 0.000 0.000 0.000
0.000 280.223 0.000 715.951 829.146 0.000 0.000 0.000
0.000 0.000 0.000 715.951 829.146 0.000 0.000 0.000
0.000 0.000 0.000 460.431 316.706 0.000 167.129 0.000
0.000 0.000 0.000 141.803 0.000 0.000 334.259 327.409
0.000 0.000 0.000 0.000 92.893 0.000 167.129 654.819
0.000 0.000 0.000 0.000 317.155 0.000 0.000 327.409
