795.995 0.000 638.536 0.000 0.000 438.679 482.572 0.000
511.908 0.000 0.000 0.000 0.000 0.000 0.000 0.000
157.657 0.000 0.000 0.000 0.000 599.433 118.798 0.000
0.000 0.000 0.000 0.000 0.000 599.433 405.602 0.000
0.000 0.000 0.000 0.000 0.000 0.000 692.406 0.000
0.000 0.000 0.000 0.000 0.000 0.000 811.204 0.000
0.000 0.000 0.000 0.000 0.000 0.000 692.406 0.000
0.000 0.000 284.397 0.000 0.000 0.000 405.602 0.000
0.000 0.000 284.397 0.000 0.000 0.000 118.798 0.000
0.000 0.000 0.000 99.570 0.000 0.000 0.000 0.000
0.000 0.000 0.000 323.302 0.000 0.000 196.904 0.000
0.000 0.000 0.000 502.721 0.000 0.000 590.712 0.000
0.000 0.000 0.000 502.721 0.000 0.000 787.616 0.000
0.000 0.000 0.000 323.302 0.000 0.000 590.712 0.000
0.000 0.000 0.000 99.570 0.000 0.000 196.904 0.000
0.000 0.000 0.000 0.000 0.000 0.000 0.000 0.000
0.000 0.000 0.000 345.233 0.000 0.000 638.189 0.000
94.406 635.763 0.000 903.833 0.000 0.000 638.189 0.000
306.536 635.763 0.000 903.833 0.000 0.000 0.000 0.000
476.651 0.000 0.000 345.233 459.589 0.000 429.405 0.000
476.651 0.000 0.000 0.000 919.178 0.000 858.809 0.000
306.536 0.000 0.000 0.000 459.589 0.000 429.405 0.000
94.406 0.000 0.000 0.000 0.000 0.000 0.000 0.000
0.000 0.000 0.000 0.000 0.000 0.000 651.990 0.000
339.111 0.000 0.000 0.000 0.000 243.541 651.990 0.000
