192.065 0.000 0.000 515.344 0.000 721.928 0.000 0.000
502.832 0.000 0.000 331.420 0.000 721.928 0.000 0.000
502.832 0.000 0.000 102.070 0.000 275.752 335.992 170.180
192.065 0.000 0.000 0.000 0.000 0.000 335.992 510.541
0.000 0.000 0.000 521.364 0.000 123.580 0.000 680.722
254.046 0.000 0.000 521.364 0.000 370.739 104.974 510.541
665.100 0.000 0.000 0.000 0.000 494.319 314.922 170.180
665.100 0.000 0.000 412.971 0.000 370.739 419.895 0.000
254.046 0.000 0.000 825.943 0.000 123.580 314.922 108.510
0.000 0.000 0.000 412.971 0.000 0.000 104.974 370.477
0.000 0.000 0.000 0.000 0.000 133.366 0.000 632.444
0.000 0.000 0.000 0.000 0.000 433.037 110.817 740.954
0.000 0.000 0.000 0.000 0.000 673.354 378.352 632.444
114.332 0.000 141.493 0.000 0.000 673.354 645.886 370.477
371.235 0.000 459.426 0.000 0.000 433.037 756.703 108.510
577.255 0.000 714.389 0.000 0.000 133.366 645.886 0.000
577.255 0.000 714.389 0.000 0.000 0.000 378.352 137.320
371.235 0.000 459.426 0.000 0.000 237.737 110.817 445.875
114.332 0.000 141.493 0.000 0.000 622.405 0.000 693.318
0.000 85.977 0.000 0.000 104.225 622.405 187.301 693.318
0.000 293.542 0.000 0.000 355.847 237.737 561.904 445.875
0.000 501.108 0.000 0.000 607.469 0.000 749.206 137.320
0.000 587.085 0.000 0.000 711.695 0.000 561.904 0.000
0.000 501.108 0.000 0.000 607.469 0.000 187.301 245.370
0.000 293.542 0.000 0.000 355.847 0.000 0.000 642.386
