907.254 68.011 0.000 239.706 0.000 733.777 125.587 0.000
583.459 232.202 0.000 0.000 0.000 733.777 376.761 0.000
179.693 396.394 0.000 118.392 0.000 0.000 502.349 0.000
0.000 464.405 0.000 384.415 63.809 0.000 376.761 104.475
0.000 396.394 0.000 597.749 207.186 0.000 125.587 339.227
0.000 232.202 0.000 597.749 322.166 0.000 0.000 527.483
0.000 68.011 91.826 384.415 322.166 0.000 71.659 527.483
0.000 0.000 298.157 118.392 207.186 0.000 232.677 339.227
0.000 0.000 463.622 0.000 63.809 0.000 361.803 104.475
0.000 0.000 463.622 175.080 0.000 0.000 361.803 0.000
0.000 0.000 298.157 350.160 84.185 0.000 232.677 0.000
0.000 0.000 91.826 175.080 252.556 0.000 71.659 0.000
0.000 0.000 0.000 0.000 336.742 0.000 0.000 0.000
0.000 0.000 647.658 0.000 252.556 0.000 0.000 0.000
0.000 0.000 647.658 0.000 84.185 0.000 0.000 0.000
0.000 0.000 0.000 0.000 0.000 0.000 0.000 0.000
0.000 99.578 319.883 0.000 0.000 0.000 0.000 0.000
0.000 323.328 837.464 0.000 0.000 0.000 509.585 0.000
0.000 502.761 837.464 0.000 0.000 0.000 509.585 0.000
0.000 502.761 319.883 0.000 0.000 0.000 0.000 0.000
0.000 323.328 0.000 120.355 0.000 0.000 0.000 0.000
0.000 99.578 381.916 390.790 0.000 0.000 0.000 0.000
0.000 0.000 763.832 607.662 0.000 0.000 0.000 0.000
0.000 0.000 381.916 607.662 0.000 0.000 0.000 0.000
0.000 0.000 0.000 390.790 0.000 0.000 0.000 0.000
