150.143 201.153 174.128 89.005 0.000 0.000 0.000 0.000
487.512 61.951 0.000 0.000 0.000 0.000 0.000 0.000
758.061 0.000 716.743 0.000 0.000 0.000 0.000 0.000
758.061 258.975 716.743 0.000 0.000 0.000 0.000 0.000
487.512 678.004 0.000 0.000 0.000 0.000 0.000 0.000
150.143 678.004 0.000 0.000 0.000 0.000 0.000 0.000
0.000 258.975 0.000 130.200 0.000 0.000 0.000 249.512
0.000 0.000 0.000 340.867 0.000 0.000 0.000 653.230
0.000 0.000 0.000 340.867 0.000 0.000 0.000 653.230
0.000 0.000 0.000 130.200 0.000 0.000 0.000 249.512
0.000 0.000 0.000 0.000 0.000 0.000 0.000 0.000
0.000 0.000 0.000 0.000 0.000 0.000 0.000 327.418
0.000 0.000 0.000 0.000 0.000 0.000 0.000 857.190
0.000 0.000 0.000 0.000 0.000 0.000 0.000 857.190
0.000 0.000 0.000 0.000 0.000 0.000 0.000 327.418
0.000 0.000 0.000 329.534 0.000 0.000 0.000 0.000
0.000 115.344 0.000 862.731 0.000 0.000 0.000 0.000
0.000 346.031 0.000 862.731 0.000 0.000 0.000 0.000
0.000 461.375 0.000 329.534 0.000 0.000 0.000 0.000
0.000 346.031 0.000 0.000 0.000 0.000 0.000 0.000
0.000 115.344 0.000 192.076 0.000 413.019 0.000 0.000
0.000 0.000 0.000 502.862 0.000 826.037 0.000 0.000
0.000 0.000 0.000 502.862 0.000 413.019 0.000 0.000
0.000 0.000 0.000 192.076 0.000 0.000 0.000 0.000
0.000 0.000 0.000 0.000 0.000 0.000 0.000 0.000
