290.301 0.000 0.000 0.000 0.000 437.586 111.139 0.000
85.027 0.000 0.000 0.000 0.000 128.166 360.865 0.000
0.000 0.000 0.000 0.000 315.682 0.000 561.130 0.000
0.000 0.000 0.000 0.000 631.364 0.000 561.130 0.000
0.000 0.000 0.000 0.000 315.682 0.000 360.865 71.473
0.000 0.000 0.000 0.000 0.000 0.000 111.139 244.024
0.000 0.000 0.000 0.000 106.858 0.000 0.000 416.574
0.000 0.000 0.000 0.000 346.964 0.000 0.000 488.047
0.000 0.000 0.000 0.000 539.515 0.000 0.000 416.574
0.000 0.000 0.000 516.188 539.515 0.000 0.000 244.024
0.000 0.000 0.000 516.188 346.964 138.697 670.486 71.473
0.000 0.000 0.000 0.000 106.858 416.091 670.486 0.000
0.000 0.000 0.000 118.357 0.000 554.788 0.000 110.153
0.000 0.000 0.000 384.304 270.782 416.091 97.201 357.664
124.426 0.000 0.000 597.577 541.564 138.697 291.603 556.152
404.008 0.000 0.000 597.577 270.782 0.000 388.804 556.152
628.216 0.000 0.000 384.304 0.000 0.000 291.603 357.664
628.216 0.000 142.349 118.357 0.000 0.000 97.201 110.153
404.008 0.000 462.205 0.000 0.000 0.000 0.000 0.000
124.426 0.000 718.710 0.000 0.000 0.000 0.000 266.991
0.000 0.000 718.710 0.000 0.000 0.000 0.000 533.983
0.000 0.000 462.205 0.000 0.000 0.000 0.000 266.991
0.000 0.000 142.349 0.000 0.000 0.000 0.000 0.000
0.000 0.000 0.000 0.000 0.000 0.000 0.000 242.919
0.000 0.000 725.554 154.015 0.000 0.000 0.000 635.970
