0.000 0.000 0.000 410.435 0.000 0.000 0.000 0.000
0.000 0.000 0.000 547.247 0.000 0.000 0.000 0.000
0.000 0.000 0.000 410.435 0.000 0.000 0.000 0.000
0.000 245.581 0.000 136.812 0.000 0.000 0.000 0.000
0.000 642.941 0.000 0.000 0.000 0.000 70.313 0.000
0.000 642.941 0.000 260.647 0.000 0.000 228.304 0.000
57.341 245.581 0.000 260.647 0.000 0.000 355.003 644.734
195.773 0.000 0.000 0.000 0.000 0.000 355.003 644.734
334.205 58.633 0.000 0.000 0.000 0.000 228.304 0.000
391.546 200.186 0.000 0.000 0.000 0.000 70.313 0.000
334.205 341.739 0.000 0.000 0.000 0.000 0.000 0.000
195.773 400.372 0.000 0.000 178.365 0.000 0.000 0.000
57.341 341.739 0.000 338.373 579.149 0.000 0.000 0.000
0.000 200.186 0.000 885.871 900.552 0.000 0.000 0.000
0.000 58.633 0.000 885.871 900.552 0.000 0.000 0.000
0.000 0.000 86.532 338.373 579.149 0.000 483.020 0.000
0.000 0.000 280.967 0.000 178.365 0.000 483.020 0.000
0.000 0.000 436.892 0.000 0.000 0.000 0.000 250.447
0.000 0.000 436.892 0.000 130.519 0.000 53.852 250.447
0.000 0.000 280.967 0.000 391.558 0.000 183.861 0.000
368.330 0.000 86.532 0.000 522.078 0.000 313.870 226.326
736.660 0.000 0.000 0.000 391.558 0.000 367.721 592.529
368.330 0.000 0.000 0.000 130.519 0.000 313.870 592.529
0.000 0.000 0.000 161.952 0.000 162.258 183.861 226.326
478.313 209.693 0.000 323.904 242.511 486.775 53.852 0.000
