494.594 0.000 507.509 0.000 0.000 0.000 0.000 551.799
289.727 0.000 297.292 499.883 0.000 137.541 0.000 646.473
84.859 0.000 87.075 499.883 0.000 469.593 0.000 551.799
0.000 0.000 0.000 0.000 0.000 801.645 0.000 323.236
672.996 0.000 0.000 137.042 0.000 939.186 0.000 94.674
672.996 0.000 0.000 358.780 0.000 801.645 448.388 0.000
0.000 0.000 0.000 358.780 0.000 469.593 896.775 0.000
0.000 0.000 0.000 137.042 0.000 137.541 448.388 0.000
0.000 0.000 0.000 0.000 314.610 0.000 0.000 0.000
0.000 0.000 108.586 719.282 823.660 0.000 312.193 0.000
0.000 0.000 370.735 719.282 823.660 0.000 817.331 0.000
0.000 0.000 632.884 0.000 314.610 0.000 817.331 0.000
0.000 484.526 741.470 187.693 0.000 0.000 312.193 128.778
0.000 969.053 632.884 563.080 0.000 0.000 0.000 439.675
0.000 484.526 370.735 750.774 0.000 0.000 0.000 750.572
0.000 0.000 108.586 563.080 0.000 0.000 0.000 879.350
0.000 0.000 0.000 187.693 0.000 0.000 0.000 750.572
266.264 0.000 0.000 0.000 187.180 0.000 0.000 439.675
532.528 0.000 0.000 262.402 374.359 141.481 0.000 128.778
266.264 0.000 0.000 262.402 187.180 424.442 0.000 0.000
0.000 0.000 0.000 0.000 0.000 565.923 0.000 341.687
247.664 0.000 132.932 0.000 0.000 424.442 0.000 894.547
742.991 423.677 431.626 0.000 0.000 141.481 0.000 894.547
990.655 423.677 671.161 0.000 0.000 0.000 0.000 341.687
742.991 0.000 671.161 0.000 0.000 0.000 0.000 0.000
