0.000 874.460 0.000 0.000 0.000 749.633 0.000 742.062
0.000 746.398 0.000 167.306 0.000 749.633 213.206 0.000
0.000 437.230 0.000 543.240 0.000 286.334 558.180 0.000
0.000 128.062 253.656 844.715 0.000 0.000 558.180 0.000
0.000 0.000 664.081 844.715 0.000 144.533 213.206 0.000
0.000 72.950 664.081 543.240 0.000 493.466 0.000 0.000
0.000 249.067 253.656 167.306 0.000 842.398 0.000 0.000
0.000 425.184 0.000 0.000 0.000 986.931 0.000 0.000
407.891 498.134 368.810 0.000 0.000 842.398 0.000 0.000
407.891 425.184 368.810 0.000 0.000 493.466 0.000 0.000
0.000 249.067 0.000 0.000 133.642 144.533 0.000 241.188
0.000 72.950 91.492 0.000 400.925 0.000 0.000 723.565
0.000 0.000 297.073 0.000 534.567 45.395 97.574 964.753
0.000 0.000 461.936 0.000 400.925 154.987 333.139 723.565
0.000 0.000 461.936 0.000 133.642 264.579 568.705 241.188
0.000 0.000 297.073 137.995 0.000 309.974 666.279 0.000
0.000 0.000 91.492 413.985 216.740 264.579 568.705 65.184
0.000 0.000 0.000 551.981 567.433 154.987 333.139 211.651
0.000 0.000 463.451 413.985 567.433 45.395 97.574 329.109
316.012 0.000 926.903 137.995 216.740 0.000 0.000 329.109
827.329 221.281 463.451 0.000 0.000 0.000 240.188 211.651
827.329 579.322 0.000 164.751 126.208 0.000 628.820 65.184
316.012 579.322 220.143 534.942 378.623 0.000 628.820 0.000
0.000 221.281 576.341 831.813 504.831 0.000 240.188 0.000
0.000 0.000 576.341 831.813 378.623 0.000 0.000 0.000
