732.719 0.000 0.000 0.000 0.000 0.000 0.000 0.000
976.958 232.577 0.000 0.000 0.000 0.000 72.165 0.000
732.719 232.577 0.000 0.000 0.000 0.000 246.385 220.152
244.240 0.000 0.000 0.000 0.000 0.000 420.606 576.366
0.000 219.710 0.000 0.000 0.000 0.000 492.771 576.366
196.038 659.130 0.000 0.000 0.000 138.367 420.606 220.152
588.115 878.840 0.000 0.000 0.000 449.275 246.385 0.000
784.154 659.130 0.000 0.000 83.239 698.604 72.165 124.430
588.115 219.710 0.000 0.000 284.196 698.604 0.000 325.761
196.038 0.000 0.000 0.000 485.153 449.275 0.000 325.761
0.000 0.000 0.000 0.000 568.392 138.367 0.000 124.430
141.910 0.000 0.000 0.000 485.153 0.000 0.000 0.000
484.511 0.000 0.000 0.000 284.196 79.858 0.000 79.260
827.113 0.000 0.000 0.000 83.239 272.653 0.000 270.612
969.023 0.000 0.000 0.000 0.000 465.448 52.990 461.963
827.113 0.000 0.000 0.000 0.000 545.306 180.919 541.223
484.511 142.910 0.000 0.000 0.000 465.448 308.847 461.963
141.910 464.025 0.000 0.000 0.000 272.653 361.837 270.612
0.000 721.540 745.524 0.000 0.000 79.858 308.847 79.260
0.000 721.540 745.524 0.000 0.000 0.000 180.919 0.000
0.000 464.025 0.000 0.000 0.000 0.000 52.990 266.713
0.000 142.910 443.922 314.696 0.000 0.000 0.000 698.263
0.000 0.000 443.922 629.392 115.325 0.000 258.685 698.263
0.000 124.052 0.000 314.696 393.743 0.000 677.246 266.713
0.000 402.794 0.000 0.000 672.161 0.000 677.246 0.000
