225.782 0.000 0.000 0.000 0.000 396.731 0.000 0.000
0.000 0.000 0.000 0.000 0.000 396.731 0.000 0.000
0.000 0.000 0.000 0.000 0.000 151.538 0.000 0.000
0.000 0.000 0.000 0.000 0.000 0.000 0.000 0.000
0.000 0.000 0.000 0.000 0.000 0.000 0.000 0.000
0.000 0.000 0.000 0.000 0.000 0.000 0.000 0.000
0.000 0.000 225.717 0.000 0.000 0.000 288.099 0.000
0.000 90.959 677.152 0.000 0.000 0.000 576.199 0.000
0.000 272.878 902.870 0.000 0.000 0.000 288.099 0.000
0.000 363.838 677.152 0.000 0.000 0.000 0.000 0.000
0.000 272.878 225.717 0.000 0.000 0.000 0.000 0.000
0.000 90.959 0.000 0.000 0.000 0.000 0.000 0.000
0.000 0.000 331.624 0.000 0.000 0.000 0.000 94.003
0.000 170.758 331.624 0.000 121.408 0.000 0.000 320.947
0.000 554.449 0.000 0.000 394.209 0.000 0.000 547.891
0.000 862.145 162.590 0.000 612.979 0.000 0.000 641.894
0.000 862.145 527.927 509.061 612.979 0.000 0.000 547.891
0.000 554.449 820.904 509.061 394.209 0.000 0.000 320.947
0.000 170.758 820.904 0.000 121.408 0.000 280.833 94.003
0.000 0.000 527.927 274.783 0.000 0.000 561.665 0.000
0.000 309.700 162.590 719.392 0.000 0.000 280.833 0.000
0.000 810.804 0.000 719.392 0.000 0.000 0.000 0.000
644.789 810.804 544.714 274.783 0.000 0.000 462.207 0.000
644.789 309.700 544.714 0.000 0.000 0.000 924.414 0.000
0.000 0.000 0.000 113.477 0.000 0.000 462.207 0.000
