0.000 0.000 0.000 0.000 0.000 294.202 0.000 141.316
0.000 0.000 611.246 375.496 0.000 392.270 48.680 0.000
288.863 0.000 611.246 750.992 0.000 294.202 166.204 397.284
577.727 0.000 0.000 375.496 0.000 98.067 283.727 794.568
288.863 0.000 311.798 0.000 0.000 0.000 332.407 397.284
0.000 0.000 623.596 139.964 0.000 91.245 283.727 0.000
0.000 0.000 311.798 454.462 0.000 311.532 166.204 0.000
0.000 0.000 0.000 706.669 0.000 531.818 48.680 0.000
0.000 0.000 184.386 706.669 0.000 623.063 0.000 0.000
0.000 0.000 598.699 454.462 0.000 531.818 451.112 0.000
0.000 0.000 930.952 139.964 0.000 311.532 902.224 383.272
0.000 0.000 930.952 0.000 0.000 91.245 451.112 766.544
0.000 0.000 598.699 0.000 0.000 0.000 0.000 383.272
0.000 0.000 184.386 0.000 0.000 123.036 0.000 0.000
128.211 0.000 0.000 0.000 0.000 399.496 0.000 0.000
335.661 0.000 0.000 0.000 0.000 621.199 0.000 0.000
335.661 0.000 0.000 0.000 0.000 621.199 0.000 0.000
128.211 0.000 0.000 0.000 0.000 399.496 0.000 0.000
0.000 0.000 0.000 0.000 168.439 123.036 186.320 0.000
78.181 0.000 0.000 0.000 440.979 0.000 604.979 0.000
266.926 0.000 0.000 0.000 440.979 0.000 940.716 0.000
455.671 0.000 0.000 0.000 168.439 0.000 940.716 236.699
533.852 0.000 0.000 0.000 0.000 0.000 604.979 236.699
455.671 0.000 0.000 198.493 75.609 0.000 186.320 0.000
266.926 0.000 0.000 396.986 258.147 0.000 0.000 0.000
