0.000 0.000 0.000 0.000 337.508 157.747 56.589 0.000
0.000 137.081 0.000 0.000 288.081 412.987 0.000 0.000
0.000 468.024 0.000 0.000 168.754 412.987 0.000 0.000
0.000 798.968 0.000 0.000 49.427 157.747 0.000 0.000
0.000 936.049 0.000 0.000 0.000 0.000 0.000 0.000
0.000 798.968 0.000 0.000 95.163 202.306 120.769 0.000
0.000 468.024 0.000 0.000 308.992 606.917 392.136 294.920
0.000 137.081 0.000 0.000 480.469 809.223 609.754 294.920
0.000 0.000 0.000 0.000 480.469 606.917 609.754 0.000
0.000 121.471 0.000 0.000 308.992 202.306 392.136 182.427
0.000 394.415 0.000 0.000 95.163 0.000 120.769 547.282
0.000 613.298 0.000 237.343 0.000 0.000 0.000 729.709
0.000 613.298 0.000 712.030 0.000 0.000 78.533 547.282
0.000 394.415 255.915 949.373 0.000 0.000 268.127 182.427
0.000 121.471 255.915 712.030 0.000 0.000 457.721 0.000
0.000 0.000 0.000 237.343 0.000 0.000 536.254 73.919
0.000 349.583 0.000 0.000 0.000 0.000 457.721 252.374
0.000 699.165 0.000 0.000 0.000 0.000 268.127 430.829
0.000 349.583 0.000 0.000 0.000 0.000 78.533 504.747
0.000 0.000 0.000 0.000 0.000 0.000 0.000 430.829
0.000 159.501 0.000 0.000 0.000 0.000 279.676 252.374
0.000 417.579 0.000 119.366 0.000 0.000 732.200 73.919
0.000 417.579 0.000 358.097 0.000 0.000 732.200 0.000
0.000 159.501 0.000 477.463 0.000 0.000 279.676 334.846
0.000 0.000 0.000 358.097 0.000 0.000 0.000 334.846
