81.681 0.000 0.000 0.000 485.286 81.301 0.000 0.000
265.217 0.000 0.000 0.000 970.571 0.000 0.000 0.000
412.402 0.000 0.000 189.311 485.286 0.000 0.000 0.000
412.402 0.000 0.000 567.933 0.000 0.000 0.000 283.671
265.217 0.000 0.000 757.244 183.902 0.000 0.000 742.660
81.681 707.923 0.000 567.933 367.804 0.000 0.000 742.660
0.000 707.923 56.822 189.311 183.902 0.000 0.000 283.671
0.000 0.000 194.004 0.000 0.000 0.000 0.000 0.000
0.000 257.708 331.185 208.393 0.000 0.000 0.000 226.005
0.000 674.690 388.007 625.179 0.000 0.000 0.000 452.009
0.000 674.690 331.185 833.572 0.000 46.642 0.000 226.005
95.418 257.708 194.004 625.179 0.000 159.247 0.000 0.000
325.778 0.000 56.822 208.393 583.338 271.852 0.000 0.000
556.137 213.884 0.000 0.000 583.338 318.494 0.000 0.000
651.555 641.653 183.800 364.318 0.000 271.852 293.663 0.000
556.137 855.537 596.796 728.636 714.382 159.247 587.326 160.670
325.778 641.653 927.993 364.318 714.382 46.642 293.663 420.640
95.418 213.884 927.993 0.000 0.000 0.000 0.000 420.640
0.000 0.000 596.796 145.741 291.457 0.000 660.923 160.670
104.350 245.378 183.800 497.590 291.457 0.000 660.923 0.000
356.273 245.378 0.000 849.440 0.000 0.000 0.000 0.000
608.196 0.000 0.000 995.180 138.734 0.000 47.671 0.000
712.545 0.000 0.000 849.440 450.466 0.000 162.760 0.000
608.196 0.000 0.000 497.590 700.456 431.837 277.849 100.958
356.273 0.000 0.000 145.741 700.456 863.674 325.521 327.808
