0.000 161.079 0.000 0.000 0.000 484.122 0.000 0.000
0.000 421.709 228.663 0.000 0.000 363.091 0.000 0.000
0.000 421.709 685.990 0.000 0.000 121.030 0.000 0.000
0.000 161.079 914.654 0.000 118.655 0.000 0.000 0.000
0.000 0.000 685.990 359.376 385.271 206.182 488.929 0.000
0.000 207.427 228.663 718.751 599.081 618.545 977.858 0.000
0.000 543.052 0.000 359.376 599.081 824.727 488.929 0.000
0.000 543.052 201.235 0.000 385.271 618.545 0.000 0.000
0.000 207.427 526.841 0.000 118.655 206.182 136.209 0.000
0.000 0.000 526.841 0.000 0.000 0.000 356.599 0.000
0.000 133.690 201.235 0.000 112.940 76.691 356.599 0.000
0.000 434.087 0.000 0.000 366.712 230.073 136.209 0.000
0.000 674.988 188.827 0.000 570.222 306.764 0.000 0.000
0.000 674.988 377.655 0.000 570.222 230.073 0.000 0.000
100.487 434.087 188.827 107.280 366.712 76.691 0.000 0.000
326.279 133.690 0.000 280.864 112.940 0.000 0.000 0.000
507.350 0.000 130.902 280.864 0.000 0.000 360.024 0.000
507.350 83.351 446.928 107.280 155.140 0.000 720.048 0.000
326.279 270.640 762.953 0.000 503.735 0.000 360.024 0.000
100.487 420.835 893.856 0.000 783.287 0.000 0.000 0.000
0.000 420.835 762.953 0.000 783.287 0.000 0.000 0.000
93.864 270.640 446.928 0.000 503.735 0.000 0.000 0.000
304.773 83.351 130.902 0.000 155.140 248.416 0.000 122.895
473.909 0.000 0.000 0.000 0.000 496.833 0.000 368.686
473.909 328.460 0.000 0.000 245.459 248.416 60.751 491.582
