0.000 735.281 0.000 507.940 0.000 0.000 0.000 0.000
0.000 735.281 0.000 380.955 0.000 0.000 0.000 0.000
0.000 280.852 0.000 126.985 0.000 0.000 188.123 0.000
0.000 0.000 0.000 0.000 0.000 0.000 492.511 0.000
0.000 282.257 0.000 0.000 0.000 0.000 492.511 0.000
0.000 564.515 133.836 0.000 0.000 0.000 188.123 0.000
0.000 282.257 401.508 0.000 0.000 0.000 0.000 86.325
0.000 0.000 535.344 0.000 0.000 0.000 119.155 280.297
0.000 0.000 401.508 0.000 333.394 0.000 357.464 435.850
0.000 0.000 133.836 0.000 666.787 0.000 476.619 435.850
0.000 0.000 0.000 0.000 333.394 0.000 357.464 280.297
0.000 0.000 249.958 0.000 0.000 0.000 119.155 86.325
0.000 0.000 749.874 0.000 0.000 0.000 0.000 0.000
0.000 0.000 999.832 0.000 0.000 0.000 260.045 114.259
0.000 0.000 749.874 0.000 0.000 0.000 520.089 370.996
0.000 0.000 249.958 0.000 0.000 229.004 260.045 576.883
0.000 0.000 0.000 0.000 0.000 687.013 0.000 576.883
0.000 0.000 0.000 0.000 0.000 916.018 0.000 370.996
0.000 0.000 0.000 0.000 0.000 687.013 0.000 114.259
0.000 0.000 0.000 0.000 0.000 229.004 0.000 0.000
0.000 0.000 0.000 0.000 58.205 0.000 0.000 0.000
0.000 0.000 0.000 206.233 188.991 362.864 0.000 0.000
84.487 0.000 653.435 618.700 293.873 725.727 0.000 0.000
274.329 0.000 653.435 824.933 293.873 362.864 0.000 0.000
426.570 0.000 0.000 618.700 188.991 0.000 0.000 0.000
