361.617 577.514 293.240 210.863 0.000 117.025 0.000 131.514
423.660 338.300 455.976 552.045 0.000 0.000 0.000 0.000
361.617 99.086 455.976 552.045 0.000 121.985 138.220 0.000
211.830 0.000 293.240 210.863 0.000 365.954 471.912 0.000
62.044 0.000 90.312 0.000 0.000 487.939 805.604 0.000
0.000 0.000 0.000 44.325 0.000 365.954 943.824 0.000
0.000 0.000 0.000 151.336 0.000 121.985 805.604 0.000
0.000 0.000 0.000 258.346 0.000 0.000 471.912 0.000
0.000 0.000 0.000 302.672 0.000 0.000 138.220 0.000
0.000 0.000 0.000 258.346 0.000 0.000 0.000 0.000
136.872 87.858 0.000 151.336 0.000 0.000 60.552 0.000
358.335 285.273 0.000 44.325 0.000 0.000 196.611 0.000
358.335 443.587 0.000 0.000 0.000 0.000 305.722 0.000
136.872 443.587 0.000 0.000 0.000 0.000 305.722 0.000
0.000 285.273 0.000 0.000 0.000 0.000 196.611 0.000
0.000 87.858 0.000 0.000 0.000 0.000 60.552 618.944
0.000 0.000 0.000 150.305 0.000 0.000 0.000 618.944
0.000 180.804 0.000 393.503 0.000 0.000 0.000 0.000
0.000 361.608 0.000 393.503 0.000 0.000 0.000 0.000
0.000 180.804 0.000 150.305 0.000 0.000 0.000 0.000
0.000 0.000 0.000 0.000 0.000 0.000 0.000 0.000
0.000 81.935 0.000 188.920 0.000 0.000 0.000 0.000
0.000 266.043 0.000 494.598 0.000 0.000 0.000 0.000
0.000 413.685 0.000 494.598 0.000 0.000 0.000 0.000
0.000 413.685 75.683 188.920 0.000 0.000 79.714 0.000
