55.902 108.400 355.553 0.000 229.835 0.000 0.000 106.107
0.000 0.000 711.106 0.000 0.000 0.000 157.057 362.272
0.000 0.000 355.553 0.000 0.000 0.000 411.181 618.436
0.000 0.000 0.000 150.390 0.000 0.000 411.181 724.543
0.000 0.000 225.373 300.781 0.000 0.000 157.057 618.436
0.000 0.000 590.034 150.390 0.000 0.000 0.000 362.272
0.000 0.000 590.034 0.000 0.000 297.835 0.000 106.107
0.000 249.707 225.373 133.513 81.719 595.670 0.000 0.000
0.000 749.121 0.000 400.539 279.005 297.835 0.000 0.000
0.000 998.828 0.000 534.052 476.291 0.000 128.072 0.000
0.000 749.121 0.000 400.539 558.009 0.000 437.264 0.000
0.000 249.707 0.000 133.513 476.291 0.000 746.456 0.000
0.000 0.000 0.000 0.000 279.005 0.000 874.528 0.000
0.000 0.000 0.000 56.901 81.719 0.000 746.456 0.000
0.000 0.000 0.000 194.271 0.000 653.016 437.264 0.000
0.000 0.000 0.000 331.641 88.050 653.016 128.072 0.000
0.000 0.000 0.000 388.542 264.149 0.000 0.000 0.000
494.907 0.000 0.000 331.641 352.199 333.599 83.329 0.000
494.907 0.000 0.000 194.271 264.149 667.199 270.568 0.000
0.000 0.000 0.000 56.901 88.050 333.599 420.722 175.149
0.000 0.000 0.000 0.000 0.000 0.000 420.722 568.704
0.000 165.900 0.000 0.000 0.000 0.000 270.568 884.311
0.000 538.673 0.000 0.000 0.000 0.000 83.329 884.311
0.000 837.614 0.000 0.000 0.000 0.000 0.000 568.704
110.510 837.614 0.000 0.000 0.000 311.691 0.000 175.149
