627.900 0.000 294.007 0.000 121.611 0.000 267.345 0.000
209.300 0.000 457.168 0.000 415.206 0.000 78.303 0.000
0.000 0.000 457.168 0.000 708.801 452.116 0.000 0.000
251.820 0.000 294.007 0.000 830.411 904.231 0.000 0.000
659.272 0.000 90.548 0.000 708.801 452.116 0.000 0.000
659.272 0.000 0.000 0.000 415.206 0.000 0.000 0.000
251.820 0.000 0.000 0.000 121.611 0.000 0.000 314.508
0.000 0.000 0.000 91.866 0.000 0.000 0.000 823.393
0.000 0.000 0.000 313.652 342.025 0.000 0.000 823.393
0.000 0.000 0.000 535.437 895.434 0.000 0.000 314.508
0.000 439.161 0.000 627.303 895.434 0.000 0.000 0.000
0.000 878.322 0.000 535.437 342.025 0.000 433.200 137.305
0.000 439.161 0.000 313.652 0.000 0.000 433.200 359.469
0.000 0.000 0.000 91.866 526.818 258.338 0.000 359.469
0.000 0.000 0.000 0.000 526.818 516.675 89.878 137.305
0.000 0.000 0.000 62.904 0.000 258.338 306.861 0.000
100.298 0.000 0.000 214.769 0.000 0.000 523.845 179.741
342.439 0.000 0.000 366.634 0.000 0.000 613.722 583.616
584.579 0.000 130.760 429.539 0.000 0.000 523.845 907.499
684.877 0.000 424.576 366.634 0.000 0.000 306.861 907.499
584.579 0.000 660.198 214.769 0.000 0.000 89.878 583.616
342.439 0.000 660.198 62.904 0.000 0.000 0.000 179.741
100.298 0.000 424.576 0.000 0.000 0.000 0.000 0.000
0.000 0.000 130.760 250.437 0.000 0.000 0.000 0.000
152.509 0.000 0.000 655.653 0.000 0.000 0.000 0.000
