0.000 0.000 0.000 656.221 0.000 77.137 0.000 368.373
225.427 0.000 0.000 218.740 0.000 250.461 194.935 491.164
676.280 0.000 143.892 0.000 0.000 389.456 510.346 368.373
901.707 0.000 467.215 201.550 0.000 389.456 510.346 122.791
676.280 0.000 726.499 604.650 0.000 250.461 194.935 0.000
225.427 0.000 726.499 806.200 0.000 77.137 0.000 378.017
0.000 0.000 467.215 604.650 0.000 0.000 145.144 756.034
55.898 0.000 143.892 201.550 175.557 293.749 435.431 378.017
190.847 135.488 0.000 0.000 570.031 293.749 580.575 0.000
325.796 439.926 0.000 227.136 886.375 0.000 435.431 0.000
381.694 684.066 0.000 594.650 886.375 320.132 145.144 0.000
325.796 684.066 0.000 594.650 570.031 838.117 0.000 0.000
190.847 439.926 0.000 227.136 175.557 838.117 0.000 0.000
55.898 135.488 0.000 0.000 0.000 320.132 0.000 0.000
0.000 0.000 0.000 0.000 0.000 0.000 0.000 0.000
257.445 0.000 0.000 0.000 0.000 0.000 0.000 0.000
514.890 0.000 0.000 0.000 0.000 0.000 0.000 0.000
257.445 0.000 0.000 335.721 0.000 0.000 0.000 0.000
0.000 0.000 0.000 878.928 0.000 0.000 431.562 0.000
0.000 105.330 0.000 878.928 0.000 0.000 431.562 0.000
0.000 342.003 0.000 335.721 0.000 0.000 0.000 0.000
0.000 531.801 0.000 0.000 0.000 0.000 0.000 0.000
0.000 531.801 0.000 0.000 0.000 0.000 0.000 0.000
0.000 342.003 0.000 0.000 0.000 0.000 0.000 0.000
0.000 105.330 0.000 0.000 0.000 0.000 0.000 0.000
