0.000 0.000 0.000 0.000 0.000 497.527 0.000 0.000
389.360 109.648 0.000 0.000 0.000 190.038 0.000 0.000
778.721 356.025 0.000 0.000 0.000 0.000 0.000 0.000
389.360 553.604 0.000 0.000 0.000 0.000 0.000 0.000
0.000 553.604 0.000 0.000 0.000 0.000 0.000 0.000
0.000 356.025 0.000 0.000 0.000 0.000 0.000 0.000
0.000 109.648 0.000 0.000 0.000 0.000 0.000 0.000
0.000 0.000 0.000 0.000 0.000 0.000 0.000 0.000
0.000 216.927 0.000 79.854 0.000 0.000 0.000 0.000
0.000 567.923 0.000 259.284 0.000 0.000 0.000 0.000
0.000 567.923 0.000 403.177 0.000 0.000 0.000 0.000
0.000 216.927 0.000 403.177 0.000 0.000 0.000 0.000
0.000 0.000 0.000 259.284 0.000 0.000 0.000 0.000
0.000 0.000 182.678 79.854 400.561 0.000 0.000 0.000
0.000 0.000 478.258 0.000 801.122 162.646 0.000 0.000
0.000 0.000 478.258 502.626 400.561 528.107 0.000 0.000
0.000 0.000 182.678 502.626 0.000 821.184 0.000 0.000
0.000 0.000 0.000 0.000 98.047 821.184 0.000 0.000
0.000 0.000 0.000 105.892 318.356 528.107 78.408 0.000
0.000 0.000 0.000 343.830 495.030 162.646 235.223 0.000
188.592 458.600 0.000 534.641 495.030 0.000 313.630 0.000
565.775 917.200 0.000 534.641 318.356 201.818 235.223 0.000
754.367 458.600 44.880 343.830 98.047 528.366 78.408 0.000
565.775 0.000 153.229 105.892 0.000 528.366 0.000 0.000
188.592 0.000 261.579 0.000 0.000 201.818 205.281 0.000
