0.000 540.692 503.773 0.000 0.000 0.000 0.000 0.000
0.000 405.519 377.830 0.000 0.000 0.000 0.000 0.000
0.000 135.173 125.943 0.000 0.000 0.000 0.000 0.000
0.000 0.000 0.000 0.000 0.000 0.000 0.000 0.000
0.000 328.069 68.159 0.000 0.000 0.000 0.000 0.000
0.000 656.138 221.311 83.820 0.000 0.000 0.000 0.000
0.000 328.069 344.130 272.163 0.000 0.000 0.000 0.000
0.000 0.000 344.130 423.202 0.000 378.921 0.000 0.000
0.000 342.162 221.311 423.202 0.000 757.842 0.000 0.000
0.000 895.792 68.159 272.163 0.000 378.921 0.000 0.000
0.000 895.792 0.000 83.820 0.000 0.000 0.000 0.000
0.000 342.162 0.000 0.000 0.000 0.000 0.000 0.000
0.000 0.000 0.000 138.829 0.000 0.000 0.000 0.000
187.808 0.000 0.000 416.488 0.000 0.000 0.000 175.091
563.424 0.000 0.000 555.318 0.000 0.000 0.000 525.272
751.232 0.000 0.000 416.488 0.000 0.000 0.000 700.363
563.424 0.000 0.000 138.829 0.000 0.000 0.000 525.272
187.808 0.000 0.000 0.000 190.802 0.000 0.000 175.091
0.000 0.000 91.598 203.835 499.527 0.000 0.000 0.000
0.000 619.902 312.735 533.648 499.527 154.420 0.000 429.596
0.000 619.902 533.872 533.648 190.802 501.400 0.000 859.191
0.000 0.000 625.470 203.835 0.000 779.655 0.000 429.596
0.000 0.000 533.872 0.000 69.855 779.655 0.000 0.000
251.317 0.000 312.735 0.000 238.500 501.400 0.000 0.000
657.956 0.000 91.598 0.000 407.144 154.420 0.000 0.000
