144.656 0.000 0.000 248.580 271.656 0.000 0.000 0.000
433.969 0.000 0.000 0.000 543.312 0.000 0.000 0.000
578.626 0.000 0.000 0.000 271.656 0.000 0.000 0.000
433.969 0.000 0.000 0.000 0.000 0.000 0.000 88.813
144.656 0.000 0.000 0.000 0.000 0.000 0.000 303.226
0.000 107.351 0.000 0.000 0.000 0.000 331.424 517.639
228.932 366.519 0.000 0.000 0.000 0.000 331.424 606.452
599.352 625.686 0.000 0.000 0.000 343.898 0.000 517.639
599.352 733.037 87.456 0.000 0.000 343.898 295.725 303.226
228.932 625.686 298.593 130.497 0.000 0.000 591.450 88.813
0.000 366.519 509.730 423.723 0.000 221.078 295.725 0.000
98.276 107.351 597.186 658.871 174.331 442.156 0.000 0.000
335.535 0.000 509.730 658.871 522.994 221.078 249.451 0.000
572.793 0.000 298.593 423.723 697.325 0.000 249.451 0.000
671.069 0.000 87.456 130.497 522.994 0.000 0.000 0.000
572.793 0.000 0.000 0.000 174.331 0.000 0.000 0.000
335.535 0.000 102.754 330.938 0.000 0.000 0.000 0.000
98.276 0.000 308.263 661.877 0.000 0.000 0.000 0.000
0.000 0.000 411.018 330.938 0.000 0.000 0.000 0.000
114.144 0.000 308.263 0.000 0.000 0.000 0.000 0.000
389.712 0.000 102.754 72.414 0.000 0.000 0.000 0.000
665.280 0.000 0.000 247.236 0.000 0.000 122.936 0.000
779.424 135.093 0.000 422.057 0.000 0.000 419.731 274.173
665.280 461.236 0.000 494.471 0.000 0.000 716.526 274.173
389.712 787.379 0.000 422.057 316.208 0.000 839.462 0.000
