234.359 101.989 0.000 144.457 467.609 453.096 441.724 0.000
0.000 331.157 0.000 0.000 273.919 604.129 168.724 0.000
0.000 514.936 187.376 342.145 80.229 453.096 0.000 0.000
0.000 514.936 490.557 895.747 0.000 151.032 152.136 0.000
0.000 331.157 490.557 895.747 169.861 0.000 456.409 0.000
185.397 101.989 187.376 342.145 509.582 0.000 608.546 0.000
556.191 0.000 0.000 0.000 679.443 0.000 456.409 132.653
741.588 257.454 0.000 0.000 509.582 0.000 152.136 397.958
556.191 514.908 0.000 0.000 169.861 0.000 0.000 530.610
185.397 257.454 0.000 0.000 0.000 0.000 0.000 397.958
0.000 0.000 0.000 0.000 136.988 0.000 0.000 132.653
83.404 0.000 168.999 0.000 467.706 0.000 0.000 0.000
270.813 0.000 506.996 0.000 798.424 0.000 0.000 0.000
421.102 0.000 675.995 0.000 935.412 0.000 0.000 0.000
421.102 0.000 506.996 0.000 798.424 0.000 0.000 0.000
270.813 0.000 168.999 0.000 467.706 0.000 0.000 0.000
83.404 0.000 0.000 0.000 136.988 0.000 0.000 0.000
0.000 0.000 129.702 0.000 0.000 0.000 0.000 0.000
0.000 0.000 421.141 661.756 0.000 0.000 0.000 0.000
0.000 212.414 654.856 661.756 0.000 0.000 0.000 0.000
0.000 556.107 654.856 0.000 0.000 0.000 687.166 0.000
0.000 556.107 421.141 0.000 0.000 0.000 687.166 0.000
0.000 212.414 129.702 0.000 0.000 0.000 0.000 0.000
0.000 0.000 0.000 0.000 0.000 0.000 115.567 0.000
0.000 134.504 392.039 0.000 0.000 0.000 346.702 108.735
