0.000 0.000 808.614 386.225 0.000 182.330 0.000 0.000
0.000 114.059 606.461 386.225 0.000 546.991 0.000 0.000
0.000 298.609 202.154 0.000 0.000 729.322 0.000 0.000
0.000 298.609 0.000 200.928 0.000 546.991 486.112 0.000
0.000 114.059 0.000 526.037 0.000 182.330 972.225 0.000
0.000 0.000 0.000 526.037 0.000 0.000 486.112 0.000
0.000 0.000 0.000 200.928 0.000 80.101 0.000 0.000
121.564 0.000 0.000 0.000 0.000 260.086 101.323 0.000
415.046 0.000 0.000 143.213 0.000 404.423 345.938 0.000
708.527 0.000 181.680 488.959 0.000 404.423 590.552 109.113
830.091 0.000 475.643 834.704 0.000 260.086 691.875 327.340
708.527 0.000 475.643 977.917 87.596 80.101 590.552 436.453
415.046 0.000 181.680 834.704 284.422 0.000 345.938 327.340
121.564 0.000 0.000 488.959 442.264 254.332 101.323 109.113
0.000 0.000 85.403 143.213 442.264 665.851 0.000 0.000
0.000 0.000 291.584 0.000 284.422 665.851 115.757 479.116
0.000 0.000 497.765 0.000 87.596 254.332 395.220 958.232
0.000 0.000 583.168 0.000 0.000 0.000 674.683 479.116
0.000 0.000 497.765 0.000 269.473 0.000 790.440 0.000
0.000 0.000 291.584 0.000 538.945 0.000 674.683 96.528
0.000 0.000 85.403 0.000 269.473 0.000 395.220 313.424
344.841 0.000 0.000 0.000 0.000 0.000 115.757 487.362
902.806 0.000 0.000 0.000 86.656 0.000 0.000 487.362
902.806 0.000 0.000 171.994 259.967 0.000 0.000 313.424
344.841 0.000 0.000 558.460 346.622 92.065 0.000 96.528
