0.000 0.000 0.000 389.164 0.000 0.000 0.000 0.000
0.000 0.000 0.000 119.854 0.000 0.000 0.000 181.720
0.000 0.000 0.000 0.000 0.000 0.000 0.000 545.161
0.000 0.000 145.831 0.000 0.000 0.000 0.000 726.882
567.437 0.000 437.492 0.000 0.000 0.000 0.000 545.161
567.437 0.000 583.323 0.000 0.000 0.000 0.000 181.720
0.000 0.000 437.492 0.000 137.638 0.000 0.000 0.000
0.000 0.000 145.831 0.000 360.341 0.000 322.623 0.000
0.000 0.000 0.000 492.330 360.341 0.000 844.637 0.000
0.000 0.000 0.000 984.660 137.638 0.000 844.637 0.000
0.000 0.000 0.000 492.330 0.000 0.000 322.623 0.000
0.000 0.000 0.000 0.000 159.401 0.000 0.000 0.000
0.000 0.000 0.000 0.000 478.203 0.000 0.000 0.000
0.000 0.000 0.000 0.000 637.604 0.000 0.000 0.000
0.000 0.000 0.000 0.000 478.203 0.000 0.000 0.000
0.000 0.000 0.000 0.000 159.401 0.000 0.000 0.000
70.608 0.000 0.000 0.000 0.000 0.000 0.000 0.000
241.070 0.000 605.965 0.000 0.000 0.000 0.000 0.000
411.533 0.000 605.965 0.000 0.000 0.000 0.000 0.000
482.141 0.000 0.000 418.390 0.000 0.000 0.000 0.000
411.533 0.000 184.259 836.780 0.000 0.000 0.000 0.000
241.070 0.000 482.395 418.390 0.000 0.000 0.000 0.000
70.608 0.000 482.395 0.000 0.000 0.000 0.000 0.000
0.000 0.000 184.259 0.000 0.000 0.000 0.000 272.161
0.000 0.000 0.000 0.000 0.000 0.000 0.000 544.322
