0.000 0.000 659.517 0.000 0.000 0.000 0.000 97.627
0.000 0.000 879.355 0.000 100.445 0.000 0.000 316.992
0.000 0.000 659.517 0.000 326.143 0.000 0.000 492.910
0.000 0.000 219.839 0.000 507.139 0.000 0.000 492.910
233.765 0.000 0.000 0.000 507.139 0.000 0.000 316.992
612.005 158.264 546.585 0.000 326.143 0.000 76.279 97.627
612.005 513.879 546.585 0.000 100.445 0.000 228.838 0.000
233.765 799.060 0.000 0.000 0.000 105.965 305.117 0.000
0.000 799.060 124.405 745.731 0.000 361.787 228.838 0.000
0.000 513.879 403.942 745.731 0.000 617.609 76.279 0.000
0.000 158.264 628.113 0.000 0.000 723.574 0.000 0.000
0.000 0.000 628.113 367.896 0.000 617.609 0.000 0.000
0.000 0.000 403.942 735.792 494.088 361.787 0.000 0.000
0.000 0.000 124.405 367.896 988.175 105.965 0.000 180.534
0.000 0.000 0.000 0.000 494.088 0.000 0.000 472.644
0.000 0.000 110.987 58.005 0.000 162.542 0.000 472.644
0.000 0.000 360.371 188.342 131.206 487.627 0.000 180.534
0.000 0.000 560.362 292.864 426.022 650.169 491.888 0.000
0.000 0.000 560.362 292.864 662.447 487.627 983.777 0.000
0.000 0.000 360.371 188.342 662.447 162.542 491.888 0.000
0.000 0.000 110.987 58.005 426.022 0.000 0.000 0.000
0.000 0.000 0.000 0.000 131.206 0.000 0.000 0.000
0.000 0.000 0.000 0.000 0.000 0.000 0.000 329.404
0.000 0.000 0.000 0.000 175.512 0.000 0.000 658.807
0.000 0.000 0.000 0.000 569.885 0.000 0.000 329.404
