0.000 514.947 0.000 741.753 0.000 0.000 670.227 108.087
426.528 331.164 0.000 989.004 710.182 0.000 223.409 350.956
853.056 101.992 0.000 741.753 710.182 0.000 0.000 545.722
426.528 0.000 0.000 247.251 0.000 0.000 334.219 545.722
0.000 0.000 0.000 0.000 0.000 0.000 874.997 350.956
0.000 0.000 0.000 398.877 0.000 46.600 874.997 108.087
0.000 0.000 0.000 398.877 0.000 159.101 334.219 0.000
0.000 0.000 99.921 0.000 0.000 271.603 0.000 79.464
0.000 0.000 341.152 127.902 0.000 318.203 0.000 258.019
0.000 0.000 582.383 415.296 0.000 271.603 0.000 401.209
0.000 0.000 682.305 645.768 0.000 159.101 0.000 401.209
0.000 0.000 582.383 645.768 0.000 46.600 0.000 258.019
72.252 0.000 341.152 415.296 132.756 0.000 0.000 79.464
246.682 0.000 99.921 127.902 398.269 198.443 0.000 0.000
421.113 74.792 0.000 0.000 531.025 595.328 0.000 0.000
493.365 242.849 0.000 195.275 398.269 793.770 386.413 0.000
421.113 377.621 0.000 511.236 132.756 595.328 386.413 0.000
246.682 377.621 0.000 511.236 0.000 198.443 0.000 0.000
72.252 242.849 0.000 195.275 270.955 0.000 245.197 0.000
0.000 74.792 0.000 0.000 270.955 138.661 735.591 0.000
0.000 0.000 0.000 716.383 0.000 415.984 980.788 0.000
0.000 226.927 0.000 716.383 0.000 554.645 735.591 0.000
0.000 594.102 0.000 0.000 0.000 415.984 245.197 0.000
0.000 594.102 0.000 280.910 0.000 138.661 0.000 0.000
0.000 226.927 0.000 735.433 0.000 0.000 0.000 0.000
