0.000 265.061 402.491 0.000 0.000 0.000 0.000 0.000
0.000 412.159 123.958 0.000 0.000 0.000 0.000 242.918
0.000 412.159 0.000 0.000 0.000 0.000 133.909 485.837
0.000 265.061 151.994 155.085 0.000 0.000 434.800 242.918
0.000 81.633 493.522 465.254 116.645 0.000 676.096 0.000
0.000 0.000 767.406 620.339 349.935 0.000 676.096 113.467
0.000 261.926 767.406 465.254 466.580 0.000 434.800 368.425
0.000 261.926 493.522 155.085 349.935 0.000 133.909 572.885
0.000 0.000 151.994 0.000 116.645 0.000 0.000 572.885
71.835 117.810 0.000 0.000 0.000 0.000 0.000 368.425
233.247 382.527 0.000 0.000 0.000 0.000 0.000 113.467
362.690 594.814 0.000 0.000 0.000 0.000 0.000 0.000
362.690 594.814 0.000 0.000 0.000 0.000 0.000 68.033
233.247 382.527 0.000 0.000 0.000 0.000 0.000 232.278
71.835 117.810 0.000 0.000 0.000 0.000 0.000 396.523
0.000 0.000 0.000 0.000 0.000 0.000 0.000 464.555
298.458 0.000 0.000 150.240 44.541 0.000 0.000 396.523
596.916 0.000 0.000 487.826 152.074 0.000 552.080 232.278
298.458 0.000 0.000 758.549 259.607 0.000 552.080 68.033
0.000 0.000 0.000 758.549 304.148 0.000 0.000 0.000
0.000 282.015 0.000 487.826 259.607 0.000 149.279 0.000
0.000 564.030 0.000 150.240 152.074 0.000 484.704 0.000
0.000 282.015 0.000 0.000 44.541 0.000 753.695 0.000
0.000 0.000 107.242 0.000 0.000 0.000 753.695 0.000
0.000 0.000 366.147 0.000 0.000 0.000 484.704 0.000
