273.613 0.000 0.000 0.000 0.000 0.000 157.968 0.000
0.000 0.000 113.675 51.228 132.595 0.000 512.920 127.089
0.000 0.000 369.101 174.902 452.709 0.000 797.569 412.654
0.000 0.000 573.937 298.577 772.823 0.000 797.569 641.660
0.000 0.000 573.937 349.805 905.418 0.000 512.920 641.660
0.000 0.000 369.101 298.577 772.823 0.000 157.968 412.654
0.000 0.000 113.675 174.902 452.709 0.000 0.000 127.089
0.000 0.000 0.000 51.228 132.595 0.000 79.968 0.000
0.000 0.000 216.907 0.000 0.000 0.000 259.653 0.000
96.480 0.000 650.722 0.000 0.000 0.000 403.750 0.000
329.404 0.000 867.630 0.000 0.000 0.000 403.750 0.000
562.328 0.000 650.722 0.000 0.000 0.000 259.653 156.430
658.808 0.000 216.907 0.000 0.000 0.000 79.968 469.290
562.328 0.000 0.000 0.000 447.273 0.000 0.000 625.720
329.404 0.000 0.000 0.000 447.273 0.000 71.637 469.290
96.480 0.000 0.000 0.000 0.000 0.000 244.584 156.430
0.000 0.000 0.000 0.000 0.000 0.000 417.530 0.000
181.000 0.000 0.000 0.000 0.000 0.000 489.167 0.000
587.703 57.988 0.000 0.000 0.000 0.000 417.530 0.000
913.853 197.985 0.000 0.000 0.000 0.000 244.584 0.000
913.853 337.982 117.106 0.000 0.000 0.000 71.637 0.000
587.703 395.970 399.825 0.000 0.000 0.000 0.000 0.000
181.000 337.982 682.545 0.000 0.000 0.000 0.000 0.000
0.000 197.985 799.651 0.000 167.837 0.000 0.000 0.000
292.903 57.988 682.545 0.000 503.512 0.000 0.000 0.000
